-33.5658507566327,-30.7384896777803,-32.7683899395205,-29.7960359848295,-32.2609148740855,-34.9432830770993,-34.1458222599871,-19.9365204278056,-40.5255087968849,-38.2781192213868,-39.5105586660148,-15.9492163422445,-40.0905301693691,-40.9604874244006,-39.7280479797726,-97.0727303739336,-37.0456797767588,-42.8453948103023,-56.3297322632908,-48.1376347784107,-48.717606281765,-41.1054803002392,-43.280373437818,-45.3827701374775,-22.4738957549809,-35.5232545804537,-27.4761499714121,-25.0837675200754,-22.5463921929002,-19.284052486532,5.07475065435052,10.0770048707817,-7.32214022984861,-17.6891308523075,16.7466771593567,16.8916700351953,35.9582332079694,-9.20704761575023,5.72721859562416,27.9836250368472,45.4552665753968,3.47982902012607,46.9051953337827,42.3379197448672,-47.485166837137,-30.665993239861,-30.665993239861,-32.3334113120047,-30.8834825536189,-28.1286179126857,-28.0561214747665,-32.7683899395205,-32.1159219982469,-27.2586606576542,-34.2183186979064,-31.3909576190539,-29.2160644814751,-28.7810858539594,-29.7235395469102,-33.7833400703906,-31.8259362465697,-30.158518174426,-25.5912425855105,-27.1861642197349
-153.179495325526,-138.96627068915,-148.453108247654,-135.001824481497,-145.465179135714,-159.2804016356,-154.699007433567,-89.8860661582593,-186.855381898833,-174.886633749691,-180.15455929576,-70.8214063578181,-183.413985913864,-187.469416804949,-181.476526879688,-453.93821883948,-170.633658334493,-195.90578428569,-259.163693506062,-220.799852890041,-222.246868560163,-190.187304954857,-196.302329878048,-205.190707687686,-99.8959539394482,-157.320084723515,-127.836329480541,-109.017396220093,-95.9626580462935,-80.1929448108505,27.559405105984,60.0670562359928,-17.1992503759832,-78.5697859503915,86.7122448752606,78.6281637751935,190.630013131233,-15.5586129859423,36.4550656362806,131.259237219997,238.013105819613,52.1074603343898,226.04391084227,216.914176125036,-206.031980888282,-142.827070144385,-140.579680568887,-150.013966479117,-141.974144590734,-128.394899650119,-129.718323778179,-150.120526319798,-148.836991771027,-124.919440262389,-157.580376704826,-143.36715206845,-134.569758942245,-131.418348708953,-136.107759295799,-155.298923726566,-145.793597922549,-137.156772829431,-115.920132979675,-123.270510435758
-271.040526040356,-239.280511679537,-258.731822868929,-233.982196076355,-250.129461620278,-281.728542371856,-268.222919702695,-153.84090997898,-336.526181291294,-308.79583261586,-317.186455235701,-117.956316684681,-325.307071759065,-332.299626742517,-323.078936446934,-844.164665681064,-309.063436422913,-348.856541015514,-465.077817860893,-397.433320562909,-394.489209594924,-350.428024602688,-345.627904896228,-356.627232821606,-170.633766945694,-264.719112731598,-242.340101841235,-184.485826474389,-144.473154867927,-125.154650418673,40.2900125124922,170.423659910388,34.7399303214005,-138.41355441605,159.316262731628,146.706054854487,440.210119419205,82.8173478733128,93.1759637247266,220.745511880303,539.017372654254,237.757780921255,436.02196231843,477.387531830656,-308.999237460451,-261.399811479336,-248.343616761405,-272.770720674779,-251.825227275788,-223.840813237277,-233.702835680388,-264.251301131517,-269.451134737615,-220.83264925112,-281.284899971129,-251.409792996213,-241.017257882319,-230.231670433474,-241.652293680507,-277.817083119737,-258.030476625028,-237.82228472409,-200.934387891504,-212.676112339158
-219.755131967121,-174.920592686272,-201.360050272811,-173.752731033922,-183.42405953308,-229.773462208367,-201.579064902119,-108.516300497504,-284.793450372221,-246.215077829532,-250.981138416438,-79.0521914744919,-264.77322072653,-267.858236548938,-270.546275662118,-784.657885858421,-272.831444429411,-291.160158299664,-390.967821901013,-346.867640159919,-328.266384074152,-329.322078361737,-285.42997026105,-277.445022989227,-135.135443032513,-196.448848912347,-255.19976919301,-165.200380548752,-64.6103772446601,-105.297928008051,-55.4590085633211,309.135576049993,206.313025860978,-136.599212087646,46.2315477987068,127.917840309369,603.733813198579,359.157166155677,111.199852979241,79.1414199589123,710.22875823439,566.608753634773,415.445197341798,616.36454020425,-75.6646271762695,-226.009817845322,-191.814624126084,-233.431217989236,-197.807758525777,-164.675124103192,-193.0924449316,-202.789198492589,-227.101697316238,-172.498196303701,-226.97860662217,-191.232902763336,-197.787505991964,-173.686805641317,-195.121997276792,-227.74257119008,-203.266663052332,-173.000743510409,-149.94298933705,-153.116839541801
-61.6482930933413,-11.7064949573165,-44.3148095422211,-13.6169211471219,-13.6697093305129,-72.1157851880596,-25.5171099118696,5.54425965790654,-99.0965445646741,-58.9264496461871,-54.8997399544377,1.53126222234152,-77.341152511916,-67.6807829091236,-98.5591537476791,-403.360198242777,-130.839255406875,-104.285496417371,-133.872226243541,-159.397509196486,-118.334426667788,-196.831331037542,-109.473007191363,-65.6315226411846,-58.2779819211105,-55.2947494382211,-220.128071452386,-148.480077171836,40.3560407393524,-147.157019612605,-292.660506670987,367.721515722385,430.772103522407,-145.601332715508,-322.396092019663,-26.3756704933605,558.110059945433,662.153876149795,19.8988651557442,-292.064762101026,592.225600670961,850.70658961354,171.804538456373,565.679851021066,368.981376291322,-74.3174885176802,-19.9415601945424,-76.6179857693754,-31.0079384956998,-0.36641159215515,-49.1228353121632,-23.4512194057947,-69.9615016918048,-25.2901181055876,-49.6047480964994,-18.3733560372676,-51.5741736037817,-10.8352250894202,-47.9804887671491,-57.194360574482,-34.8112731920286,0.628190554824096,-13.6497310975032,1.65839461304282
26.3102845526284,76.5500644269863,36.991783911223,76.5341499998502,79.7938104523553,1.38179561834455,65.1981564654835,78.4782399312841,3.93729750545972,43.5262143419565,56.7495035115917,33.5241405995084,20.5719904691456,46.3515509011853,-12.8185164211582,-194.3179386281,-75.5307836813337,-17.4730614300654,0.641766591749576,-79.9047582486638,-19.2082911601702,-146.979718181843,-43.0451873230036,30.8267713893325,-58.0037174767481,-33.9709288284665,-254.40346754049,-238.842416106701,2.57939069212132,-351.478092158766,-518.263620768351,209.625623998729,562.704807763096,-240.123457272597,-694.437303053464,-326.95000192142,270.070931675829,749.826789933525,-127.796569526106,-592.332749861493,172.618783814809,829.613426770801,-52.2073766562831,419.287136342519,655.791974497129,33.0682352364249,94.4678535537365,29.381732612945,77.0591604466791,109.420514862078,46.0677063428236,89.0381691003041,28.2198727350822,71.3065338290653,63.5919437414709,91.4567152664012,41.4569186258661,97.6192689804147,41.3227257434646,53.3980314708166,71.1819059656945,108.348875729243,67.4205083257053,96.6031051102019
72.9584317475511,122.005488083131,76.6427499280728,120.518101191725,129.24853839406,20.9424594139206,93.6068179249963,133.818786502671,46.5316514547126,88.6600413710129,109.945155818465,51.7548964116495,61.0818357536035,98.9657791399675,20.9375672409138,-140.629479969961,-67.5441978398661,0.829782086854087,34.009078319651,-61.0646597319108,10.3960896222878,-128.840692403402,-33.1755225581072,47.2797096826326,-82.56019386008,-68.632731794051,-294.660788860324,-324.90212086666,-120.813387394993,-549.75528156402,-576.552036280739,-155.488444555592,455.844140405005,-308.464991380149,-770.447112509952,-694.00046940885,-285.02787957028,469.002086989819,-180.084509168079,-609.623530928494,-490.34411730797,328.745274791626,-194.35495718082,187.737236958024,714.107813898329,101.672921125962,158.747325737858,98.2935108068495,141.850376220355,179.261105150001,106.657802197974,153.600276664062,83.8498790606271,132.381721106886,129.378265539894,158.253563251172,99.3339772719703,164.788070084114,94.9944565745611,117.641895439158,129.734239912802,167.946959104163,118.5740038461,155.059293768855
156.554297081417,206.357321097119,154.26959642948,198.344163467347,217.388638542053,85.4890218037006,150.553318287626,211.06800501886,127.666117195208,173.241897251574,198.080511448545,101.825913644661,145.688946605469,185.78405383971,101.058163361288,-9.4665350519121,0.867232332289407,68.0057224006509,105.851685454275,28.5586302026283,94.2975462273522,-30.0646853284445,46.4463294450523,100.423288702828,-40.5669478788588,-35.9042901407744,-230.603648637577,-282.562754335972,-187.942417669503,-527.155549664863,-499.554120616866,-522.172303332869,25.6008579017136,-243.308320313264,-556.879984889189,-902.657588468105,-920.515292820691,-261.768720921251,-91.7789785675678,-448.14386338965,-1117.49009057715,-548.383344764614,-327.825268599909,-155.352729049866,625.986435213288,190.970138398549,238.181734887741,195.268962517262,228.451412474086,265.851414983571,195.509252052484,245.044199382533,172.285248860019,215.080136260066,224.847351170147,254.337319419557,185.205847032722,250.112308798244,180.714777894881,208.538974841827,214.997587207847,253.262438360417,199.417087331841,240.481188611331
207.264341553481,256.246595132692,199.06641548128,245.466488951207,268.258512914936,141.307887202698,184.397742097481,238.865724387751,185.467148112987,229.296152346861,247.967465320032,124.03430534794,202.201418876594,232.543176089742,163.145845407851,118.971192713169,76.6165896497142,134.555156066642,155.266967098571,122.634744939354,163.186340797866,84.2622092243393,133.909631070822,133.424177467491,45.8417390363275,26.4327764994222,-82.4041868307731,-143.48368131968,-180.239568342979,-300.415437567693,-360.481662329302,-698.011040456009,-548.187938053308,-131.529485629174,-265.002355753291,-801.691792259022,-1216.00782714107,-1214.27582192051,5.02874331233189,-301.4151531406,-1316.99067057446,-1274.0657972589,-428.586448755053,-504.124097537505,371.83487687536,241.582547263908,272.051507542389,251.908311624195,268.599418767179,297.697324894225,248.566900740275,291.181011215037,230.405864036814,255.06294568302,278.34906509812,302.352797791835,234.431993584125,287.233720779241,232.86625478704,258.252769886692,262.252384439643,295.879247942974,240.639288020222,278.722529240083
179.757887965109,220.519471102309,168.572600858541,211.364732952682,229.844603402397,136.068583075965,159.435401609829,189.35294464866,171.172412126787,202.911241039627,209.47350553777,88.1881219750108,177.895392553699,191.612430971484,158.445425437387,137.717360419653,109.957719189904,150.782850212706,134.396568198797,152.155880626578,162.992665641424,148.43873655601,167.681601954483,111.730596878924,136.245095193248,76.5075736982751,86.3459665173995,22.687185860431,-113.715600574468,-35.9341973314232,-142.276622940444,-648.164723291886,-867.483939740902,-72.5009777932099,-26.6163012112257,-486.325279396972,-1015.80931053515,-1756.68809704747,-11.4683146369576,-208.485154329391,-1062.94543111193,-1358.64737473616,-476.691147537081,-725.72500071991,4.54240514397833,214.066500684017,223.421264434214,223.14439016236,229.467444502428,242.548670322262,223.359612419696,249.433816356255,213.479203886623,215.811648896814,241.439571025536,250.527732129681,209.131811648619,239.961775896498,210.423460410794,219.497377847777,221.798478765469,247.146905371348,201.10018876941,227.183824979338
132.440029204411,162.760090967348,127.335379640944,153.980813632086,168.777038410671,115.922492602817,131.125883750909,128.680634665857,141.184267152401,153.503203752684,152.431182202161,45.4759017874744,140.815804579928,140.583061137907,142.800534326233,135.438153557717,142.524178147364,160.76430453322,122.201899265601,164.701676053975,157.770977228128,200.073680652039,191.968887455259,105.66653689335,220.522155576014,134.822321912207,238.158549832701,163.489006992902,4.16199060164448,142.509870647707,111.469760462086,-451.251837325008,-771.438372753449,-32.9633281869524,121.931169795375,-156.509927491272,-630.886157892037,-1518.38787752928,-128.474501129351,-143.893271997942,-719.495555570998,-940.430723396332,-549.182402909083,-789.425613535761,-335.566639008383,157.992676793133,148.4778316801,164.063026918897,170.829016339532,166.303160554124,172.46742578544,181.67466459669,173.723632832099,155.400093416748,178.666173289769,163.794212553301,163.796666047907,165.451230004488,172.638562664503,158.175001284275,147.045594250637,163.340724786763,141.818657904332,149.282692556951
106.675060552897,129.723080775191,115.545849803388,123.290823225763,133.304203915369,119.011142917589,131.491445422072,98.2140930448145,134.354701844566,132.123397756279,128.09181288606,31.1497689939227,136.945782160649,131.954085867431,155.247583161803,184.000239608662,193.562832673121,191.971188133432,160.271532515498,200.827787453601,185.309316766296,263.833269305408,230.230368522385,144.782707444003,281.799380530458,186.700419475604,350.962202430048,234.885896718854,116.744628176549,234.430675669119,272.139295333867,-197.645872274685,-426.19407770854,30.687565649471,182.830491448105,97.5608279980568,-302.104747518807,-789.191794606081,-251.699365194614,-103.628966693198,-476.63205861214,-436.201062966009,-618.73029808983,-651.37492714296,-548.703177102222,112.940599867149,84.9083255466842,119.396543908967,117.430835227083,101.962770563092,134.956395854129,124.03384518905,148.883400613244,118.340201108342,137.383682993346,91.0478119734359,135.885662273518,100.452989137418,162.204178187443,129.813726634241,88.9164566788974,89.4147924928596,110.179920871757,88.5700871683977
108.004663287375,121.197154451486,125.585587808565,127.258014447244,123.440566687967,144.731556039676,155.070163192857,101.904485138274,151.922580988747,145.698565132054,137.740644372459,46.6758640459579,158.811087787255,156.430878632884,193.511894319456,257.075322716638,249.229576036203,239.159010661575,227.695179767933,257.544831968815,235.807435269261,324.789315560208,269.181998772179,205.087919382663,319.180381459239,213.602369749448,428.569980195409,262.351612859482,186.046741849709,314.788937536967,324.527448513385,72.0927519959826,9.26986505817464,97.009746587801,226.388480921772,318.218629507394,63.7937765670595,-11.4449259538571,-278.184028155757,-25.1706288160175,-175.908929570998,32.07765191893,-512.227746592657,-285.085575435647,-518.504716441754,94.3259643403826,43.803829082,102.643838400515,75.9195300455584,53.3904017742615,124.843930656987,85.2739542284654,148.529991600742,113.389313611981,119.392861298031,43.0690508319122,135.702910566592,58.1079027212256,176.241478157497,135.874066850409,66.5401587259475,42.0606984285865,111.034945651591,53.5360432329093
123.822033722918,121.302177173285,135.353248930251,152.921251795263,124.358068279301,175.531639024841,178.594828617887,119.624426028526,180.490944089646,170.293758574283,159.815594192499,73.0309168549428,184.531466476228,183.506087051708,235.115290527224,322.52576415516,292.311038459764,282.887505622743,295.259230332332,310.788311388132,287.416952408789,364.936841698395,302.045019787736,258.746497594982,338.432608071673,238.543568977425,467.296799398195,305.377455722652,232.94989934963,399.708600931253,353.56801329401,309.129147428562,400.911364592349,144.734694554069,292.07865255917,514.547485639296,462.042168040355,586.122510646795,-188.405328465249,120.019469016098,230.991569132349,429.67590892409,-216.038803694526,110.072761391416,-213.877758058225,100.869054372237,25.7717403292166,107.216242013184,61.9863550133713,28.3836988380853,142.314498454025,69.139749472075,165.519354408679,125.402983941398,110.905245895916,21.6757318942906,153.868145310796,39.8960909834628,188.80982230578,148.861136588066,68.2038067012839,21.6516188675237,126.071260697883,38.7301719201106
104.10646642584,86.1520179225719,104.093556053952,148.629736744694,90.9775012279952,168.654073949316,151.759823339154,91.3440783200879,173.164653828706,149.065823278903,137.665330078517,62.9383627402445,168.094697092681,161.856197734418,230.001986140581,350.356384773237,285.481857700782,274.002159878543,308.377655544428,312.508720603353,287.524223309499,353.336233338998,298.023343322774,262.022735800199,311.133604330088,253.274497751536,437.249251654808,341.54929718526,251.013393708049,418.436187344943,360.483729671872,406.387049723117,554.571789650923,168.210671217771,300.221926749439,579.670671144344,644.231694386491,842.287326450644,-92.9695093273324,203.232061844201,496.459406058456,568.44251958645,24.0702849371406,243.444854109818,108.081835443173,77.2979845263788,-15.2510700041485,81.8027300544978,31.6784103856836,-12.6432701955643,131.365290891792,26.2750163070665,145.254149065644,99.6453234328236,67.4120116121836,-18.5487220981029,132.155728971784,-4.65335778746491,150.785406442989,116.521280809452,34.8243449547821,-24.3036517482036,103.926446861325,-5.17694516276492
13.6699159975723,-15.9295966939166,11.7688349498586,63.5946891463023,-10.8754912869831,89.7203162180105,50.1408392319022,-16.2813753410875,93.2953676341997,50.8136302404186,33.9590088632989,-16.4777734605302,77.7214850646189,61.5112337049896,146.600178208693,300.711988345267,203.458108230717,180.227549437844,221.900160205585,231.140273639792,194.996428020599,264.91018447779,213.549259614468,178.849898043304,210.087800620134,198.754795692694,335.417169008163,292.314215950019,190.624056686871,334.342356415295,283.579509195557,300.866520422054,425.736138938391,150.198525116662,200.851783754964,431.088797330113,496.845714541211,686.229052792862,-94.0118721773508,125.88601523462,437.806142583742,383.499205428186,16.8328377635178,55.8610297595951,111.155446686745,-29.9659998148875,-117.999794779124,-17.8834188109185,-72.429741774437,-116.495696926813,28.5331676818581,-87.8640643957735,37.5817203295805,-7.09398492351414,-43.5972935980167,-126.029305063103,23.306542049256,-117.796700485869,33.6499476414268,8.6781119943976,-72.7897599644531,-138.073690579973,4.20274750535778,-116.516758847512
-99.295023314621,-137.320917083797,-94.8886776989823,-66.1321485860217,-134.106545740905,-26.5450940653031,-73.4225298310162,-143.717020697655,-19.8839608477764,-73.4428917068872,-97.8431870289782,-129.522760048286,-42.4732092608389,-67.4249796356203,27.097615739688,186.477235587511,85.6937485462134,44.474398945698,75.350078104303,102.726027838027,51.3841076204748,135.664198726498,70.8986609548762,38.5137302432649,70.9926215801654,66.9240141254456,210.094875623723,156.035193745402,51.8530076131299,210.132707412524,140.953763709017,58.9471203408454,153.382965791309,107.781328897516,86.1978810544663,159.643683051868,166.076708753226,297.291544473238,-133.129891961452,0.974191530055693,174.965307866992,51.727285143098,-138.79873573343,-251.80390194403,-244.174310795348,-165.014983634477,-225.532447009974,-146.339068966928,-198.749667213691,-231.971517750524,-126.467112756722,-210.080596750123,-111.823778302726,-146.90147132777,-170.46261970132,-247.995952412686,-124.202657545267,-242.255932255621,-114.05431887112,-125.295232766683,-198.065179915432,-257.450582385801,-130.233477734862,-237.277350458567
-157.397391102143,-198.381169024832,-149.667232727414,-149.522941537258,-197.821366591383,-103.6231036212,-146.03379985689,-207.964240407712,-92.933143151807,-145.990546557482,-171.458894200831,-208.253295385068,-117.717158660511,-142.269066259205,-53.8934705855058,88.0963483800489,-0.214259600999156,-59.1305378156414,-44.4835871620268,-1.27543283501049,-58.9960565929683,35.3902571017776,-50.4171824456862,-84.8630480627407,-38.6211684075327,-67.5736200184043,111.409929861399,17.8745632394725,-96.431698458786,121.587275458355,12.6060230241749,-201.105308921765,-208.970670392551,95.5959338112222,47.3162987645835,-48.5378357136682,-195.98292334798,-73.0975672358996,-99.3374758570359,-27.8842451547833,-67.3759840038405,-264.534310170994,-243.02824039459,-449.585867325964,-693.32828355409,-218.735296621936,-250.711440247524,-211.261437660481,-242.75738003817,-267.169230924694,-220.949187863058,-242.981553596981,-199.197047209039,-222.508705284943,-225.712563551324,-285.083584186878,-212.021026721296,-287.016117400446,-202.209880752002,-202.538194408885,-253.414548330174,-292.279192471039,-208.634470175284,-279.893596870248
-160.194427579282,-200.185066622924,-154.178019089526,-169.221745013581,-201.89799504589,-125.715795787733,-172.099262590842,-199.071077341349,-115.666383108548,-163.132698929771,-182.195968132687,-240.393763882676,-141.320230288863,-157.657018915807,-84.4347911444818,50.2092298791987,-42.7233483611837,-113.81749835523,-109.683078265643,-57.6352430206114,-113.287898310302,-21.6195884417463,-115.346422262429,-156.684877839126,-102.752042273196,-147.129616775391,42.4178505848923,-63.2493547604767,-195.843838810741,72.1428626787681,-56.7782069822701,-385.716883107172,-669.792889460029,110.839734977168,54.9182997246952,-110.408409556087,-507.861605549879,-334.993363926424,-14.6051597885877,11.3702975605319,-192.77254374379,-508.66334951391,-263.615640230115,-472.335633870888,-939.629989387028,-188.259536246959,-208.345623160802,-197.740147467049,-206.664709062944,-234.421674876329,-221.667269314226,-203.635969176181,-197.689172473124,-216.427795126939,-205.173796979818,-244.233146411293,-213.072737768508,-258.688504845352,-203.316597524626,-207.38754668591,-240.196918078853,-260.458029503818,-207.839155512958,-257.346185828597
-169.414675573712,-209.313705926662,-166.935121440108,-187.03136140561,-216.004575960645,-147.594438492801,-219.646124129158,-146.616829648227,-135.463800431604,-181.557092795491,-192.710348721985,-266.295365384612,-164.816936883197,-176.677989509149,-114.894023613216,29.8038021744961,-79.999073816403,-152.647667367435,-153.212821503447,-95.9493772460391,-149.228631166336,-69.2216282524579,-150.324947911452,-194.043447028787,-149.74866257142,-175.535625664458,-19.1874640813952,-88.9609780616779,-225.377756661873,37.358145269273,-60.3472537154734,-419.315579824718,-1012.57960861384,102.07472937721,56.2730905990472,-75.2421863332622,-629.564053801821,-455.81856656336,34.4125056999049,39.340350157545,-205.985672456637,-606.133639875382,-258.38400963838,-392.675337865733,-885.727740182514,-162.282943297082,-191.296742312415,-175.934996600785,-184.071053473189,-225.45822320468,-200.426277117415,-190.617205114482,-178.669050598028,-196.361275016871,-181.497652721103,-222.720152787063,-182.470435745461,-237.806458809591,-170.369613765118,-186.369621551539,-225.476832388478,-244.942277548445,-178.067687069292,-249.254387777103
-214.442340818404,-252.077058593832,-214.166133419846,-236.273435332627,-268.906329165958,-200.004474470598,-309.933461068267,-87.2429838959012,-177.093529292218,-225.917020720979,-233.749879278163,-307.920727706472,-211.670881871468,-225.696454665133,-171.591965473386,-15.2373410868487,-130.77164970716,-191.495644208528,-193.91582587079,-135.315455945655,-184.574233720102,-118.728357941112,-175.352688116782,-211.23136447819,-188.535381412484,-169.083265910475,-77.5380874710343,-75.3711275491475,-186.139284750671,19.5720683317531,-10.6657891949928,-294.077712424265,-941.645815702141,69.8438319684944,62.0329376838438,-6.21645597596388,-474.456854591708,-370.631377291613,48.988603076176,73.6271081902226,-126.119104561358,-504.774662314986,-199.482619984407,-278.357843444069,-654.242077708136,-173.557386466409,-240.085858757075,-189.127349965613,-218.364113103073,-282.98343004546,-211.813811244605,-245.978690924476,-204.599684776356,-202.884968380964,-196.560810591645,-263.429271915295,-167.565632430851,-255.969889484077,-159.83506790484,-171.936511767847,-233.140494754151,-267.348335778802,-157.449973636769,-275.250465054095
-259.088629122031,-289.370212165293,-254.006684689288,-282.775137627224,-310.99967692176,-243.476958461318,-368.136895576667,-85.3538918198673,-213.818864245401,-261.207695407919,-271.43052578632,-342.506220408136,-247.729913723769,-261.647061324186,-217.374341372228,-51.6446597764965,-167.310613000025,-209.505270607656,-210.685985449523,-157.945703276097,-196.072884478712,-145.321214469932,-176.124855098583,-199.445304197144,-200.93719602026,-132.041541146546,-111.182773945349,-34.2755599245755,-106.796471576699,29.9488243190101,58.7475026426095,-107.676884264302,-514.915721531909,64.6029496726306,98.6049474275784,74.5601832384206,-183.045338232224,-113.301221310348,84.4007677406941,151.835559313937,10.6094820706239,-274.19376940435,-41.5577610857152,-141.152384982568,-383.760129214022,-168.241998075093,-296.149119363876,-194.652417291667,-260.757202629164,-360.452502564124,-227.228875104415,-317.143529818151,-254.350420824544,-212.248271300389,-224.809564347585,-305.819176690242,-166.975397086305,-262.157088886325,-181.95377239741,-162.637161480937,-222.956750479418,-273.265816230806,-149.174349436645,-279.826718591791
-259.079170892419,-283.294998934591,-244.054142833609,-286.784600795861,-295.788713654268,-233.971741056286,-330.841098122888,-152.024153573304,-212.176485681196,-251.829789428006,-264.682446838052,-338.354279326454,-235.438099469611,-245.91267298372,-207.807930580441,-34.8083029005884,-156.479841741265,-187.233491618627,-183.946419738077,-142.41603168587,-169.026042394847,-129.729019662326,-140.131522965057,-159.417964493964,-180.510833420209,-78.9641678935517,-100.349605549591,18.3831559859006,-31.9952987889716,64.0643534936825,115.14695416209,32.8472271271468,-95.9287145282339,101.410947208152,151.18026718315,155.698661555445,42.505149056096,156.058917792913,142.895717727986,240.093623531234,144.341412701409,-43.1803701922794,149.767051642006,0.0329607968521133,-115.056608197504,-115.663339396533,-297.245855318969,-142.288648403737,-259.643197388283,-391.879399372751,-202.557459819372,-334.623614048385,-269.691078326381,-209.563335618067,-243.448962969217,-280.188273440649,-174.508195557979,-212.145431000892,-219.18071088619,-160.622769841322,-173.934300706211,-221.757027136989,-158.441880673475,-232.128381986773
-242.822788490119,-267.081922735164,-225.786839248365,-277.396853512957,-268.968920400133,-211.705042283803,-268.136829118692,-225.036908653595,-199.868695638107,-232.177316504633,-243.611230988457,-319.525480513072,-211.007861547919,-223.171766365041,-177.560627311385,-10.768148734684,-132.675124681464,-162.16145121751,-156.316777891153,-119.788544798749,-146.715243870435,-110.245238078674,-111.237841958507,-138.676910071008,-167.110989282695,-60.2495769634681,-79.352727901534,39.1902803808971,-10.3470165984101,77.437399954127,126.811867966865,80.9246169467966,72.2260804919279,119.10080564426,162.204037201387,196.364058067717,132.501966811367,283.705386704916,160.907514070478,270.872914779504,209.87140191896,82.9884134276071,250.396789809993,70.3915557953569,81.5482653120455,-83.4120392636048,-283.996641950141,-83.7279861941132,-247.02079327076,-395.123377923447,-177.708937113934,-316.175099403924,-268.804298686838,-246.031244219015,-292.364151455563,-231.494479005719,-226.456785673719,-167.518772505238,-276.821704260202,-207.89205690912,-157.767687617499,-172.809044954605,-216.696023701893,-202.716942999649
-269.365936875785,-297.469625151037,-261.510428982251,-310.408654943797,-297.77704503632,-242.194287440998,-278.075251872536,-285.242209103756,-228.638677896935,-258.560901956349,-268.241008713951,-338.76524540959,-238.844276202494,-254.71532662547,-196.838099926041,-48.2973468322479,-159.149237690877,-186.799715335112,-187.257269541283,-140.729951032505,-178.993682253312,-138.333601225737,-143.554491412574,-176.876271805956,-202.723681383062,-110.745818325089,-106.114802155291,-11.5095852661719,-60.4721341701569,23.5916107845006,75.0840487265482,43.2132567420647,40.361692558948,61.3448741129584,98.360111992069,157.347471663131,109.822451314205,237.179826427838,98.5478855373212,219.253653120489,181.401367195897,71.2721676741703,228.536355924497,24.8155806514737,114.628122135601,-137.859751010977,-323.088563681178,-103.143038632616,-272.897062699068,-436.531626995577,-222.842345160077,-332.618152395015,-315.409513565332,-350.53510834143,-384.061810350589,-263.90932440956,-336.581038799023,-218.438906936982,-359.22268708025,-322.95252681379,-243.362717019209,-216.846714723254,-325.222629343089,-270.000564399335
-304.805168200663,-338.006333875653,-302.789771389734,-353.983278672563,-338.501656042838,-281.442924157488,-312.232234215771,-336.940222043499,-262.081894254437,-293.985665612822,-305.4211486963,-366.432330237244,-280.224789801693,-295.043733260077,-234.987621587461,-97.984988793006,-201.63533340631,-222.451008882374,-236.20263758586,-173.477053321052,-223.155657611148,-171.69321723273,-194.887238716513,-223.253705043425,-247.4453344296,-174.324876626556,-150.504918173965,-89.6388399502596,-123.217369637368,-51.4636869963273,1.3852832339966,-15.2642517822332,-19.7368501667233,-17.7147047901288,14.0567386637829,78.419522042806,38.1598358669065,121.390955952071,13.804101977581,134.536248762903,106.37858929331,-10.0240446671716,162.383058703156,-66.1703349591379,38.1444203766402,-218.572462989053,-373.801121421289,-158.310712371957,-291.182324252617,-489.010741104296,-287.66872892782,-366.856707611395,-363.267059572065,-421.93840849451,-420.302581682832,-350.964572249938,-403.67640206623,-316.655536240542,-395.154268375665,-407.364652429974,-352.453553128336,-313.00631041437,-390.170624331801,-371.83106833912
-278.059979632344,-315.706835526069,-268.235983635319,-337.20879445154,-313.631681365574,-249.745810717518,-276.768109560834,-348.446762578207,-234.185516424056,-270.675840553486,-282.984888134872,-334.915751355079,-255.662360301192,-272.762154114132,-213.653720761102,-81.730505104379,-183.71482437169,-203.262872310939,-226.84226208363,-156.35086165974,-211.384217749461,-144.290656467858,-193.259598953284,-215.351202045558,-239.512115561999,-183.019837614817,-141.941448040716,-120.227990334623,-133.579590817373,-69.2842991157009,-34.4699425708992,-28.9032873830974,-24.1739723900338,-35.6266235130733,-21.3953176261719,37.5835856246299,-1.96577251888023,52.7884881085219,-17.8680091242714,85.6586523887567,56.4094610981254,-64.3052246496679,119.367466197637,-108.469680301211,-16.6919937100997,-220.124665590481,-356.031494788758,-142.738086023457,-233.635105373058,-465.549477086843,-261.453009858068,-342.629687685534,-309.711456572649,-359.386389416455,-341.526738987846,-369.065784613903,-332.677198483529,-342.955947410521,-315.907874293479,-361.030359665926,-366.530637894614,-342.774905204834,-332.769734863501,-392.388739772966
-212.545497361458,-249.633154875337,-189.351564203574,-273.593861834636,-243.552866533659,-177.643890523309,-198.208058570669,-314.217914858809,-173.790878823134,-212.91242574174,-221.230831842338,-263.871592588956,-192.390060518353,-214.056143386872,-155.564899957362,-38.1744272106782,-130.873610909229,-158.025668179886,-181.408581435406,-114.770667261454,-168.457010770247,-94.1243553059917,-157.445875519922,-177.482728522664,-199.74248818215,-154.45020575359,-104.079464916653,-102.061807890726,-102.310993460194,-42.882929870387,-23.6383135162115,-1.07334213030456,9.5582204876706,-9.43601734378086,-6.32034771642573,52.2810444269749,25.7371788535488,50.0405824536939,-1.78525177612412,94.898546285053,69.6874277759208,-48.3678878085165,127.364137222146,-76.2467274127843,-7.12384847801411,-111.919578293588,-254.121593852046,-28.1145789819681,-111.730243531925,-348.3542797009,-135.236811983944,-242.997082462424,-162.314378066448,-207.22485027392,-213.386968358281,-281.896437182158,-178.915783381367,-275.236019393413,-166.295638627459,-229.273524687196,-291.287967047209,-281.059339528687,-205.675847029172,-325.01760874538
-139.436490713506,-170.319804622109,-114.248248023634,-193.22598298214,-158.585116744303,-111.426444646018,-120.057783675694,-245.548759440675,-114.750609299004,-148.101977986128,-151.329354286673,-189.875090566227,-132.568449497101,-144.704423625729,-105.542478341847,-2.00003937329382,-90.3448965028343,-115.607147139189,-131.544399206,-78.6649524868553,-123.525858056096,-62.0396287909571,-114.182043425045,-127.608496164633,-157.252056041572,-103.411121933561,-80.3866203450684,-52.8039072539722,-39.179240136321,-6.81544166737988,32.0566206982846,56.9280044524284,77.4410141292283,26.5228428112431,49.2152021231016,108.96641540847,111.213468034185,101.047710130864,42.2138437170741,159.068601926741,153.251842900412,40.1389904607576,214.73912453239,27.7490032788896,65.4748099733743,92.3162259756889,-67.8677226768868,172.929591367561,63.9922166936894,-157.452701527668,56.4941796703498,-71.955571162159,28.9093870041613,-19.1082258613263,-56.8979406452183,-120.686218583727,-5.4550201468092,-140.194149372011,2.46421471357505,-76.883790030994,-164.027938812689,-161.512302010714,-65.4656904246551,-202.222161316374
-19.3812284072101,-43.8795745576467,-8.77718541526814,-71.1849991377807,-31.6509432780899,-15.0519085655031,-7.3492510936483,-133.162255353437,-16.8636956217893,-37.9825976265709,-37.107032259619,-84.546237672545,-35.3668032674071,-30.2024440111527,-28.8414019936106,88.8584470436556,-27.3731094061663,-31.1887512538608,-36.3194969703449,-7.96870473243916,-37.562875823673,-5.77992744008909,-32.8767013752914,-29.5535938059187,-87.2797984189723,-3.11510567691027,-37.9255094348382,34.8872128372343,72.3668800222542,55.4382345218971,128.571807147952,157.269102587754,189.592232534067,90.3721736208832,141.52753405278,201.893619126963,225.005656303052,204.107953808016,122.017510101019,257.155355554032,272.187677876023,168.19283799575,349.116500248256,171.009581282504,201.807411477717,327.619650559469,186.062484529274,411.513245854129,290.522539520275,84.8583977383095,293.991450228341,161.322614148448,247.329328317868,211.852036542788,161.579854842915,87.6919236107981,207.104109252194,40.415206761453,200.977762421332,112.938685772878,19.1901541680702,1.73844229542784,110.082412843358,-24.8330315424011
120.325618284033,102.026949402449,116.222744086557,63.7199180481698,104.534051737037,103.905318539744,124.572089262121,-15.9864609968267,104.477246427873,91.5619767922437,97.241499354003,40.3015063586058,88.5436077313431,96.5397652582769,70.4378571168526,222.285155801626,60.8227825714172,76.840872998942,84.3762809293103,83.7029810027378,69.1698096809576,69.799650949109,59.8923117327168,78.8389563954026,-9.79137910692511,96.7068465061939,23.6472744006305,113.829377193891,174.008769399182,118.843887812434,201.976836171735,252.450441014257,288.580371013737,154.602848187452,211.30051019584,281.123790939694,310.733051242473,292.640596815311,193.808792030982,320.464295804804,349.470351246889,261.541683239629,428.43432551894,266.843419018725,325.239058239399,441.747764052441,391.235661319962,534.359621798552,448.938523751026,289.349544355169,460.835736119886,351.499214682077,394.989125361747,391.551186720633,338.844873316004,266.810984961694,379.075516819883,176.669769955872,351.931608451236,289.456819895934,187.656791222711,148.099609592116,263.530937626257,142.450744474333
179.431047471107,172.249425182643,175.401342384038,125.729611908607,166.451421935517,162.894604424826,190.316249597078,37.9930634405313,161.068358286454,150.721367730486,157.811858701547,113.561961606798,149.945389076551,148.224617257286,117.422252435659,279.85422007661,104.34736587316,120.694954021641,136.323318080271,116.960522049854,108.471152599232,94.3313121189962,85.7939273702815,106.790397256662,14.7940877216947,109.606973024264,41.821866078248,119.769738755705,185.421541433838,121.673005399387,200.783615285128,272.122112263875,312.447313334548,159.190148961959,209.214644053138,289.101398364346,331.102716426742,294.953809029814,199.820770222721,310.157787980541,351.779946398716,280.758869751192,423.5748566606,273.538018172012,339.621540135702,348.95438819889,429.681858124975,432.563357599182,413.403680301183,367.960796167481,422.224808846701,379.965664026647,352.907557758713,377.212239940541,318.522211819068,344.574674799232,352.999009471168,191.941464903626,315.046301993342,319.382082476351,236.207790486401,198.72680845584,248.949830282223,211.481737499018
158.093291850276,163.423184800621,158.722179318415,114.513953454458,164.526283370733,153.324561061557,184.526020102605,38.150981461171,148.661777518479,143.850169205723,145.42252811185,129.823697162232,144.669083189084,136.004111043372,109.735496745898,249.542507145574,95.3894210910516,103.880476724149,119.792776981989,96.3954379715459,85.2583989604712,72.3408572158498,58.4100886689475,73.7968034858391,1.52357813270174,65.3785607612631,17.3601255599056,84.1602551360966,138.579757096513,83.1908832396533,165.707374138791,235.250939273557,289.05014166879,124.863366540171,174.962052592151,243.47383202305,306.361028760487,250.934271693791,167.202664529297,270.431685390406,316.967898595368,260.38895135629,393.12601005271,241.295446251281,282.081090715303,153.282769049671,349.563653397385,200.907491993722,250.38342702607,362.679154682282,227.951281572507,282.209106886162,188.492954291095,207.076423988108,140.190058099168,365.129069988988,161.851526856751,151.154646267332,128.697364127342,196.374796008943,194.886033006659,178.962523259421,61.6969220009674,211.360243227838
153.089244417059,161.654959900854,149.864220989375,113.67860960127,182.108242685858,158.347994950587,190.079888249082,46.3175002442023,156.847685712805,159.328241816955,157.306215792524,150.870146492914,163.04714062209,150.749052462508,127.334194479616,274.020865456891,108.625690357956,114.978915504549,140.306633956039,111.351505997081,99.1573162813705,82.5565342920046,68.8624973322317,83.8564544370345,14.0494483870388,62.944275028097,17.6443094156064,81.1633003042301,118.395885721567,73.7542030825491,139.916099546243,201.348221229398,274.521425367856,116.827924836306,145.012142667837,189.795608377122,255.894079414436,230.108681119941,145.840217873067,224.906136493988,262.164772190527,238.44746299372,342.252466033599,199.451052439399,278.613501969686,-4.87156518524332,290.472456211147,-22.6678052577804,107.859753947609,383.67919965632,18.6981360737902,192.277763117848,82.0599512386034,54.0322282112979,-1.1381270564841,409.022463061871,22.9383379406194,156.294680247066,4.68615685827718,84.5246819831702,189.7784575966,177.050796336548,-104.564861274806,237.521826916641
215.766781959444,214.64129649807,207.875728451639,171.896095608096,249.567281817572,228.609470013128,254.158758013523,88.7848294633136,234.827924598374,235.904488397477,240.216533553716,208.600149083245,247.728587672726,230.62751714197,209.73541323913,450.15433121979,185.489608809288,195.818095875184,253.223707482625,205.361752887868,196.853474505919,162.830466044634,155.209382894601,174.726590023986,68.233733226594,128.399397133018,75.235970113945,124.323928631398,144.572944890294,106.898184240184,114.486916976583,177.971718889015,279.032797451559,150.725519045576,98.8573986330849,142.946734459329,175.062479813701,224.757154896085,131.810072358146,151.436144071475,163.824525628328,214.634350461196,234.315076077016,119.50284964792,368.485766817585,-91.0082772214843,308.487945394765,-216.104119721278,39.4818997560631,483.15426809919,-140.145025107575,198.705178053922,107.34482829675,21.9149020110756,33.2895566906693,489.121656289078,56.1417988557106,233.831591790852,60.5086173347811,122.021184010226,299.843836594306,234.349616781568,-80.2849292006551,339.034449412263
294.69391515434,275.109539183831,286.903926152611,238.977619707702,305.538913127502,309.333674560045,321.926294881226,128.167595998944,321.506255450359,310.731441203174,322.326137135731,264.569422252321,329.514968645152,309.666297830002,291.863497005103,658.917500371172,264.765645815217,281.829298002898,369.533682102175,304.415669313207,295.944724798241,250.422905981821,242.137648200857,262.034626743065,115.066683453211,185.232247085004,142.762203860771,158.900972404158,161.003541092899,125.440865949599,84.1631575417932,122.864915920972,263.237148368995,179.705668385934,38.8054893085043,95.8258177794579,58.860890376912,173.722979494288,99.0620398091795,76.5431500236879,14.8326378260348,145.194252280365,102.412601385155,-5.45747036658661,435.883563336082,-115.384355475052,353.715428554984,-356.248158261466,29.1049089222216,606.174342207305,-204.140478899042,288.490813313698,194.899817782237,90.3025329423825,214.403287766921,561.564880338368,154.025340067634,357.506175832252,176.312381092027,249.466020071113,494.732143944659,320.716886622125,57.7630849235841,485.745001542452
300.686378742683,260.156225985762,287.40778091241,225.725621267291,274.963262266393,304.836197626897,305.501535400159,109.031310775939,318.975135173611,293.328428898144,303.410136289578,260.199376937245,314.092943961915,294.86514009696,276.840456614439,686.679061719371,255.488505035415,269.478990941126,357.647411304241,293.409655490757,278.329303721138,247.675186136804,221.402105583176,236.148116617663,98.0666599194131,148.841935762532,149.716916823136,129.096037697234,106.186068560787,87.4367398856177,75.4106118569152,8.0945013134325,169.585729898122,158.630246789211,30.7821124074207,46.409149567664,-82.6570330296033,28.9698640921251,53.8481912386011,78.8377879382593,-144.183692968597,-26.1605832573779,34.3030452739916,-126.582329344332,338.690453479794,-80.4363215766613,352.979894547781,-350.49824871257,29.6609782215751,631.337207279746,-136.590271029878,354.251413851242,237.352169063739,171.463250305727,369.575913031839,553.541800229012,155.18522518703,451.553638366759,158.187398776827,282.146461395432,640.137873440961,363.460570099198,74.4390615452993,576.767724079923
228.429859783382,173.477140150501,202.771274797759,138.812396088792,181.768431220437,219.731110598838,216.541885002677,48.0984143524482,229.166996929132,196.031666072581,202.680539543212,210.282406870097,218.881568095269,198.274269033034,178.898595980167,523.556936531119,174.93457547862,163.209132631752,236.078540399357,184.562173039198,162.310730437035,163.521416360578,111.475513515368,119.725143216322,40.0268754777777,55.0815944544472,112.674049168627,73.5425578480062,16.3407613748155,59.7688457931813,133.071087802897,-95.1282825476708,7.56729512121787,128.346356024835,146.080606904357,48.3344251715644,-170.049002300399,-173.119562722569,51.7384353521743,198.783864725973,-204.08822689974,-246.291297886132,83.5620036776206,-170.371061061877,100.953774959776,-30.617276681434,280.694916577191,-213.797646669444,-15.9227299217656,518.667067102702,-12.8127290337927,305.478921701151,193.505261143544,187.650726377844,363.764883775178,432.327650935661,48.8313232822308,435.800570874511,-9.40631647828533,154.937819387693,621.228431219659,327.88198164789,-98.5775495851023,541.805119545453
159.398257804851,103.635122880806,127.281429157509,73.8316663743552,116.798564410698,154.143962872542,149.41858591101,16.3743665801975,147.466625440937,120.924194724763,130.713233559896,184.44335128969,147.0925870221,119.525039856505,105.414662360918,363.590658605068,120.00991134719,80.1763545709606,145.479267016196,105.852369693307,79.2272917218496,100.79286201337,41.283514917101,42.9297914888738,21.3330897400252,22.8612214143085,111.508825543137,90.2695098081919,2.94285163151596,141.767537804788,259.723497408426,-56.9821764428861,-112.407450103979,162.124776262299,350.664915192105,178.82419832993,-71.851616586148,-300.652098111824,121.173718085125,368.279220166228,-48.3623503718088,-322.26275391169,211.692362836766,-103.699932360406,-107.651433039499,-62.9979211111438,159.774912120314,-145.738218492111,-115.410914676694,358.32527353911,25.7982053470581,179.745627464554,101.886883168853,122.966358124504,245.963882368547,261.8330927611,-68.0179857534446,333.053922151836,-177.373217625905,-11.8468867820332,481.666372904976,263.408810018654,-284.778103452631,432.156765529671
126.220206355045,78.3565558768538,99.4885833054615,56.2457340066007,92.8370002153681,138.768685558577,130.576156607258,16.8723972781802,111.490529027229,96.3798688591488,111.521855138815,187.613785209417,123.646372825352,88.9219845222199,82.3591212616674,298.795562543714,104.500114282812,66.1375088638991,129.786462089473,90.9958531861041,66.5474984178382,80.1344686019769,43.5340961619563,46.8377050724888,44.6503505762631,71.9694843462968,138.00666033077,170.085205089056,85.8887261325746,281.436016207636,363.516114092838,136.245968342317,-82.5236209310366,220.54807910131,478.584292193203,398.784969272642,232.379486764415,-216.940010613414,182.472244941125,445.450594990282,297.084296372085,-108.597447150655,316.255331601039,30.4709828595003,-186.516174618202,-210.921979400461,17.3215398170647,-277.178404617285,-233.807223904849,213.191210442903,-58.6633696624558,48.7839270211775,6.89196487305985,13.4322094051673,121.353361043912,102.644695623537,-138.817485076309,218.449390608021,-248.292222535775,-103.627612848904,341.140423397443,210.373658592187,-325.096950697103,326.956830800953
89.9836178357987,46.1227641130744,74.5385764680201,28.6419132901292,52.1296837050076,114.238122704717,108.849904222193,-4.27664519964301,75.4780970457699,62.5281945803239,78.2748003804734,172.494159228852,88.2057544016408,55.9492127368414,42.2476886035285,244.293336664585,64.0029145384957,47.6977611030229,113.779714898832,52.7521788264188,46.8304561203752,25.0946286730655,25.9685917818223,56.5725225355693,28.5227004526481,110.093644263868,103.724798553922,196.102906251218,169.06879573174,314.759435071923,356.932561319813,354.920575940667,113.308347376013,200.2103615011,408.772701070768,551.929956406132,582.915786892258,125.348794481141,147.050625147316,370.704568208089,646.60691137127,327.451243053269,350.784993907381,180.893409300609,-162.98966377416,-339.357860345951,-114.285366717581,-441.718773428172,-317.849030455034,45.7939343451876,-160.790835045113,-108.088265017726,-78.4259455019128,-79.4954331068837,-4.42344392795948,-92.120839032945,-159.890480654199,94.9016454184865,-244.559158718949,-116.970122263786,235.494189771076,133.928046274233,-236.768204322476,228.035699588848
54.83628169801,7.89597930221841,46.9130870360636,-7.58015953391999,0.522826943042419,73.921388852956,80.0026599659745,-32.7317930679981,34.7609111421182,18.3531659895628,31.30303120441,152.45830553132,39.1878154559209,19.8433471459776,-20.6327831847372,156.016003560768,-1.01022213499571,-4.83122863706963,74.9950471313503,-29.2649428273284,-0.323936675331024,-73.8086858607468,-41.5627496136756,43.0881479383101,-48.4098499083102,94.8650290377084,-1.92532452538365,127.319038283061,195.703446684162,196.317484404031,270.673098417354,488.781162175993,404.875981566188,112.655261977216,222.987166742236,540.333888631092,790.718149593528,626.960921531933,61.2849690768081,245.224478784925,819.116017081786,752.790732218355,367.406933163797,347.6959215245,-59.1944742546697,-287.685057975308,-182.129335538845,-389.715311628173,-298.037542653766,-151.01674328644,-174.067551896071,-298.390232435931,-145.817701158018,-100.699878551606,-130.491732184835,-361.441782177897,-134.450390410493,-42.729387686918,-216.243424870376,-72.8014566676057,160.724388337834,26.2648290298121,-110.320429230053,132.83090606494
65.6399052405257,14.8565672894402,55.698249973116,2.19772174995367,-5.30224373374382,67.8555075391557,83.5252989218769,-13.1786709677756,29.9155464043373,18.4522078653724,29.1628110332974,172.6988631038,29.7489691357805,24.4102652570789,-44.202535771848,93.4581119367209,-37.1678730639112,-38.2854003648886,58.756698363875,-83.7512032666796,-23.730889835001,-145.02473210775,-89.936759634612,43.7756363570335,-122.464931466846,62.4921309623629,-108.070019855158,33.9387744913518,179.285095583509,36.6118075885243,166.55635690328,511.198090646062,638.805499756694,50.9308832425033,74.2627148385193,395.750914029038,779.92748127757,1023.80303592753,35.0968809238741,177.914436712019,767.86731265461,933.121822245816,407.676557469281,514.06698242337,126.556692875675,-103.962574165318,-154.875305569454,-153.818022709065,-164.509404612716,-280.126861426386,-125.810468153746,-395.206883589183,-188.037368180802,-56.0759877593135,-164.801620518519,-570.695201979568,-86.6822716788458,-110.391144854851,-187.273282318461,18.699372477824,161.555369129448,-33.531585749782,2.49088993919858,94.3674563904465
127.061527745668,70.1021753086703,104.339734582989,61.5432666158578,41.5308247403541,104.104627570074,117.883453571329,43.9295077762861,60.1497500407999,63.8067906745476,71.903826296914,223.328418630975,63.3263119519501,67.10333520413,-13.1390870514427,88.5402867935973,-36.1591118043788,-26.6628184255677,72.4057040782959,-76.372488298219,-7.06854503428743,-153.877755149438,-76.2288434270224,62.8124047679941,-140.666021331719,41.7964960821049,-172.400877065779,-20.0830393444809,127.479334924919,-60.9089909890902,50.7663390402881,429.759681927551,657.84787127662,36.198180303848,0.381595414849303,205.045434084097,598.759353535468,1047.39701345583,96.701219900758,155.384325876205,585.516287766465,802.023070807092,451.841642795163,601.662768112679,339.436262210327,40.6268781066145,-47.9885518408127,41.6748941414807,9.99540515134929,-242.701458856866,-112.822068152994,-271.708396741631,-207.44171171405,-9.08673907454844,-41.4500729277802,-511.502106354622,-52.3843095467334,-18.1110829807797,-143.825801930269,115.746449646822,262.409274009722,26.5693462284576,102.073606200446,149.410784344434
210.299805091929,140.247280590587,162.800149183719,131.951293949557,107.264935893734,150.419275404486,153.309259307312,96.0995324084192,95.7818448682946,113.540285821395,117.825859397009,268.053553090968,102.270989494518,111.364341287378,31.2914074883036,100.704845600232,-21.3065430854334,4.80831455771727,86.0333449285084,-37.783679878833,25.3821448446465,-126.579766684177,-29.3960405912587,72.5444009907969,-101.769870530531,38.2326026078235,-197.37696394353,-27.1768603891216,57.8521738443289,-88.673622639643,-55.6485672004844,283.581089609458,459.292997609809,26.1735242227863,-39.2526440958496,38.1577541968316,359.088045130282,686.177279610049,187.821796965681,125.113587544097,399.36274643324,495.571082156544,469.158918424237,546.625458446709,484.393693628003,88.3662434843903,85.2140475993002,103.607941529574,156.573979273325,-70.9724078630491,-171.528545072273,3.19552072529485,-222.529240692791,-39.4746886137225,147.341076972581,-184.440199039928,-57.5907701102048,190.270238234719,-69.069881267703,142.58341662679,368.772506750033,187.944877381542,204.518824149544,254.695199817707
281.576558919194,202.94817700019,205.084869540285,184.088162464234,167.320575084721,180.37319619078,175.239343883911,137.528968277691,120.235463166181,144.050777154274,148.43956220666,296.745561130514,124.708224648716,135.422678111564,53.8272563295371,86.6331765197409,-7.88138124762419,28.2300992212827,83.584891420213,-9.45991796870434,47.2351794775043,-100.698166164982,3.21991184316295,68.2605649299976,-43.6726756985547,49.0986517124993,-197.091377992493,-15.5792898348895,18.7176452047153,-97.8806408266611,-100.900459200517,136.812460019962,188.198494117826,-0.190096691938721,-65.8909149653095,-86.3450904803273,139.037727801562,190.591879453607,231.736299219193,77.8121514573481,233.058543693507,189.231492374153,423.29553285218,364.154026558627,489.656764827056,89.9576764697784,171.527453979368,88.7492740966792,239.064734702422,90.1228160012361,-249.231115025225,224.426129386974,-242.427849062946,-173.502296679971,231.627732523377,165.994224591101,-110.486323923273,344.046852703086,0.136175136836905,54.7701378044465,309.557565565819,356.650381982919,304.998715560544,305.462003208518
319.950703874797,253.489421924957,231.121180034521,213.577086808439,215.140729479052,192.751384453458,188.9962866783,182.716647330423,135.794037437529,159.080784135436,171.606337372939,319.017104836737,136.851973975095,147.120274653415,59.5903416087425,58.8925380014545,2.70930856804584,42.9508588531338,76.7862498268416,1.73427417053832,55.0159801271521,-81.2407045007361,18.1693015390058,76.7147711645659,3.51728365173356,69.7718295141873,-180.743361162031,-10.8976726581157,42.8867166066108,-119.286996446217,-80.0778089027289,37.3518035629252,-13.0923511196946,-30.0904909048065,-77.1554197464866,-175.105296283281,-44.9306386400311,-183.438746908673,201.809130305743,24.4976947681623,45.4211634764793,-31.0706559559867,297.677235968462,150.911860976998,354.346622965477,101.584739234414,194.734435285222,83.0164907009917,258.183714100022,159.260309978677,-232.712283040039,295.540473497258,-209.821993958202,-282.558358027281,174.265907948949,345.863621711962,-142.266191411174,322.184154297332,38.8640681140495,-65.7452374828444,19.5819400467279,446.774041504308,386.252135642606,219.199926574596
334.399676233004,297.993397468947,260.472292800399,236.514692219174,255.571229350663,206.268037350359,210.794144147753,232.550854803854,157.779790553532,177.273069330314,200.106461305915,342.575457542952,155.821114008648,171.190162483385,78.4938035813636,56.7652443870344,24.2345591336574,68.8301584864417,89.8455441959102,21.8796452528294,74.6737975251542,-44.8259882172308,43.5475613465001,116.577216629545,49.1039282079509,98.6954186526255,-147.283195489735,-12.6927323036,115.280939789348,-130.892138785903,-38.9246547008001,3.02224566821588,-93.0619389825348,-44.1742790089134,-68.2173256862356,-207.872397690716,-165.706264629479,-346.286332396637,149.610747632531,-14.5996803038228,-116.664012087221,-132.418066818457,162.776703643817,37.8949925062103,177.345595241254,161.971164559132,223.735677963821,153.92482584054,271.376787441247,198.668233988642,-66.391689714124,300.525388756666,-67.635166031463,-199.780503039793,101.25304693236,386.59542992509,-52.2388684361997,171.187899018831,99.6711676426375,-75.0783956454485,-360.613780956082,445.019193313769,432.186487059608,24.7040362528885
339.739089740948,332.347725161483,294.759002940175,261.54955077341,289.963005041009,228.967835429667,246.193100805074,275.00315413843,189.655729028842,204.646767793232,232.298947520475,368.564723685066,184.670475154021,210.271674144296,117.800470508418,76.0970547675955,63.8248845717057,109.976036313632,124.011533978597,60.3235091284967,115.660727434031,11.1016237983855,78.6331865233458,165.981577117189,101.258763987783,126.511374092651,-89.5314959570286,-9.58858584573771,185.418964317321,-102.718662177498,-5.96935453461543,32.6748796758926,-78.889688242664,-32.2795401854391,-36.2846661056248,-156.508380758786,-169.193852763954,-331.962630287774,138.033188350238,-11.9911744841296,-150.056948973455,-97.8287281570483,119.225581962487,86.6141379927632,105.611836047878,264.743560210467,298.960165277841,288.97119023595,329.513308693816,278.485580803147,157.1814487779,333.640183998298,131.225547706454,35.7149671482722,112.759204417793,396.460559361249,136.645126054664,18.0140640423785,221.298377685068,42.8219977205707,-622.629207339416,386.262729749856,440.650616686396,-150.812204258034
331.883527415231,340.132743622727,310.580808491421,278.177622278512,306.896454300442,246.413384923396,274.932419490375,302.785496085774,213.425017672411,225.491002776039,252.846362943056,391.549843530687,209.147057831761,236.820780757692,151.377335512438,80.5540827145377,104.376967695106,146.568091422818,152.476288575708,95.1574056757521,149.040128779537,61.5784197870621,102.19161950738,193.745506512211,140.740634168344,142.861339736463,-8.60482397916183,7.8898369015351,214.923727604137,-41.8845334767984,28.2955743188988,109.01921110654,-4.18073995861309,-0.164714757181233,8.11735891230351,-47.2375654242498,-48.1076456147261,-201.108868530466,158.965368411519,24.4029785009669,-53.2333334204433,41.8338078692689,162.787330553224,225.452912374703,210.572613757755,352.16392388897,367.583337829062,398.514780977786,405.475729240229,363.719543478898,317.857316381714,382.702456069156,291.286841441795,241.995150546381,180.536713227786,401.265165829661,302.49541273931,-53.2834478883942,357.663489127066,177.218412732407,-666.721120331925,301.12086826969,434.237965718916,-216.390845046529
299.420166822252,316.782684739783,290.362411279911,274.328932546659,293.52481930639,242.231367725153,269.427168226984,308.945943285179,210.380694671211,227.48353853164,248.429620247535,396.204380771839,213.606311505641,230.930351052041,157.841517707521,62.1141436258784,119.290368949025,162.315976969654,157.973957366082,108.18520484266,152.10275328336,87.9879048576713,110.971155452733,196.082116661944,148.658843583386,151.946044017772,61.5288452611269,39.8802805726957,213.478836566307,10.4827743664135,63.422268592645,195.693141134029,136.177449574322,24.4876425915418,32.2039451289851,42.9393915463501,129.452000542199,-20.1130010709191,152.664799176426,40.2568999195441,60.9439105621576,204.248697004563,193.552484470121,320.700765100037,415.083996721667,378.934673823772,370.676322469625,427.336177281603,435.023390799235,382.832077143639,393.506963500381,393.764231761997,379.824013572043,336.263702429472,237.825657710569,376.089611026816,380.172900175475,-27.0390088002345,435.616040720921,253.647637041006,-515.734072625159,216.32718039674,420.202061123053,-188.041280411669
238.902735082564,267.8238151792,236.545897385408,241.666939562383,246.686084543831,208.257430713847,225.186100944755,270.3397196678,172.071396875131,205.25029139502,212.348196980421,366.285426844169,188.242089784352,194.341616960773,134.387797517438,29.2789177429458,94.2337477223836,151.213919400022,141.357227317211,94.7174070608441,127.719837549503,82.7407033495343,103.019989468374,176.6740445108,123.825905773207,147.078403416922,75.1847892266539,58.4437065683479,200.772675933503,14.9086865436127,65.1867448732969,246.056978593779,327.700438333703,9.13308230381949,5.54298568133751,54.0985742790089,267.851747803475,124.684951759582,89.1335860540389,-5.46001524326885,99.1310287620765,309.578819774534,157.791864925249,307.247116728165,558.394841002825,351.030758764706,315.352674240906,399.699720873231,391.071613308111,325.62636223431,406.949576990204,351.870499086225,398.006697264704,352.655115468177,259.843898380572,317.275497729018,384.185285819618,55.1814528796318,421.738956222426,278.766052115738,-260.716640252489,158.440772620372,374.254194578821,-106.434389522845
191.4225629155,227.865611633198,193.578417556181,210.443767070674,207.002645476103,176.486095016153,195.285426438289,203.44086922042,136.191119207857,183.483685362457,179.912610980235,334.012970557542,164.398619191696,165.197756915287,113.677555756905,3.23252096380176,69.6742085810566,139.243113917034,129.793394488959,81.7303451987043,112.721587692827,72.7891126563738,95.4680829795331,157.606530641964,107.100428233726,130.368769787732,63.7564781707115,54.9189918868789,187.074453451131,-3.27124426211627,36.9353450336438,246.863994228651,501.912076204404,-21.2959488502439,-37.7645695452155,11.5661818036838,322.739569589066,189.407563031706,19.241422914108,-70.8270001215564,87.7369331505683,349.759381659085,114.292888785216,244.93024605903,562.095869474619,319.629584752663,265.649956884199,376.894020942862,329.713245839006,263.078609149798,391.940792684641,307.047539807621,377.67461129879,349.16220403858,271.866234401758,271.271110060467,368.823786467801,149.65056428124,366.86089190398,296.569434565651,0.271105586765071,153.133357524765,322.775386974174,28.2729320010064
224.713180913929,261.287988224318,227.34594685969,249.171584338183,247.182769342255,213.02048675269,252.286440840523,192.235830677968,177.563274266842,223.982339887249,222.395839652574,370.991214734176,207.715342469852,207.542533906126,159.089772194215,37.293463602589,117.412787276101,180.99113267968,176.05008412556,122.627036535588,162.539256777491,114.643689395637,138.220909442839,192.60683186128,153.379842221099,148.67262228697,109.348275357051,75.4389801383524,197.315266718405,23.4231569355846,40.260028364553,232.383635285705,583.746258013665,1.85393765471801,-25.2881445525735,-1.64814856074734,319.422696880865,210.440970806952,17.9108909150709,-75.4501589934281,94.8919721465815,364.640259739325,116.103259282656,218.22449267109,488.129054254813,334.925738476575,283.232489678666,401.910334665233,346.811850514713,285.686765390579,412.110399218379,337.610087381147,400.222714764921,382.574056108569,322.943970807217,306.298509928934,397.421215868463,260.43576448138,371.650757100041,350.802108595961,218.590124146575,221.035288922089,340.868869351048,204.943436606857
301.287281519565,341.404350300084,303.18977763135,332.834664192336,336.392608184923,290.188517542978,348.29070363121,249.944254996564,268.020455331368,305.070871846126,312.540408515084,451.436155173806,289.495396648085,295.36967189331,246.488070880042,116.95081941096,199.600737310188,251.169618365246,257.222008064524,189.386101616348,242.391950868136,178.789314103924,202.664680863803,261.97328784155,212.166802315909,191.687848045491,174.965172563518,107.125591006479,210.416337808121,64.5347020280317,62.6077965645585,198.430980990263,505.985980523204,51.4530873799713,10.1675180817847,9.02675330526828,257.300557043618,185.203624186092,49.6728868899372,-53.3719801669829,83.4540200994589,328.576065294917,89.0296404874421,194.001551967131,389.750413304003,362.584717570303,337.856497252349,436.106601221235,419.067728922855,369.954441249046,461.221245130043,421.384616373002,465.643538000768,436.938030702104,393.101713203871,386.558324876095,443.44630963655,354.504846157741,427.399250795597,406.297158863546,349.240179537991,304.130554108275,396.853890982504,332.345989707186
305.29841788908,352.472041273316,309.75826015305,349.073510566291,352.049461220299,298.003703203943,352.683954608594,285.814153661849,286.091170210411,317.963927551714,331.537237946909,461.0346037172,298.487778837626,317.084885235826,263.77382716831,134.7254856075,202.809949093401,255.184879561484,269.570847359383,187.699254343652,247.726858713401,169.819917688358,192.680156057533,265.56523492445,186.87030240637,173.011752339796,151.090884725799,71.6439712836557,158.85365051199,28.9826836474096,18.0405876840162,104.312453580266,283.789859275144,32.9010661224927,-28.5068282331003,-43.3471870818343,118.968946082452,65.7072581072188,15.6179643495472,-109.557716642072,-9.25057073046439,200.191472064682,-37.9673114897602,103.854696541544,246.594562409316,332.292096938909,344.680850755616,408.509548171035,423.534134943511,397.081862864249,450.811428376588,440.98601776262,471.693754983353,433.82742740039,403.774918246993,385.225681652743,425.736481205161,347.22209705147,429.777092831205,387.988024969793,349.060779013604,294.688227761774,386.434383662506,324.716773051578
232.699521429715,279.650748797165,241.229699040061,287.89512658904,280.980801971333,228.703264024738,263.083974058679,269.522972219077,217.967818790929,250.610589984573,264.454074933923,388.152736615844,228.330076390587,255.14799608573,196.043460992413,60.4636775730693,136.363576874671,191.072444867477,195.161503448373,120.26576471618,177.874145499807,98.8517466154878,120.25977488773,190.653717970142,118.790943346465,93.7074213514171,64.9728648466967,-11.4289923175161,51.6719569031911,-54.3641955740435,-82.1977174992486,-10.0183123506353,81.3408843082278,-36.1122125838008,-115.738743120622,-145.473736196442,-17.0688488571495,-81.1430706436615,-65.6481809200031,-214.515284384828,-119.139515271736,58.472279496317,-180.20198769154,2.57001893067594,83.2481344600458,263.108632757623,294.073534483821,331.430022011498,347.661044849621,340.951838555399,377.68296670932,370.404941712538,406.104198194487,380.710019718616,358.090256743645,287.715341647669,373.059117130904,253.979060601748,381.842085916258,325.993963821561,277.809916073798,201.400836879833,331.047554254242,240.331123840854
173.276008323955,216.838534299276,183.80711872609,237.075793614585,219.864586282439,168.560022198372,189.844668134087,254.074306659928,158.581943003535,192.949339002952,205.353844653484,324.024824224127,172.644473289917,197.382142611081,136.774791859981,-19.1220638122381,95.895138545295,141.235919644304,123.561598892409,70.6808947950161,123.993486064461,55.6402214874601,80.2240533231696,124.032573264883,111.227663723878,40.9711041253795,17.6737119600967,-50.4918692741916,-39.3324717129011,-93.5185945670861,-152.136104300117,-64.0022207423808,32.3340535424359,-71.824877397246,-157.205603183357,-203.062924800636,-55.2549076969271,-122.38077646926,-101.860424825034,-254.49768351519,-154.852908443791,10.1326768003994,-230.651950893181,-20.4073877775913,-13.2120075374869,223.939044216928,245.498551272201,271.410290764389,286.752036366268,287.440122784245,330.729525711541,300.384318701226,359.07058605085,357.258225685548,326.646362643444,211.404992311035,366.636374381183,191.699665489037,367.668078695406,306.197183898062,246.830594215382,137.303573770859,319.120158185902,200.148561038567
155.048265124573,201.799330961854,166.031085701558,226.126521766953,207.346942795871,146.726880596761,171.730147905359,261.352567775109,145.758335362655,181.22070467595,195.02530483736,299.730440542334,164.422250014399,186.876579990446,125.620262857347,-46.1934652522588,94.5640581649721,134.128669737045,106.618171890825,63.324552056915,120.63655208007,51.297134376749,92.2424255166827,109.933897699078,150.391182091191,39.08766792886,-2.51698080008612,-35.8737426671474,-85.4232880453456,-97.7165655774173,-178.837406646688,-53.4012065916385,84.3609789638434,-80.432578686608,-153.364177502199,-200.705271212588,-17.8602158284846,-46.9845914090967,-90.5188537371379,-225.573553541832,-129.240473368781,44.5641010718903,-211.731332057769,20.9447251183899,-2.43262593707027,229.60466209723,234.626314819586,255.969380086023,274.090330900318,284.033781929581,337.996911180619,284.707515265498,356.576169321746,373.73243905592,321.94910154805,219.301912044119,384.435399326613,211.769335098554,378.646473826232,324.104030283817,276.215238055331,149.703366098495,333.1320245738,223.704507238002
134.722503562655,188.089806185136,146.800988406421,213.003815414337,197.854509409478,123.803948873848,154.550277588472,265.731630433999,134.373613320315,174.018130454963,192.465284058226,268.383002491475,156.081913407799,186.213676335555,117.106883901854,-53.3193182143667,77.9415576914758,128.552849240358,108.619143651909,55.1671420129747,126.433059034158,26.3301840835975,103.95279462048,116.882189729975,148.726260023746,44.2243399490232,-66.1372493419571,-29.0059578005634,-96.3578396875403,-131.65352990144,-202.340342843944,-29.3542704345655,124.604346987907,-119.46955261866,-164.167295487259,-187.625964410553,13.6692534642801,40.6377809824647,-96.2494084509599,-207.07298300603,-101.158370509693,85.287349382447,-198.16648501577,57.3959547223816,59.9331866194987,235.420291833354,236.005227107096,254.344823336181,253.500468842276,283.182520955657,337.216310367196,280.09339064289,334.975663077664,362.729142438148,295.561440049053,246.483426444176,349.7551534505,244.859902366458,342.952592450682,307.982333509573,299.847868292021,176.54227256346,299.442458995209,242.040371655327
83.684101676924,141.78060017316,95.4484654520505,168.691610341695,153.519232916465,75.3681034748813,101.887981104304,244.573690415471,90.8705229757495,138.769289079968,159.381765560446,205.789531902149,113.834192110244,153.249443316789,77.8249026559514,-91.8746139479704,31.2280696650927,93.5951624428991,79.8038139627321,19.3887220392225,103.298158928638,-31.5699762172478,81.9261398072774,105.315262620434,87.7111462660912,30.938881753533,-140.813641259953,-58.2589176975685,-84.5253325810112,-185.060495156425,-220.568710586715,-37.3314685719275,116.260559878721,-174.840591646202,-192.932953123387,-181.404623132514,4.21281444425378,55.8016664870757,-130.235590228911,-220.637118015154,-96.9237682295565,87.0517044476476,-209.02233977387,52.9714466875693,75.3828428007902,186.454464774099,192.334483151196,207.142125611381,176.058454209081,222.470727742757,270.011281104455,223.153775807499,246.315729001675,277.497117799423,218.184990932682,206.801994702951,250.120488058197,210.682660834089,246.489686778487,228.550494815256,265.229915572963,148.524557224827,208.89690254214,204.811093484223
13.98629477973,74.6846283534949,22.3041320574877,103.282988316367,83.0795980897081,14.1324204951966,32.3577501594067,194.092369298437,29.3484682037934,82.390272226733,94.4101717230449,134.128893734893,51.7862270476192,86.1952755770037,26.0326203002415,-162.078837062265,-11.8960666639522,41.5939815619536,15.3625029531623,-22.3186733058419,55.4415620556524,-66.8349495702279,36.7271746255243,65.196034877784,30.4031299031422,5.12045070425007,-120.109929404022,-94.8706173977677,-80.2234524388017,-189.852206036103,-207.835005530547,-92.3469928540401,54.1221686440282,-175.246228022582,-196.402601304887,-177.66522696793,-41.1382084579703,-9.4510984741345,-146.430956540796,-228.848690201797,-119.818480406885,42.2539551391517,-232.313068269001,8.83352536148436,-0.846213161653575,70.1155637190904,78.3993779487192,84.2289056994109,49.3896283000891,100.830199002644,142.442936217246,105.92435446549,110.595701646686,139.066910973656,104.611329309772,95.966704269874,125.278250309692,115.091681172571,123.573610682767,115.924207708256,178.5384346697,64.4129223694199,98.9957576856,120.626929571572
-56.5055610432868,2.69903306625249,-48.4993902139581,36.330023736935,7.7894141054995,-44.4447854212916,-32.6130368668724,124.7440118056,-29.6196323504946,17.8355421489288,13.4630366181322,69.882606605083,-7.28334665294029,10.8253642627491,-10.8356501696441,-224.185482822545,-29.2477262531842,-2.12160512848363,-54.1915220529695,-38.0981564731857,8.54638200826493,-40.5780269598731,-1.05800624131999,5.70210992051376,29.2133546665105,-26.4686111782734,9.00380993416834,-101.042351616885,-116.084059953968,-126.629321052539,-180.53828797476,-170.501767656772,-82.1497355552775,-109.55526434395,-171.940794867413,-194.484210396347,-122.535905766308,-117.787383139719,-129.402141287824,-226.982506738115,-173.322381452819,-40.1075321178688,-274.843724075413,-63.7661607523991,-122.007827635363,-59.8363584963032,-68.5528676552097,-65.2259164769801,-85.0252792366824,-38.8130877458651,7.21803992485697,-30.1802401380098,-19.0457002925804,1.07175697364443,-17.3803707490423,-29.8974937759734,2.36199468089879,13.7936382176953,2.26214345356444,2.57508356038129,75.3909252931207,-35.1421129959014,-10.9204120683966,23.9195788472569
-122.119282540856,-70.8027203002321,-108.090214228456,-26.6155913099886,-64.2819108413489,-98.1939692738813,-94.9190770174293,54.7313717711448,-82.0347435948086,-49.1809406876893,-65.0033719949684,9.99315337451137,-59.1434117398968,-51.6473401022745,-30.7634090606755,-262.816632798755,-29.7828705551196,-29.9596822180792,-109.902386775329,-27.8571146837473,-23.8201049490185,21.6078377631561,-11.3846532810956,-58.768329401862,75.1049548327785,-57.9093615926335,144.260172734904,-73.1787736411349,-176.55253607108,-43.5760463353328,-178.389770188636,-244.895504850093,-270.164291915304,-44.4135673921295,-156.85798787835,-248.084483293758,-234.145890363698,-232.832799453099,-111.768593310116,-247.084433463856,-251.656210704211,-139.392610875706,-339.29231852401,-148.69414259155,-223.479349892549,-131.131361005942,-190.414757740257,-153.270741472268,-182.715132892657,-162.687361659112,-83.741386852595,-145.092204764759,-102.729005663477,-95.7367864205314,-122.151747861,-133.364144874885,-96.8935429238674,-64.7615918389561,-87.9588742799643,-96.2648272057311,-16.8595165310148,-122.362122856475,-107.850761725623,-65.6358389285099
-183.231673582856,-143.826093668666,-163.599113545494,-92.5955849597219,-134.884554144435,-152.372601120912,-162.302837327098,-8.40515685789976,-135.101796998528,-115.756937364808,-134.945730353054,-52.0330953225675,-117.152954291012,-108.261373403581,-56.3937430132441,-314.156356428565,-35.4798318166134,-58.0811478538159,-171.392770427536,-24.8185649014747,-56.5495138976402,60.5307133135891,-11.097542062312,-117.504613413125,115.943562529034,-82.6184154779029,201.247407988703,-47.4392840601978,-219.794490107316,6.62799268097271,-207.72387254143,-311.530176650838,-434.970676827735,-29.0464212136453,-158.254919108544,-316.154140110312,-337.401694323164,-338.869426649257,-112.792859274455,-287.81515046724,-328.589686011716,-234.448502784502,-399.006471825206,-224.065311612806,-304.348181420772,-133.667829204307,-267.694728875696,-158.588042333666,-228.194415003513,-264.760835154557,-117.434211608177,-226.956927841526,-132.738967394163,-141.379312331825,-184.672949900708,-225.278957247748,-139.829011656995,-128.249022475899,-118.915367821949,-164.17353578122,-89.5729342228041,-200.08602065853,-155.938746202764,-150.017580518349
-232.515841624849,-206.421140897118,-211.089407243622,-154.019384159127,-200.331059980115,-201.973560017358,-227.06359608343,-64.3857295018721,-187.9308049246,-176.789065823344,-196.986270018722,-117.491127302613,-183.471938606823,-168.917928554665,-99.9397716960225,-396.151512591417,-58.2191772643659,-97.825286810388,-248.023248506962,-52.2469874814893,-102.846048799894,44.1125067924047,-28.7345833921225,-162.252191647793,111.258130739259,-96.4990512429301,176.916338982395,-53.231873643214,-228.436418579315,10.1591354106846,-237.747839113825,-354.795059640109,-521.773982135707,-55.9693948496142,-153.76524074903,-359.065015162279,-391.883931721702,-416.094865765095,-119.68842478703,-311.45518496542,-373.648228566406,-312.456229968012,-430.943062450842,-273.155104164365,-385.135956973592,-109.218329507698,-313.265649347148,-125.56658672546,-231.253808603891,-343.770172671947,-105.114533990753,-267.200609741511,-122.137815207592,-140.048938676937,-186.278819564178,-316.224620465375,-116.3476018759,-181.250429834685,-94.3323445592174,-180.645527004938,-137.212106139666,-269.166081002736,-127.909166031706,-223.944555309062
-253.925338909192,-239.926373921767,-230.370157312215,-185.773248837588,-242.611085489665,-226.003904907372,-264.666137907864,-103.145593195957,-217.549395935592,-214.922712328807,-234.882861720469,-176.427107986556,-226.14384821386,-210.06328607939,-137.41603830461,-443.889435939114,-87.9202918043704,-129.667547182389,-295.918704966348,-89.0202401853162,-140.181326595295,-4.50327836279561,-53.7537226781131,-179.28462575738,69.0252803770534,-91.9690932213483,100.0112996292,-72.2860684121044,-202.156980609015,-13.4730949135134,-243.858207594633,-353.469703422469,-532.806445813148,-102.832760340702,-151.369800777816,-368.141027467336,-411.964780454611,-437.56847850984,-131.020528526739,-317.132448000183,-393.232503244444,-368.062881432667,-459.016126471447,-307.215105647714,-429.804143926132,-71.4406394333163,-328.550782972939,-60.5697119969322,-194.524809399399,-390.289323668776,-42.5867114340888,-253.798853269012,-90.3789195181673,-97.3858919177759,-138.576526710352,-379.825469704303,-65.7870546030949,-211.216351815509,-53.0130308130442,-149.308770578117,-155.708078977795,-304.003123485608,-59.3087508161214,-268.583019240407
-249.539046966944,-239.987661078623,-222.099703130035,-184.571289418582,-248.626224788697,-220.649863993964,-263.32876829248,-119.343095810035,-211.387371328271,-214.123258419396,-232.478539167782,-221.710161407163,-222.24401314657,-206.543909222861,-143.386295127933,-387.046187863809,-108.166151173238,-130.398037790611,-277.21598038964,-99.6981909624499,-138.952722446959,-43.7117554176309,-54.7717109015494,-161.252619870486,23.2713193512486,-64.370517441769,-0.234628557878204,-69.5915053776559,-149.271723668405,-35.3927329012189,-234.591576098208,-329.290065454269,-504.16682968939,-153.454036784516,-182.510469305398,-364.99395789478,-447.047910125532,-414.812248152729,-163.080468341577,-348.819878514523,-430.429869476673,-404.029143758486,-520.943355811978,-359.77102867477,-393.750170303791,-4.54059417526533,-309.372486114101,65.7706806051663,-129.905418897328,-413.958309006504,61.7626006735511,-215.697690996694,-64.6800956182256,-45.8988572790548,-101.398992594434,-399.749930698707,-46.3992460425114,-223.184960073373,-40.6064202348117,-116.589236475365,-170.652339031925,-297.184229301489,-31.652118149705,-291.502584785487
-231.565062207921,-218.204586629174,-205.550709668545,-164.182913532745,-219.688832996674,-202.018472820213,-233.397983488678,-110.874685377739,-179.469694057091,-175.854455039123,-192.605079177831,-249.925626399764,-185.393070323379,-164.654166169263,-118.098595312709,-254.719197592931,-103.664110645124,-97.7244781487123,-205.642145568739,-73.4482666819506,-93.0515053829643,-50.146291436466,-19.1591905148676,-109.429882862803,14.6600133056473,-10.5372106663317,-66.8584802457154,-22.417622700148,-78.1622888894846,-22.7031364065685,-200.657756281916,-305.508418763862,-441.763705822388,-175.025088902705,-220.208921019995,-343.686148820885,-487.85086016229,-370.249940055943,-193.321605092581,-388.779744935616,-485.691676316803,-417.029808955664,-577.359444768742,-419.374330199866,-297.448935948641,77.3215745308177,-265.761035101191,218.710210178418,-63.2085272169217,-426.571008133522,154.506648549144,-196.984365325288,-56.9362493608091,-25.1370404833966,-118.188077501073,-387.868452350207,-57.5838611826839,-236.764803116347,-53.4099636965425,-111.938272522947,-209.833863966089,-277.540858043304,-62.455161869019,-315.245489310365
-198.082725818716,-178.801714614739,-182.416691491853,-126.650352723075,-163.344291819555,-175.056652472898,-190.668256814714,-67.1154423277709,-132.919052214745,-118.399603052161,-129.144159574735,-246.889220482433,-134.548835538713,-103.787229733462,-77.9305655145232,-140.819043547534,-73.0630871746769,-44.0806857297968,-114.767259366541,-26.8889162721696,-17.5022114935759,-26.4946862705095,49.1513401452088,-25.1748261856191,68.2975651216768,76.6067559613091,-50.1533230878383,85.0134020907821,21.4102428380324,42.4978143570087,-81.4097621954994,-254.585160319625,-312.290416586202,-134.391010888906,-172.742297229217,-264.795513451431,-472.135554525814,-281.606230268856,-165.675517867021,-333.249588489358,-499.293293185122,-396.865694878241,-533.460875397967,-416.016292523385,-192.166615965251,125.704808960783,-208.40502131277,298.049099432359,-2.39269529299199,-399.472430897992,182.256252479583,-185.053217014641,-49.1784248866374,-27.8954130589,-150.096473698382,-337.911985757649,-38.878419035371,-239.829488242528,-32.0191136555665,-97.9161235612205,-246.680040123059,-255.434398226358,-66.6618719993079,-324.650688156338
-157.201707231446,-127.8896088062,-149.273508942768,-80.1659475202991,-99.0579445347626,-145.027943782962,-152.976029473641,-0.908296566621512,-92.2619844789216,-70.1582825152489,-68.0071405075737,-211.807338201675,-87.2323129750413,-45.4911640900739,-47.5300497545009,-101.348081974445,-48.2731722566756,6.16983232461634,-37.8076085996784,11.2804844287361,55.8309303879451,2.17261560805136,128.552516196728,70.0661876009404,150.26199266225,180.795622549634,9.16811141962302,231.332898734817,142.344719400503,128.076979445611,131.557242726504,-165.787021149684,-149.406637595616,-55.0393082081267,-9.85929047651419,-123.625210568349,-397.731067634869,-163.085382760707,-80.9442956683994,-150.312521703936,-443.328036309614,-370.908079720411,-379.388961329533,-329.986521354123,-119.917487509013,120.014864648062,-140.897113667803,262.113952868699,51.3194230892808,-310.382161382262,143.021819937974,-143.656207447541,-29.1201202809973,-22.5256891091469,-140.734996959837,-239.538981702394,26.665381577463,-207.235295974502,49.3772722990527,-38.049830768617,-233.620832493563,-216.824391827351,15.556868300857,-288.627801743148
-135.729001346582,-91.116615368895,-124.957083902826,-53.4232843319309,-59.2086157219707,-132.609484942433,-136.784990167232,40.4690524765485,-82.0347545656422,-50.5679177352737,-40.0472819947118,-177.83078048334,-66.9338140071951,-16.2057961231481,-41.0143900420433,-120.997079007243,-50.1242926662475,30.1002514913858,-5.85471615846563,26.9143980548874,94.1584565072823,22.3026353205109,179.347455495703,126.862950610468,205.583128845045,245.338974217255,46.3519076599555,333.139680295043,224.565820664632,183.94206921177,312.570105820588,-92.5527882217411,-73.7867341511297,6.18838930911879,159.32542186553,28.1406737586322,-317.251237776615,-131.943214113883,-12.5078019569119,31.1864302589324,-339.713368137004,-394.227522720826,-220.347422219777,-249.607721152734,-127.581477473928,103.340428065815,-75.5865654001274,192.647126476634,87.4451089821953,-208.553802839826,84.6962951296015,-87.0658295858101,-8.52722058384036,-6.57713028476379,-102.73239393791,-133.912736434034,83.2380372770934,-156.086034532676,132.808194851451,33.3240500022216,-177.895864529909,-177.610692359162,120.133220903851,-223.162783443723
-143.075497036876,-93.2316244206532,-129.623232648905,-64.7359459991318,-65.8882756087248,-143.385259569292,-144.928579451645,27.6897836162088,-97.8874326560537,-59.2365188600618,-55.4245125870344,-173.496491333913,-80.3951492854391,-28.8592419297686,-46.9121344043507,-153.39943805641,-47.909271981182,30.3004269629345,-23.8697208440105,32.8766608630046,86.9493754736114,55.5709180738419,181.107348500931,113.546838584252,238.329689091275,222.003320475465,103.373640843572,325.872119936419,224.425908417351,211.231905120855,341.42624045573,-52.5519006028139,-110.063485066695,44.0545796000248,210.895671981927,150.210946910323,-211.50708727118,-223.501054814817,-4.0267653768329,86.5364761918798,-178.546501598488,-422.150532562517,-132.173857402635,-243.743809750412,-221.346457158161,121.071390612439,-33.8252101770254,182.711964190485,105.188620832741,-159.073641012409,58.0622296894451,-54.0851133245659,0.0723541621750439,2.15994174147983,-82.4333194040723,-76.6143143745097,87.0800372434302,-126.127805307281,148.212942156672,53.7941197627679,-134.640301416081,-171.501141105337,142.42978680875,-182.812733697898
-159.449235666417,-121.972186039892,-151.816629688432,-92.6965293839371,-102.131038273909,-152.02297112839,-159.063542435824,-12.6221227343209,-111.106751084631,-83.1977996280308,-90.9105153089979,-184.18074541736,-103.217979488035,-62.9884825338058,-43.3872796051613,-169.73321075233,-11.9557746520951,28.4116923157682,-56.0190788609291,47.6999584844008,53.8570736062109,121.262768975831,155.759279307457,56.8655157302637,280.963583188972,129.577316803711,243.831045113282,248.097766294442,178.913767452722,237.02074610054,269.783319519749,28.0738212012757,-98.4756947688315,96.6568104577326,162.066080369099,259.498108003812,0.615490673101895,-226.496736642289,-13.8666125544828,68.9271664976787,69.2398089057727,-285.347747431944,-66.995143857735,-233.619522826251,-306.525417237914,145.311022185114,-19.087110936585,206.119536977223,108.238691638257,-141.097184309349,61.3459977475857,-34.2671064891487,-0.0307457079856244,0.318685152421556,-78.7532910291366,-45.2300400476234,54.1662879279114,-113.961005634743,99.0754001202922,13.1516083436655,-126.73597738888,-185.102225643636,65.5629289367123,-183.016430631186
-176.498561658941,-151.660075488392,-171.86022223711,-115.512240815537,-136.073506354653,-151.352417317049,-167.584946183612,-45.0711318114699,-117.007310927213,-114.601325990738,-122.425382665029,-190.103110673686,-117.434800123564,-96.1144758013803,-31.0017098952385,-181.432132718813,30.4548487233566,26.1859540203966,-71.7250986157832,64.5334179286417,18.3318884669928,192.594318502827,124.326184996092,0.0970913236766346,314.779130830253,19.8134914909931,394.301400000914,165.47096041734,112.570616432857,234.757099358063,207.324673207512,163.102118073772,77.48526080816,158.319491013586,106.039111774304,349.560791317235,280.61029400639,48.7076465370427,1.24343123513189,94.8561782531417,331.822757697156,65.6278847724092,36.3058168069791,-104.973742625146,-289.050344761483,99.2255897896099,-28.1460918514199,154.798101845111,69.5803705379385,-95.7809062917265,37.100866962153,-0.507141452917846,-10.71793828867,-21.0552275828553,-70.3472952131394,20.7008602138876,7.34129379520395,-93.7644382095034,34.0071225070437,-56.8735264745574,-136.295701560753,-185.825184038954,-50.703339295409,-191.107799337279
-211.104558423212,-187.643948626652,-195.941110439484,-148.158224447489,-167.561020157962,-169.944233120236,-187.394730260138,-74.1959068247678,-138.131689976095,-153.301981840623,-155.200307811346,-203.618951212589,-136.288403502917,-132.121640837788,-31.610264766122,-209.158770587437,37.7980866607137,7.44257057495524,-84.0329651098276,63.7038795298181,-14.7673896920239,227.92266290469,84.4331173655276,-46.8404990302682,301.644430815868,-74.8567353072062,441.045249970008,89.1192234227551,-7.01368024396689,174.958468124619,147.568764045402,245.395157767731,304.133650175436,187.670237831477,72.8762957312553,351.694760430641,452.814951172334,443.53879730776,29.6928793478181,159.056759248692,461.985823772224,412.378034564704,146.644811397003,113.464549573061,-192.648227499826,-36.154126689277,-76.0295713156388,-8.03777235932001,-40.0189601900071,-46.317654935833,-43.426643974017,10.9246990188569,-43.8897508055334,-82.1311966854276,-86.1296437325927,94.6268254548829,-57.6792969838503,-88.2414672167359,-27.5177836253222,-141.628348022655,-168.359978807965,-187.080317622606,-157.014634757719,-200.116276303709
-264.810796137303,-240.656749516565,-237.334948672343,-198.895409304242,-212.356968744209,-214.171646543262,-228.59498457285,-115.389760536661,-175.025101092579,-192.688707172643,-199.45445391054,-234.370737448596,-170.84409590794,-173.696515799137,-53.3579277603488,-243.021377477633,14.3219953209047,-29.1741909708363,-112.742415261239,43.1075970911617,-45.8412400451179,216.640611751379,39.3941463159756,-83.055057705511,244.869419383347,-125.410173073529,387.734796385874,25.6109820313582,-135.31638260795,105.778006384631,56.9436332985813,235.508011912691,392.779172726433,177.869149479143,48.8983126944504,264.397969439444,433.766276134679,634.838781913103,56.9555735804996,198.075909021103,428.906316751677,517.481868133953,218.474628452649,292.346665887974,-89.8145053500713,-178.750701318914,-163.688282885878,-187.544905031559,-187.148401209859,-67.9884576165063,-119.258150683824,-62.3754887525461,-84.6120994364743,-157.450820142547,-169.195942224613,76.2442166343971,-128.616441025516,-145.64031865676,-93.2696954834309,-231.526481679474,-242.566850207839,-223.144315560043,-241.481035809225,-237.423423713571
-322.865118319682,-301.460753943783,-292.047721501256,-252.795445129133,-269.925849252245,-262.515215868524,-279.689721425322,-170.675349042485,-213.209443143167,-233.093363462269,-252.976083340403,-272.338483263436,-215.623217723426,-217.260718080311,-92.8182692772894,-272.502286016993,-22.2621675718765,-82.2782110073286,-155.58205064599,2.52978145005973,-80.091383138194,158.247150775527,-7.23318970315351,-102.660342812307,159.82378398508,-114.830677392604,286.530926783266,-0.43778171816436,-149.985950628912,67.7793548423411,-5.53770469127298,205.116191697574,288.501541371224,138.064689681375,36.4668769450251,183.215771530823,311.59269730236,509.320911833074,80.1184913726772,208.036935656711,341.433535935884,382.293006311874,257.289402119358,344.578158087258,-15.6361955220968,-249.915895965783,-258.525039004206,-281.329457747734,-308.804723730109,-173.206929222329,-126.287972206963,-218.866230199902,-104.13869221896,-185.557691268129,-300.57131286632,-78.8626281033795,-171.273335054932,-266.759771058018,-168.776462038519,-291.62676575748,-331.955769559959,-306.486364163681,-317.388519977995,-307.279250365358
-387.853732896078,-366.146923886104,-350.186663534438,-313.165005249937,-335.316683776666,-315.103462008021,-337.186862065621,-241.407499268989,-262.472918444377,-290.389353499105,-316.586541711813,-316.765049239353,-269.587201774172,-274.511742345606,-155.106091406459,-319.427570591918,-87.5804623028316,-161.168529156486,-213.814325276317,-73.0717027778896,-138.371810197293,43.5022916159651,-71.6876313392052,-125.218118895893,42.974237390571,-82.3822379161335,144.253693341943,-2.11934125705218,-52.076511547114,19.0390901079344,5.51920795179866,158.077923268913,65.9314986759694,60.983549648815,27.28477141526,134.026703942091,161.919963104403,193.980120596023,74.6760281074565,193.028251399702,246.244375087418,151.949369759616,248.851464578109,253.978301501694,-5.25090036135671,-274.728502258165,-335.698507568415,-307.327364894984,-390.778677981259,-297.907874053218,-104.790532954404,-387.612128323884,-121.380837671432,-160.485731563623,-410.646646834473,-300.116333129487,-187.97058621699,-394.751711266697,-253.606546956558,-301.825034824104,-366.060943134936,-421.383124083678,-405.643844162387,-373.458154391963
-468.077113994571,-441.451090371476,-413.310818369878,-395.84180528822,-412.860555613538,-386.037111942764,-406.940016058817,-326.824948002749,-336.445432380005,-365.408246879058,-391.242670602793,-378.933013699182,-337.430273982948,-355.010949903002,-241.606948854079,-402.775759203186,-197.336140647063,-266.429126243832,-302.769028343204,-191.36134179455,-238.100968766338,-117.307147256415,-172.61805988959,-190.123176457823,-110.250250670167,-101.731914261657,-38.3526217747076,-43.0942231533724,-3.35502719955528,-88.4718915394363,8.43815052773731,26.3647115465692,-170.729206180135,-50.6488205728694,-16.7400265844223,29.776647587379,-35.193410425842,-139.998215448817,12.4396545778747,116.075822649566,73.3997320309102,-81.1619854319378,136.657155675104,53.8761484535359,-110.061393821312,-327.520345620938,-401.15506882123,-353.580240223904,-457.594877311003,-386.866125750034,-153.189046808062,-500.406549775171,-193.345202483914,-155.522057241383,-457.246759425917,-475.594499546795,-228.086398668145,-459.947630147518,-341.688692578059,-297.554372426949,-298.247930622521,-524.441420770314,-506.111141432938,-389.693470950968
-519.513083607678,-489.9823395467,-455.057160344503,-461.631187788267,-467.085697043026,-439.715726113288,-454.862663491222,-386.913444770757,-394.483494678427,-411.329585761068,-437.329452705226,-433.737452159584,-388.50548896894,-416.215076794678,-313.986874752742,-479.472683632839,-299.727281767852,-356.131206220523,-390.566320699886,-305.561286068021,-337.871964477288,-261.417542876581,-278.955517545677,-279.277185515263,-263.661986889791,-178.357177553436,-219.134983963982,-139.620652123312,-81.6085823835472,-222.273635602032,-66.9521736338548,-144.631479302606,-312.77185485791,-163.713654683262,-83.7807643576426,-135.495759496333,-238.430293499044,-349.123466192855,-71.3829319939055,1.41867359150582,-153.220112327529,-252.563126853008,-45.837775707463,-133.867217002995,-284.726712727703,-398.134784349136,-436.893067877235,-424.287949443506,-490.337916925878,-417.607667445012,-271.218660722896,-523.547184964468,-304.620088065769,-207.061238515489,-436.409218510433,-529.385548158242,-299.292955009984,-405.958760389237,-401.015974026169,-303.649289866,-124.886262421146,-544.911480661144,-566.188094318043,-310.639388506813
-466.107545609909,-438.326562880568,-414.10041384024,-429.06753392601,-422.778085450844,-407.522854859525,-416.10093464761,-356.184635090916,-370.946912493148,-370.315262632916,-394.089462058073,-422.72771996586,-364.478290335065,-388.000678837007,-313.288201589031,-472.777687787516,-314.835937091283,-362.725205912988,-390.363009978814,-335.020638543627,-351.445401420208,-316.014454987346,-314.963738432263,-308.820820167209,-345.360056087779,-232.761130464189,-342.298728561053,-206.765081219717,-173.134070141944,-299.676831130421,-138.250027296506,-223.626141552621,-282.090849830381,-247.643216055984,-87.9009674269518,-229.580506700116,-308.889954618724,-334.046154882177,-93.1250671361766,-38.6862107564073,-262.918513829104,-268.039951237467,-145.107211169283,-152.670927281617,-356.178595827075,-392.924316365605,-387.377240439911,-428.409083108266,-435.09407151059,-369.214722608775,-338.157617236741,-445.606924355117,-350.255982256071,-245.981240216437,-345.912348668808,-443.190804870514,-333.600470438294,-225.686094420288,-388.272808403386,-283.495446392317,121.198679617167,-430.810652853458,-520.874547473745,-122.825064777583
-322.017058286513,-296.930037590434,-296.991873240773,-299.410932356539,-286.279889590625,-297.941161234898,-297.961308043537,-243.431134206113,-277.112202275599,-259.744414912211,-273.964638790005,-343.833307046409,-269.765457993978,-278.494072216317,-244.101364759119,-382.946933225832,-254.100914276581,-284.753243010106,-288.250504387634,-276.011220215923,-271.668355948278,-288.542315979685,-263.881016092798,-256.631162661173,-332.681750415358,-225.024057140811,-386.700575695937,-184.430207068837,-188.361059049839,-278.119523095428,-119.046737897242,-195.383591266127,-126.2834207324,-304.973964947741,-2.41460952069155,-199.010917815171,-206.123481297932,-143.786704759391,-34.8419205474987,21.7947098553856,-181.997217635401,-124.108764750181,-92.680555739241,1.44189847233418,-220.261104271291,-291.371180173679,-261.244253468789,-340.296130521194,-312.440646034534,-258.092112482856,-293.151544851192,-306.611506603669,-292.303306513821,-217.83828692952,-215.703498384297,-278.733390779292,-294.969100550515,-12.3287869798528,-317.739232758485,-218.549384346688,337.727795299252,-228.108801324184,-389.990903708427,91.8035078941337
-190.116188851523,-166.069872873851,-189.252153041845,-169.657617899104,-155.801713114981,-193.353286713446,-184.759192969976,-132.903600759327,-182.400796687309,-156.30399473178,-153.896511279232,-256.836449560544,-173.535566008958,-169.897412205897,-171.534522916926,-283.855592285962,-194.143540320202,-195.87905626499,-173.725114993066,-206.406705993409,-187.230242742178,-245.102264114353,-195.033743662113,-192.08857888056,-277.832066215924,-196.45617460092,-360.342261268567,-132.74889445178,-167.330260967774,-183.996149523997,-65.4588358824391,-129.031241043008,42.1913201864638,-323.659229453059,84.0105837647627,-138.753065940207,-31.8289188106352,58.6794584613535,39.3635374273193,68.4518831541751,-25.8108829103976,59.4545445479811,5.75053524777911,174.65240130223,38.1733356671344,-186.059073421843,-148.202378743705,-242.377762339071,-204.315353959192,-145.851357230025,-208.42839266504,-185.594897882408,-210.887911116936,-159.293313592803,-112.262545197295,-135.31038544473,-225.672014351623,112.947259873103,-248.16523199347,-146.766109663458,408.392908457501,-51.2002235727974,-259.362566659667,214.092303890667
-127.134763159964,-105.117522509734,-138.723010246419,-105.085601327446,-90.0570131548465,-141.0346605456,-126.022012709107,-79.3118309260447,-123.299805373714,-103.143672411387,-84.1369881945141,-201.549237744363,-120.235732139133,-113.729855756387,-138.29369965976,-217.897312004051,-165.679764915728,-152.802734909334,-112.726967751067,-178.326786136803,-157.363217504384,-225.054889045079,-172.654127033498,-164.420851466432,-244.646738720178,-193.764983572504,-294.365754989359,-150.359664412852,-155.104474812554,-99.4908803049833,-76.8303900159715,-50.6179983783423,177.158706653628,-274.550752901565,72.7148234887689,-129.99144326602,89.7663939150947,168.843821861584,58.5127544040238,9.63219628645938,56.4495260691327,175.479547095613,35.9569351615657,244.483294640959,264.255616324656,-145.194467410271,-98.7842732947635,-195.207455198196,-146.686152028843,-75.2260595782149,-164.102563317529,-124.23313121812,-177.403162032543,-122.430029210012,-74.2800648487896,-61.3790263411043,-178.270421565142,120.61838846708,-209.77092191507,-109.600906478109,321.572017687495,29.6022244920499,-183.721610341085,210.485022732233
-96.3394561792217,-80.9566497816682,-111.69298435795,-78.2670648404414,-60.1327202600772,-118.959589745271,-90.4364922575447,-70.8631585867015,-88.8539082349595,-78.7379075903874,-53.4638162736623,-166.864276644712,-93.2287442366052,-89.5050908372902,-127.436837619459,-170.388153525753,-147.207173068384,-143.471573610079,-87.1024869914438,-173.486677685762,-155.922735834665,-216.496206614846,-185.904333314334,-157.700809083565,-241.84531595237,-214.865424259613,-229.143966067523,-234.591570278301,-153.088953941517,-89.1399720978348,-160.949931408463,3.89943754923778,256.739868552171,-181.834920115548,-38.6657540574797,-174.309391533706,65.5139058612235,172.977688273929,-3.0507884553385,-123.660966210846,-15.6468451905829,162.703072345825,-5.42736536291544,191.206681086231,364.857988517689,-138.646485211287,-74.2977744534512,-176.011197987217,-115.992367461897,-35.6042710968467,-158.868010220466,-99.6712172278017,-176.842063081287,-112.618318477884,-79.2566183174158,-34.7867399600925,-164.160482228601,71.2373511353904,-191.070415336557,-110.573660542046,176.195543605541,38.9054745772445,-156.088423150752,143.304012252312
-53.2075264457869,-47.4324444739695,-69.939248270555,-43.9990329541886,-25.4639207300854,-93.1407738046171,-40.3222970087196,-77.5712079545205,-61.3450533853478,-48.976722386494,-28.2690397488235,-129.495066776497,-60.4174721044692,-59.1917156954346,-101.642974241922,-125.982195109744,-119.504829400811,-126.596707200952,-62.6815360821388,-152.563459720367,-141.507349811136,-189.602767382261,-181.370835658696,-151.472643265014,-224.370140330999,-225.049468577081,-171.61256660127,-281.761059062098,-171.83382357703,-119.218793313234,-254.313343145871,-41.5286854852623,213.527666419385,-105.865221888184,-164.257728099634,-253.738795884389,-111.366216609802,66.0822367165403,-104.644430113482,-250.157677099998,-228.423178717854,-31.8343943041086,-78.901370146881,27.7116255561861,325.277594225457,-128.668163359476,-39.2237935114238,-160.133177785505,-93.3314909607991,0.522739579978904,-156.550806420238,-76.7459621369123,-167.156784798061,-113.199110690792,-86.8138949316602,-17.0796780700082,-165.726123965019,29.2149231936102,-177.382107897707,-124.293329222152,67.746795382111,37.2580462122715,-147.093296421612,83.6599228050952
-24.1529024577449,-27.5244565275659,-43.2874848187257,-23.9981795428961,-7.4912988137932,-76.2423713230325,-9.85501161157295,-100.037175545476,-55.5527368725906,-32.3553636985767,-20.050208661415,-107.059300230165,-40.8716312949585,-43.0879075816865,-74.1045891307199,-106.52407680598,-98.8665492554851,-108.575085793177,-58.18451868686,-125.943023359636,-132.034813530991,-154.30243128165,-160.321696852704,-166.962573527214,-185.956062470487,-225.835393963193,-123.000602393385,-262.27705894426,-229.74783007232,-140.17951101577,-321.545969519572,-197.254601372545,8.71833962835523,-80.1624324183372,-247.59009221453,-352.581648087848,-331.515260040998,-157.652215236262,-190.813676703053,-342.395029060473,-461.620828938421,-349.510408022391,-183.831753459208,-219.574164795361,183.473273405934,-144.683012750035,-30.1176426397887,-176.421587157119,-101.993681758257,14.8086219461925,-163.874288157238,-68.4391172761482,-160.714165655573,-134.799191984645,-104.185076256884,-18.8776306105757,-184.535935213907,-7.77437297209864,-183.50845990074,-148.391306626268,-7.41590309524521,22.0900782104023,-160.272528580894,33.009057658542
-37.7948083442292,-50.1631461430563,-61.204904474057,-45.4932224534375,-34.0973157021999,-84.2520027374304,-34.0082121876758,-132.414335098697,-76.3412940699966,-54.2905625344675,-50.1466687111882,-118.017906659325,-61.6491916661801,-72.9079297707686,-76.8579263401211,-119.518017049384,-99.0643570881504,-117.094579147062,-90.2422072839345,-124.790168062677,-155.153887073635,-139.540684929177,-165.828094360446,-210.338361854614,-172.271216650209,-245.454569983743,-103.531795532064,-261.044458719029,-297.203541581221,-168.179707080276,-366.439684605319,-355.332582247156,-262.783314683296,-96.9401438253463,-306.632188228214,-424.799694463731,-459.377467394969,-424.247295298595,-249.155241272326,-409.548262790359,-565.647962878216,-559.653663345256,-319.163941881786,-463.378942197034,18.713776544324,-196.688225917483,-68.1820491487577,-228.204002845289,-144.797441672201,-14.7227322905046,-196.012235092434,-94.5512163132431,-177.185914553618,-178.948281161862,-139.964847004027,-61.1224619737015,-216.955393183525,-64.7592113081355,-205.483418593236,-183.875300880619,-86.5322495920944,-34.5191283735761,-195.481092545538,-29.2423904158763
-46.5819731628548,-67.813253205261,-73.438086032875,-62.4971241914511,-60.6917154118262,-79.4051485348182,-60.2563060350653,-128.009891779264,-76.45284978025,-75.3602011215725,-76.5308753206726,-120.994641847508,-80.3978530474552,-104.400490119599,-83.0494142277908,-120.166911601164,-89.8812869143249,-126.971350406988,-110.749010038679,-130.095851948621,-177.899647573142,-129.628615879218,-187.821007917097,-234.311837130141,-187.735036412346,-273.637128667325,-106.44863100866,-314.852331846335,-318.837714630639,-212.673221204008,-393.096112913183,-403.905738523536,-443.202435893693,-124.966022944341,-353.61810596627,-411.295829613248,-454.07749173319,-596.936202675474,-290.862673614635,-430.487503801495,-507.326730131343,-515.507652561931,-437.445840395037,-596.28959033045,-104.192006011206,-225.646229262837,-99.2573591398648,-259.481359637036,-164.433967945271,-40.1071315004365,-218.058303264044,-120.069063968319,-178.663739680653,-191.82331569345,-143.357016841025,-100.271596532629,-213.503993105199,-110.796761686197,-190.982352363918,-184.612446561832,-138.859853794482,-87.1919775840653,-194.727499191089,-67.3223332563868
-12.7484832749641,-39.9659251932458,-35.8738914084963,-37.6429963377809,-42.3687944471116,-37.8942253987014,-38.9286000640037,-78.0117275805999,-38.1480606031713,-58.3436739873304,-62.7279533085319,-83.9262341622509,-57.3845484037867,-89.3314922444661,-58.7318159965893,-87.7993104306199,-53.6756683374919,-110.355450584439,-89.6059725083223,-115.084598875568,-170.924304679276,-97.4671664127929,-191.091834961703,-223.866580696611,-194.685073445928,-294.71346639175,-97.6323943286222,-367.413994671329,-304.312431847261,-236.902433460396,-407.257573203204,-367.441730110718,-498.685134906959,-136.904330028662,-360.21375492489,-320.046287792733,-401.309918944961,-627.975087941918,-312.459089564372,-378.578419173694,-399.754838518438,-361.592599785179,-480.231985960367,-597.771477943553,-192.405902995481,-208.126205201775,-93.042581030487,-252.02545861332,-141.770274654812,-19.6194376820034,-205.04071119552,-112.869500019544,-141.809017727296,-144.734623658225,-94.3616261118203,-91.5481488227249,-157.954267728529,-109.123323541889,-132.5123401872,-125.710022283107,-125.319384233182,-80.5254434630165,-129.548059913146,-50.7641805186897
18.8492356839236,-10.1796812707,7.2471222604845,-12.481147002455,-18.2993066063696,-1.27997400110282,-10.6347439757807,-44.6019433780573,-14.8586104135393,-38.4171509681732,-49.707025908903,-46.314915726284,-32.9952592459199,-65.8667128674078,-32.5119578951488,-61.3314011796287,-23.6532740174795,-97.6987967679735,-74.252214307407,-99.934819941111,-169.070769755643,-57.4092202551008,-188.488369671378,-234.236175846791,-183.382708959483,-324.915701396859,-61.9707643566818,-369.749805275706,-315.282960281111,-215.737018225136,-398.464137276703,-359.627177231862,-531.990960740037,-120.111199027356,-307.441135009146,-231.959454476849,-404.18295432165,-588.091809950196,-294.502955542199,-275.549205266545,-353.220021621165,-302.655879929069,-427.308131075632,-533.358182264282,-270.545331508147,-189.155010537182,-89.8338334902286,-249.146945604023,-138.267079607938,2.0502607870036,-189.170941441583,-103.092422587078,-111.51669247461,-98.2957397523516,-60.9936478512208,-69.2482941862968,-115.072720476948,-88.3953701366484,-98.7637341828752,-66.1497871672404,-84.7666248904166,-47.2314965217436,-69.9441402778205,-18.7831534901573
-1.57153585138584,-30.2572353776327,-5.38909598611686,-32.715483543303,-44.908702457811,-9.87099291534501,-28.4676922134665,-68.3575493378701,-41.4275057953296,-61.906996552015,-84.5723240122712,-50.6640735581159,-53.6433104176513,-90.1698565922777,-45.0077401389998,-63.4816570107258,-26.201691777166,-119.806919063764,-101.712623484725,-107.265717068532,-203.378149709389,-38.779251317387,-206.073054734506,-293.40348401055,-172.946022344569,-362.322131985349,-22.5806725012264,-324.893947317639,-361.19414628473,-171.402042007174,-337.260591795432,-414.070766737372,-609.709795776946,-88.761812191311,-218.005440854159,-201.041760166336,-455.040319715385,-544.80583971695,-240.356068529697,-178.524056592159,-358.097071280571,-343.101728797196,-318.251342495112,-455.122023178972,-330.888628234156,-198.487647404427,-121.163740523792,-276.785288793505,-192.99548469794,-32.5518645660142,-207.466990004665,-133.836355058512,-133.015078583633,-120.939904196442,-100.310884750362,-89.5964809880149,-138.987345706731,-99.0996284394852,-132.686113754105,-74.073481168696,-86.3856474780727,-54.2909563231725,-86.2035308905083,-22.4347437874356
-44.1861197729883,-75.4987341827203,-53.4235936156477,-72.3290926169979,-97.6040369984784,-40.8289294423311,-69.3458347310628,-109.271440834911,-75.389231859674,-103.774954009304,-136.672014418973,-68.9803313695484,-88.7149287095918,-136.265618097101,-73.2302116602389,-59.1022228623492,-34.8506031710028,-143.026569547768,-126.227793789794,-109.2840365188,-230.818962781004,-29.8903182975663,-216.903066503997,-339.006429436721,-155.341555140499,-361.973510842065,-5.06273474479553,-249.668666488621,-377.936242398766,-129.15639514457,-229.823138847697,-442.595955196688,-666.231597112265,-78.7944143709679,-122.778123912669,-197.128690270041,-461.185555710012,-501.777482722899,-178.791114078057,-116.167169531346,-347.86398719228,-369.575344731644,-218.203896889755,-361.934904079788,-367.399614013479,-223.993529623876,-166.884867287856,-316.573281790771,-261.287745325698,-102.579375878371,-253.802183471862,-191.004099320197,-186.801053260529,-192.30313700301,-177.660168627071,-143.547642438612,-197.879006816484,-138.082625076111,-195.021517879803,-131.880142702148,-132.7186425606,-97.5334276338551,-146.493702286416,-57.8165750263835
-49.8101385533239,-87.9808884744316,-67.9111290093611,-81.3581708410572,-115.181471172019,-45.6768139560379,-79.2537847760047,-113.62910812592,-66.2051276512008,-105.258958921724,-144.049197010191,-52.0412057345997,-83.6933511435761,-140.93786810114,-63.1456313263379,-17.1722776065734,-12.581674709263,-117.882504489594,-93.1066970098924,-66.6649501174992,-195.99802857974,8.33062588119633,-174.269393943529,-306.091527695876,-98.4706207918207,-298.271388455543,4.57958623388572,-157.439463062512,-329.034484213135,-76.5361112466089,-132.594845136629,-380.435448045981,-620.052930970998,-95.9057431808889,-36.7297628362579,-177.315567878816,-388.246851477723,-446.643720538997,-116.059099606929,-74.8070260666318,-308.303828952496,-336.767204832736,-162.767024953895,-267.218628156676,-400.452634405859,-258.643681790463,-201.811784157221,-354.020863932081,-294.825145472056,-151.714950105135,-298.716832864435,-228.735375419934,-227.870950647101,-246.195877477137,-225.945180545,-181.705746341758,-234.059578248015,-164.278380016463,-233.858736902501,-173.30117164407,-169.348180677202,-121.737068489145,-175.66324402919,-86.6292121880899
-39.238314352465,-79.6482967018349,-52.058569294395,-77.2131238118353,-110.914710094885,-35.7782721037352,-71.2223626889673,-104.502157253514,-45.936421929716,-84.2645782268458,-122.194213176239,-26.2028196052391,-58.782460440864,-120.818156893595,-32.6605059346193,23.0723826748657,15.3118742363055,-73.4696196888789,-43.9338675803616,-13.2516011023836,-138.160801698958,53.1018306844984,-108.098985535136,-235.70800337652,-32.032196938806,-224.605138566881,16.8176614630011,-94.2940910680212,-268.559977381654,-18.4182204466278,-102.755238342493,-301.355923350829,-524.442458911675,-109.303447670923,13.7828031509417,-165.564934595181,-325.209239207341,-414.541203129096,-47.9844868073623,-57.4172067727116,-289.533677864774,-309.155880260252,-162.670816015336,-236.134581363239,-475.569476545068,-315.154574329544,-243.735954647044,-405.750373421655,-324.432929460637,-185.648994645798,-343.998085272841,-254.545664560833,-265.789793095604,-284.108817495068,-250.920662222522,-203.212856814357,-265.363929760095,-178.331276291765,-265.387644823487,-197.116843811285,-190.176477267989,-128.507149997614,-182.328577240539,-106.750398529616
-69.7090070650031,-104.749499995147,-66.4362207737121,-104.817789634946,-133.89122633136,-58.5596955286957,-95.8418353860793,-132.361541657107,-71.0874775765493,-103.578334810777,-132.631512623962,-48.7231231543582,-70.3010818247827,-135.931335010786,-46.8102038446702,10.3029537985039,-2.66671124546357,-78.1414020400649,-52.3728679571848,-17.6564556863432,-134.86314103354,37.3499795113642,-98.3669182433789,-208.879150201429,-35.1245170920728,-207.850816179279,8.6293658421848,-108.353006820445,-244.40951858682,2.66492625388736,-134.616713163975,-295.14089860706,-480.615659713487,-93.8024592798905,13.9574661705938,-192.219809603292,-350.312771045213,-445.617121565484,13.4667059741016,-70.6007394625572,-323.505979714261,-353.606798165822,-210.04238850948,-297.204955173266,-613.58687765409,-372.892006882313,-307.352133898512,-459.692527048942,-379.484709082088,-236.791957266656,-403.180916332968,-301.042682982213,-324.045742682732,-343.345208785823,-294.034474774337,-239.426066504336,-328.991224878671,-207.010065892412,-317.826327346584,-243.093013597582,-231.466137376273,-155.674015973564,-221.451923580956,-143.745242163094
-116.688197015056,-150.067662426503,-108.291197366421,-143.083443058127,-167.922075274238,-100.130243699123,-141.026288395824,-175.63996740218,-116.316894512066,-149.05267794821,-169.647762855998,-98.8881090712592,-110.420933732596,-174.88237426068,-99.0623195010951,-34.1180891370075,-53.6567583816209,-127.054433043569,-99.9358559016861,-71.8585594504045,-174.272064034755,-31.1009902944458,-151.687730568424,-221.271485023108,-113.572160078171,-233.3146478233,-16.2886511994833,-172.607346204593,-230.179587604707,-18.7637645201284,-166.787592955987,-316.832035100213,-471.948028649797,-39.0291327485674,-15.2432570344918,-218.923977847156,-404.172277276824,-488.68199157024,60.8317591255508,-85.1617319357081,-362.985600369113,-438.289939876011,-260.788723762169,-382.266400357322,-751.238377123203,-372.734480826394,-344.841317824826,-452.208487868613,-399.884176362528,-277.466987272312,-435.17824165282,-335.964401648029,-356.456481013536,-386.449326886404,-322.003821299739,-274.621306445121,-369.306930358016,-228.904618546781,-345.456982390433,-283.029613203402,-273.175159936284,-180.784096571738,-260.366200349251,-182.444924142222
-122.246424048531,-158.130683418196,-123.274462742321,-146.096367725048,-172.129624274688,-112.26795008865,-155.522289054168,-184.505594121729,-127.018956223262,-163.471737780989,-183.732714643657,-119.657219234248,-132.424871085575,-188.023973892098,-130.297732502352,-61.1883290569972,-91.2120014396517,-164.174836426848,-121.961697869347,-120.282323547666,-194.807523061268,-91.8945073430586,-202.805956212701,-217.210090030815,-201.721538439177,-240.649746844315,-31.4303204464366,-213.860530032345,-203.907535463912,-47.8761108068751,-171.294934206663,-285.544634201801,-420.484777227343,42.8692309563303,-74.2026234927364,-211.317970346614,-406.424578822288,-440.289876328376,83.8779610046767,-97.7432155540627,-361.105805796056,-491.088593078173,-276.855464452899,-418.457120318933,-794.160495584135,-297.864353738251,-305.098667997208,-361.177444709919,-329.191140933287,-263.965090275408,-384.317910592741,-301.723164916505,-310.160454270224,-346.399515447432,-268.31213313277,-268.929374947251,-317.215995466338,-206.47892206038,-294.811484638266,-258.017058070949,-264.671360312323,-160.625719536188,-219.41892595142,-185.96346353237
-94.9496276618697,-122.548625803831,-101.566481843914,-119.27162163645,-150.745816052364,-98.2673672902312,-134.438109611686,-164.07673760054,-109.782580129545,-144.829123179443,-163.776027362564,-113.33283958925,-125.763071060894,-169.028065974611,-130.792654448014,-56.9842427764672,-113.067459704368,-172.115751759021,-103.8922790167,-151.20213802997,-182.942406177618,-144.62558954568,-215.684513113372,-175.051739948724,-275.178803238461,-194.928359321678,-60.5797691794237,-191.629731076999,-165.611355315094,-69.0244245011531,-163.525515582067,-214.167801155046,-308.689840377553,110.064731632253,-164.035685135273,-200.128270103359,-397.290352011088,-274.348702891014,70.6134872130145,-140.627436732651,-364.071610320144,-509.0929608422,-273.444658072976,-420.834387106797,-703.508253286887,-188.548231957684,-207.046140151584,-230.305646429384,-198.947891870986,-206.575716406633,-261.810243775221,-203.175830824789,-216.587341040939,-236.570048936393,-147.042682602893,-221.468495694235,-210.255569934007,-150.601918547743,-199.282616952951,-180.67192711274,-212.20250574312,-105.166158545481,-111.759990047774,-157.568482000144
-64.7049220096252,-75.5280089666067,-71.6393450201889,-87.8722810367458,-117.187002219247,-81.6603950306786,-102.609467918292,-137.01100115662,-88.1226647887956,-115.386025649643,-119.377355613017,-111.999145062887,-101.447522890906,-127.779895528905,-126.606943436606,-7.38015794596318,-132.502708591339,-159.385686667715,-54.517483057933,-169.67485969133,-146.173557385695,-213.912523591532,-197.510700412361,-92.998093313058,-348.921201278578,-90.0391486642464,-133.534092958964,-112.874875735255,-79.722371554623,-70.7821492254515,-125.570684209273,-133.03521762795,-158.793319469831,141.16576984042,-209.278335146234,-194.986293499463,-423.197443187392,-69.6977905148004,51.9301896534417,-189.599045926914,-406.403653251022,-519.998193121674,-262.688587690585,-429.178107737797,-488.952555494141,-68.3004008200674,-94.6633159352287,-76.4613329237067,-59.6794857493024,-139.532870039194,-119.154593671358,-90.0781465987141,-139.285970418473,-124.943463321526,-32.9849058864309,-155.032373546545,-125.709660086275,-92.6788202402202,-129.574883583881,-106.973403706565,-161.370814176268,-41.787694365596,-25.6895999663018,-122.927091544029
-13.410182996221,-15.8960614424374,-29.2152082004514,-40.081584678145,-51.9600301568272,-38.9327287642158,-49.0733978719114,-82.4111076806641,-37.9068363544017,-57.7532704275493,-38.9860746232581,-99.284391444576,-44.8295880795802,-47.3446619216419,-101.10835792266,113.522325715077,-118.338903697189,-104.432869553363,37.1612837845063,-141.897309580465,-64.5994665992626,-248.153461042925,-144.045367921753,35.2552562202189,-390.15692353832,52.890359657926,-199.154429276636,-9.61967414516411,81.2501224473076,-25.7340071724829,-17.447474524939,-5.5289614359435,23.5899609401899,165.355899472707,-136.634775222002,-129.308511653838,-380.516571835535,95.4411682859807,82.8145390358729,-167.190671515413,-392.322026408628,-474.676539991228,-201.809693953434,-405.008239411598,-192.978107120639,65.9113608696147,23.0305027490639,110.439999385433,77.8076890680896,-69.1667068593999,14.8273850471965,11.3133099818157,-81.9041305588494,-42.5448242206362,38.7142634864619,-72.6219926435602,-66.4805468087328,-33.4929367940087,-88.0103827525583,-47.8882870416599,-127.12227023032,32.2108065709116,12.3958650980828,-81.4929316246397
66.140387180051,65.2578332090109,41.0152066020272,36.152695921371,43.9772925233899,46.6645484655199,35.4445254113264,8.77335212045896,50.0563479206739,33.7475068125219,65.4974932646143,-44.6064578162864,44.025713574245,61.5143554560065,-31.7386336909791,258.293629466744,-51.6779694298736,-7.69481938501743,145.964383896062,-63.5096478209424,47.3538909280497,-197.499568910767,-64.4720135928586,170.813223723572,-365.575221145163,167.665888074048,-218.301368165838,63.8545411901021,253.605662628894,27.2746823061622,129.382314364261,174.739050634676,218.673985186261,176.34849377511,-13.3810540133188,26.2717177333061,-165.550307106743,212.28859089513,141.335358828818,-62.2680538000502,-243.074642093598,-321.766019978932,-80.5823609043956,-301.321724605368,59.1315867418629,162.129775216596,121.50990081323,255.049577397988,185.074709825494,-1.07020680755631,106.068636661675,88.4807391816063,-24.4558869943344,8.07717966323525,71.5252921206328,14.6952706809915,-2.76453974278166,22.8077519851599,-32.6361304556548,11.9414162945582,-103.002326533342,109.084996709581,51.4613461779796,-34.2281582199743
115.354031155822,118.665604726116,96.6379113151192,93.1353354921396,103.928170591517,112.936019914173,93.7304027935432,72.8702819756301,105.549263661648,93.2276318353808,126.117609771602,11.9070419781524,97.7664820534304,119.846677309904,25.5181875514688,303.719421952944,-2.37430879099474,48.04156052322,184.626029701274,-19.4861026856536,104.902501395608,-142.890681497634,-20.7838762811942,227.751360645853,-332.711624575703,190.802921375142,-250.913054167639,59.5308493517426,336.385801415611,-9.418569075657,231.476695281649,304.756440195779,344.072375897464,109.528261310397,29.3839044844105,186.217344804021,104.503047150529,277.526787502699,130.981269930454,56.9995483635684,-46.0128416354447,-161.387141583289,24.1621682006159,-189.112598206851,104.09835890512,125.180096422299,127.945031896527,232.205254943885,194.864828366758,18.6690804474316,91.1835080540954,99.4712423786455,-0.23376517881843,2.68895421882291,50.967950848885,52.3013173992818,37.434404982694,27.9062872411182,24.3842853408072,49.093669211561,-110.14141953644,133.310893622867,103.347444597679,-21.9688705549796
95.0054644191054,100.179515954728,90.0273602648417,82.3132708436214,84.0729844562072,100.18930984751,77.1292290181072,60.4684693712881,77.0846832575795,70.2281576674831,106.305554817808,8.39364357940104,67.7872482326054,85.7439749994487,5.0561916963991,214.32607388238,-38.098090371176,10.269165889757,122.904729948556,-62.7818983840551,75.3823783897678,-180.681801497561,-38.3435886118337,195.322604395246,-336.457030852871,164.318321263129,-310.7658070223,23.5546263890666,332.201816448599,-96.6462990108786,290.434525280971,311.235412963299,331.402267590118,-9.04321432873638,19.2607682477818,275.574582607517,254.646056465595,273.610845076841,43.8100243373644,168.238930586778,110.958875159778,-116.890164215217,75.6198629310047,-141.870940574626,-51.8557855664957,-18.4676152958791,39.6775070300271,76.3497991504982,116.427724286179,-26.1951274960614,-19.6189555855926,36.6680168591327,-34.4506120738152,-55.7696999273784,-13.035037602677,19.6786457213017,22.3813834676096,-30.6496052634387,46.1459430482896,41.8583514641778,-154.007630112833,79.6254245661202,131.781681023541,-60.7567052957844
54.902487983478,56.5422587130419,54.4017770606822,40.7265115550273,41.9163095158451,52.7446227353098,33.2910874489663,20.2270349416415,24.7050806459138,20.116935363073,61.8120959254458,-32.3122077264162,13.8132108303825,32.085690512733,-51.0990518074277,111.88247165823,-103.639625150836,-41.3672942645336,52.714242438503,-111.252556137118,44.3231221557911,-243.922521404949,-43.1133419545472,166.8534917706,-300.470462020614,193.790752994203,-296.019153681152,69.5256851109042,327.06940655222,-65.1319618156917,365.597925224724,265.974972500081,237.350489663426,-58.2576139959853,103.782252785197,325.744427407546,311.25011966342,252.719513309711,-9.08434977942315,277.307055305306,289.666082576812,-91.1524666890587,137.074081828093,-64.0965737607333,-177.034979582281,-92.2484604605022,-15.7119899064838,-7.5937446796978,70.1579177699121,-57.313910438865,-94.5898751295584,-10.0191690721174,-66.526085205593,-90.5598808365303,-43.9695352444738,-7.24218493419081,-0.19123065491095,-72.1422955630693,51.721904385048,29.0556053657347,-175.354797777566,18.3126112426512,131.551530865084,-91.0477347479541
50.7073374547207,47.895552421241,43.8417365226774,29.2173488746038,40.1340093424712,40.7746759085527,26.9321931045583,9.35452778241594,16.0482771014432,11.8750676465709,49.5520871816462,-44.7589990605913,6.66223655744985,27.3590195362451,-59.0055428063952,99.9536444145411,-105.2855712878,-25.7117965246272,46.8629457680022,-78.7837223669001,67.9175464724065,-209.382115805621,15.169370522644,178.28089730388,-172.462834878907,270.045601706354,-181.851071100914,191.952872173466,328.964713983088,82.692866565359,408.43957362582,246.888627593909,161.745504193462,-31.3794022774317,250.318203081841,375.159131493441,357.917392025988,307.92309448204,0.436759237093169,293.219023823406,503.326638606632,92.6251879488201,217.48209606168,126.773511044165,-78.1913017399349,-13.3054089372678,45.3714669385803,69.5675956552765,115.682386097691,-7.00412462618054,-51.5787658267528,35.8308745413984,-35.6520469738817,-48.200247064572,6.00481451315021,41.5723633885653,20.3355819742602,-38.9077085530576,70.0675764701346,45.6156588272687,-135.963207959863,19.6772161179486,117.079854371088,-65.8675350830104
61.0912560590168,51.3048113800092,43.9585461553549,32.4793322402454,48.9620524802569,48.2547087307299,39.0490433842612,4.4468754602625,21.477643732771,19.7898498580702,45.705584808699,-26.3081476302975,17.9487831330744,34.6413886774436,-26.1584432127242,125.713737727452,-52.9670186831853,13.104567339221,56.2334909990851,-11.0044339912115,86.0744569025669,-100.412196643191,73.2571423545738,160.171863416214,-51.9948600390465,283.0191362603,-93.8455594828871,250.641556752956,278.461347026596,127.527084920848,349.150989595722,208.48357197636,99.9801226638614,-51.3232903913772,259.007388480422,389.326954577808,332.955631276549,417.641067896042,-46.5775334260815,148.034199978694,571.221132353684,351.916873092638,214.988966764415,280.724065668814,176.351652859871,77.1180203730171,130.988005145161,152.890827606651,159.410216552646,78.2255670100197,17.7235295690267,124.00479051928,21.6169702970191,8.33036543225743,75.4179753651998,133.981564732045,43.6976242410936,15.3593275473413,76.415122325982,52.9628264917878,-90.905573831733,53.0695709288923,77.2876109326688,-26.5776264718235
39.7213728974385,18.47712288556,14.6942841283158,1.7608000459678,16.4345574750774,23.4982905029099,16.3165732466201,-33.3003164138096,-10.1061865093924,-11.6921704073505,5.3282065903841,-23.1227027905976,-9.19365545191041,0.268776031264018,-19.9205584530168,97.0827170069971,-22.9847496270474,3.05706646674039,17.6720206466005,4.11301642401757,46.370676460541,-35.6921121885759,59.5450820424075,84.63030677736,-44.0183061586574,209.890747889296,-116.746275406338,184.82208375895,182.950480598924,-30.2801029002122,272.924680807617,77.7428719411495,-23.3549919757109,-170.935989034963,118.819246184454,312.521239126119,177.787293050697,408.437063579385,-215.686528151917,-25.4988745466199,378.233198859393,417.35878948398,101.829073132215,243.533255420714,360.922666101258,33.2447761009122,116.243450267983,87.2264998959265,103.031983269693,109.73368858288,-0.0891060361256129,152.654966504538,33.3416346921855,-12.7409326936704,72.7491242621651,191.347552904674,9.18505841715642,14.0108306238031,40.8775468285874,0.0625246069237528,-110.809005243574,42.9803909868221,6.9452548096914,-38.0404266996728
-6.07978924700883,-33.2930447556542,-31.7256020246765,-50.7045066252757,-38.0787293664686,-23.9282759309081,-30.4803145601307,-81.057866510504,-58.1895646182614,-65.8092191343119,-52.6597076007899,-45.8989364658059,-58.3287388708221,-51.8465360913531,-50.7371015613634,32.6571060043074,-39.8981880620195,-39.4535190129794,-40.9853228387164,-33.8823240021835,-14.6931381895025,-53.4939753005305,-4.54919911003678,9.5331925864504,-111.730041598163,119.066788771908,-191.478285636714,68.0633106806022,91.2563794345915,-219.026844326873,247.884180704224,-109.415379051848,-222.126609578556,-320.741248124861,23.4965537836858,158.064653062444,5.66877676321556,176.49021462203,-405.880909573233,-52.3970616831816,118.410214730593,260.481558722333,26.2523685063817,154.441869183433,369.328492490598,-85.9751412724466,20.4136231327892,-62.7370191448828,-17.1999978479999,71.1450533656176,-62.3149118657669,95.7635015384035,5.36102277365956,-87.0978293541834,-6.81500229823468,176.869243225016,-54.4938116390794,-42.3759568604099,-10.5049577491941,-85.1707513696683,-184.227331821057,-18.8016316537337,-59.43158159378,-94.8851512001478
-32.1463512230552,-49.0398119971227,-50.0415530539836,-69.4478244694331,-56.7489281188384,-41.3564847459028,-42.1601713701173,-89.5564379421201,-69.7311517084444,-82.2343675228267,-68.2297278405777,-55.6206624326527,-72.8478909958886,-65.7970758748737,-69.279287723492,9.77029292767573,-64.4450398881988,-55.8280910894151,-57.1931073293042,-65.2435385835472,-42.6627211128941,-95.3456268455661,-51.2712551831526,-14.8848083084218,-161.086610433384,47.9026265614745,-241.314981568072,-36.30591619686,25.1508839333371,-267.782504642249,170.969703141607,-193.414192550525,-394.404591317964,-421.807405412542,19.5667165202059,60.5598446307062,7.00947811157294,-91.287691871821,-495.237981301845,50.1678388358323,120.658182245576,190.61631758781,132.760661783694,289.627959861183,327.231536479809,-129.620986145338,-48.2408021908883,-129.199770174132,-96.2280575331959,17.6876190296577,-51.1403068474138,10.1206769482139,9.09622576619311,-102.128259173884,-86.1927757066615,108.173358028058,-63.5328645948463,-97.7206452875467,-29.4794586042217,-119.435759173094,-233.991942862902,-69.1662380109728,-83.6017298074068,-132.979860410782
-28.9440917920303,-27.9747207671669,-37.0382149548525,-48.1135624964646,-34.227766529192,-20.5841616956323,-10.4045388650386,-61.5360315023679,-48.0087160102309,-54.9208319541822,-34.6182169038184,-37.8171661319231,-47.9398776272402,-40.9656055422638,-59.5453751143916,35.8475855504838,-68.6288886742525,-39.0081901398157,-27.0103953371219,-68.6639645341934,-31.1482597059061,-118.509949716532,-56.0041773938862,10.6553391851558,-169.871430724994,10.9360923246028,-278.063315355133,-108.360589765999,20.4871689996527,-240.67187748004,18.9931323085809,-26.2245803398267,-402.643218451208,-454.083046967541,-34.5436161125544,161.442580562372,256.57003525341,-100.346781843101,-486.158184842789,138.315944307366,475.769351150061,433.853172814742,357.661331193924,696.46016109054,393.13174368235,-70.4386445079797,-51.6174851975179,-75.0604939867431,-99.9319151003665,-8.715073860723,38.3926324779546,-48.9030002841471,65.4694649773635,-19.3035974037537,-106.357442489893,22.5262010287792,-1.34766908244969,-118.925237650907,-16.6106630027539,-69.8748148966408,-207.938973115349,-77.1115912078124,-79.516290897604,-117.667314546778
-30.666811819128,-23.0500421726339,-35.5640975220708,-39.4053103760985,-21.4409982457548,-11.5874445777279,10.0058233918344,-47.4792203087074,-44.8710567557998,-38.2188539389983,-13.266138135174,-33.0435696248857,-35.0421010599016,-27.015778465028,-61.1138725241139,50.5484997787953,-68.3679549539785,-26.5689187272912,1.7208491249919,-73.2869904359184,-7.31314635609182,-134.628671033678,-44.1328765210741,57.1897062479473,-163.781594175418,32.9516257922311,-317.002407887559,-119.862600184053,111.591838821288,-260.958110918834,-27.1739322475718,334.531564349194,-191.675781890299,-421.445881954651,-158.493066357276,415.797160062317,642.974082480566,201.347584229494,-424.789537179631,159.925507774515,930.807489677029,861.225889712927,529.730670562761,1167.93089766082,559.805904881253,4.49021656119639,-24.1195851091791,2.23789954911533,-66.4708957595827,-8.53880758600334,106.837452518412,-65.6347797301637,113.845214213598,83.7553830445097,-72.4222973487251,-42.3449499063935,65.1170150106495,-105.482500895686,-9.72429631079225,12.5817719765649,-109.202607939135,-75.0098925539949,-90.7141484027136,-67.0342886588583
-53.2603599067045,-53.1716362551701,-62.7248490428463,-69.9339987883671,-43.3930482027576,-38.977681939356,-8.51640350814959,-68.1500939943528,-73.6257796471884,-58.2809024551038,-37.0046861470131,-61.5209766166278,-57.5300749578364,-45.307765596416,-91.3919059504603,24.7573668254404,-81.1334965827797,-34.250609921224,4.01182894865318,-91.1257526667514,7.11710929647774,-151.603212593806,-40.141366648671,93.1484472589707,-147.701760623132,88.8714802099904,-304.645095254248,-90.8517580778451,237.89335830903,-299.98571420175,105.522517688562,646.059502011525,169.566940914055,-312.990492747632,-202.894611937105,628.712992567527,987.608649872144,616.418995153544,-296.498782742046,201.900944757504,1193.64254286634,1202.82645178054,613.043777394155,1518.36040638813,716.09425283806,45.4437895886016,15.5859633274075,36.2030950691839,-21.7656509214684,10.9078343816922,100.931406358315,-43.5730406533183,105.953550599438,126.910265537373,-13.124946174909,-59.5066482090807,80.8443279518402,-50.9219821703179,-19.3881778513139,63.0726383833847,41.3673082152288,-75.0921667136756,-117.803414836787,1.91071357180606
-67.7700508759696,-77.617748347145,-82.9192539168797,-100.267073037436,-64.3109342972072,-62.1389387926321,-28.7027276347034,-88.0750575529416,-92.2303128927187,-75.3262310582202,-59.0265095192703,-82.2279075994932,-73.5859452397914,-58.0221205733534,-112.100943182063,-1.45495764604727,-95.0226535983043,-41.8433410644208,5.15049033735189,-98.0366591017884,12.3322051835496,-158.125480760488,-44.1341599488501,106.960724990764,-129.843089272729,108.905394636906,-244.088425218814,-110.980662085105,292.676567684275,-314.977719400657,230.98508039802,758.814668023233,515.896572074861,-156.215198712837,-128.993405096378,674.928560961396,1200.20891817659,922.396083606474,-123.320952875888,316.488970173586,1238.90002219378,1334.85094272404,692.236032867635,1702.25571614033,795.160938161929,74.548915165233,62.6704186880019,48.706395530598,28.5435560925944,41.6330200766446,61.9457502799829,0.147481666325588,68.1779820879344,108.888246220337,51.3982731367116,-30.8365088104869,56.3895178199942,44.3133125708533,-25.9484131877393,69.5590804655339,210.183593606198,-42.0867875641372,-121.849379284829,91.5620184719892
-42.7645397645406,-55.6579206308822,-59.3303748240349,-80.7086474846506,-40.2364103370309,-40.6483265461404,-7.26787287391623,-64.0710574683005,-68.3549835974263,-42.6875177706687,-24.8889851149123,-55.829250183679,-41.1229395793533,-23.676915182912,-90.5953528345652,17.0313011435172,-91.9091921277805,-28.34057726691,31.0578580806759,-82.4198520230381,23.3660429523544,-155.701989135605,-43.9384009576736,117.499127853272,-139.464728043079,76.9219590328784,-251.787239811407,-213.722921292671,269.836798929823,-390.110540595123,171.710782739094,756.340292893693,706.689147247733,-60.9434904162365,-102.102345357508,593.998070211786,1279.85611840795,1015.05656784752,-39.0184380469532,402.558100673895,1223.11473185771,1325.0742246746,796.80971519659,1733.64567660369,820.639555099663,115.677052084883,105.454451321303,78.0334752139667,74.8690681255174,75.8724071956245,52.4053010032928,48.9979217718314,55.8856042887336,84.5582311743134,109.059212764652,25.0486348223476,40.120571586972,150.828885148496,-16.589074511725,71.3641309045388,344.75578320834,44.3321356983356,-83.7830852411705,196.489273135007
29.4826154894096,21.1619881260441,13.1324813599107,-1.32319764682065,39.820409858461,23.7257681658694,60.9592975686167,17.9133362864482,-1.6101213511244,42.8525795930852,65.6537456555642,14.0569426585606,35.650066720932,58.5103937108051,-31.8318905416395,81.2972919652737,-62.0549334518859,13.9769960241074,83.0179299430808,-49.4446590480193,59.5407330228534,-137.019757887687,-24.1739840311142,151.020390108795,-163.302583367244,40.4243096260839,-357.999025374315,-334.051205492406,233.106964740058,-576.442792094833,-61.1144321193983,751.035001272365,756.15222240834,-105.426799789011,-267.532781547337,480.4005545141,1229.99030165766,924.941453554739,-132.977618494073,335.662581589582,1218.03096455598,1257.35886331962,882.057663755599,1625.41786528371,823.558416050092,163.733153032511,150.072867025429,126.518013132097,121.751043305781,127.221015125018,93.7380163581208,112.045604582069,88.2579947454905,102.53583548249,162.725636460202,103.51315219908,71.2254800164808,241.778187286318,19.8730034918131,111.093083331314,414.109353569038,163.65036866079,-8.39575466271999,297.147569652895
137.38863856813,137.81809548541,116.207431765691,112.327908209982,158.450119662198,111.299995671011,156.533971654663,136.49194964188,95.8706572885885,150.882156364305,180.795690889447,103.282864283392,130.608768969157,166.14407222366,47.7926055132232,169.336134822299,-2.69845987939638,82.9383769615046,160.963281925707,9.52469309718649,127.025489399965,-73.8344418722916,28.1716157787535,205.790421810761,-133.302418636293,31.8111484515962,-409.272152096962,-398.086139366688,177.229410581036,-724.987297772831,-359.063757767059,698.48071472096,769.97777400393,-211.466370740619,-530.597318794939,347.284878782622,1065.89713236981,749.212548381827,-300.090082666917,131.08487161514,1183.11690835368,1107.75740110088,915.328017101879,1388.55659636321,782.701744406345,203.264228392176,209.68289230994,174.114735891643,184.889166085919,209.208138934636,161.428857675065,196.278117852777,143.548843886953,162.040712635537,224.741073993285,203.592131708391,143.979199667836,310.468209456905,92.8619053415987,187.608772050509,429.096343734778,281.711286022975,92.6082954774615,372.248031922419
240.347802874431,252.766934461935,207.36216450615,215.269140528606,275.227626262534,192.371468992743,250.276560593415,237.645886463559,192.209746081017,242.698394990743,287.152426901551,181.003000941699,213.94177470089,270.454367007491,123.793334031998,253.445456552734,62.6438898025836,157.284786908141,254.787581785054,88.8352472077693,202.233984268301,18.1064303953775,103.708367467059,257.027409247177,-24.7845944835105,44.0387589266913,-308.213185500367,-368.704848422804,62.8997773547385,-637.564209849424,-608.892519827806,520.214093715311,820.457262327972,-257.937563010503,-645.212489383377,166.647152550514,883.293431723973,624.541727115233,-352.410171205965,-83.0170541850974,1121.94593955997,916.13514720407,903.072347695005,1088.79822016954,741.876622233322,231.993840783882,278.307459112928,213.788627127467,257.447447483034,301.176253050861,214.362866320975,277.422616777798,188.999638206276,221.50506955335,287.9891415433,299.249979390825,209.328342766668,351.846057938031,170.850916642557,254.970996103708,407.857515627099,369.912336191588,183.33619168871,405.858198753391
301.134348784347,328.798579526434,255.706695239467,281.840443696775,358.369322460697,243.931155174583,322.751222486739,286.149281732945,255.153630043671,304.548790578357,370.331337829807,230.44988624754,270.11910880976,350.511561821861,179.061916331425,315.957478523239,105.778050209713,216.93307176176,338.75468372543,159.865583893095,262.838645635797,88.2024182144009,177.328195775018,297.053773956519,102.951797356232,67.5316061178167,-168.739334571394,-251.251536974139,-77.3550951057389,-340.917924096762,-718.654260463992,239.927136886622,929.537849049374,-261.525786994034,-527.826136825598,-21.3256241347659,768.736526490583,686.837981219442,-232.382401868058,-183.210554220741,1041.02144897704,863.569002436207,855.576800933832,827.21299611894,828.671849261901,269.291847544901,353.120944776181,261.304137861363,322.997345126983,380.702751336555,244.220275002661,341.873397151078,216.298994870007,257.381611890496,336.427487392527,369.292236566527,237.450149397504,373.715044421555,213.191465683613,285.504518318943,370.070624985828,423.876356621476,231.865017940538,407.952657350672
334.185474341889,372.267408466494,284.244168930085,328.45953048352,412.088795601492,274.436603954641,375.110013230698,304.832930391669,291.414454271414,353.049191408009,432.279233967959,267.698368591242,312.85586961563,404.869005308573,227.285371857492,360.601398659695,139.560402689256,266.006769675743,391.92983595668,222.402786235651,312.758599085863,144.759440083925,243.733159523233,326.728862496169,208.099821620878,99.3152330759048,-82.7161820723645,-83.7708229570538,-195.851094724119,-25.334988423485,-648.693447237794,-116.305207364714,966.592520922248,-272.875137001124,-304.285498665522,-180.200897640026,569.799724706437,823.527533337082,-17.0157218552644,-142.970701672811,777.47556343833,883.338917648892,734.942033091309,560.947714215222,984.042685948378,324.54611931532,434.742284511973,318.545852867987,380.15818718638,451.62245858688,276.411548741383,405.05092217416,248.757827547787,286.907383260993,371.763401025464,424.471527565,252.976947983092,396.894779399369,235.589680248369,301.838972091908,348.794635846562,459.95568512341,255.153845656212,409.228412141262
356.807326899864,388.988651891434,311.269975826231,355.353371688739,430.708238064036,285.03904780642,390.95160164749,312.500841339884,311.464394769356,378.687072985119,448.571087533932,296.725759129233,341.341307272953,417.968220779087,267.820531876707,377.254301429343,181.843937335993,293.245391165709,385.41226200684,286.872230051765,336.342823161984,230.605166788035,301.89088698469,307.947997803505,320.291752588852,115.702884557286,53.553815966508,95.0511710878192,-305.351348161022,237.703420544169,-451.759955337164,-551.85065628261,602.161072606033,-190.834940940168,-66.6852669546974,-354.076634004157,-9.28198184583096,616.73279296647,214.58286137545,-69.5582968157643,144.899886507226,488.874957415449,466.582628185605,100.673554460053,900.484476733013,357.659261603553,480.323887128925,340.725176355934,410.254072962139,494.376772595195,301.896911869026,447.55158682848,284.676036549505,310.24004186154,386.054610583229,450.580867814142,271.222098367355,403.19156776245,261.200171538339,312.172725829719,341.570607297591,465.281654655672,272.043081107369,403.050468783779
334.695062326323,346.326355729846,298.816419020053,319.622209711371,374.412659402136,247.317376140712,331.652982785271,276.919970853786,287.470537382064,335.531441065685,378.957965085396,282.80769260352,316.577573000833,354.927540613464,263.348478708065,337.055033748082,208.26324997212,263.24636222325,291.852521627234,322.631586562151,294.155945284068,327.202036451416,324.894127007254,202.115217813041,448.200611524261,95.9716621702428,317.219534783367,254.921384933756,-399.634615890246,488.835291830988,-238.485976817026,-942.746625056928,-261.590780734871,82.9070748967876,167.226850595485,-530.279077783338,-888.328142657174,-120.501307234079,400.181974436066,-103.328148550619,-693.494462365727,-526.688389087062,51.5119075339592,-559.415515959217,447.592682267923,305.804921279046,421.615023757055,272.90435054906,359.192981680739,444.475221211457,263.980000967868,401.087519896083,267.499994451263,280.891445673332,340.36791961062,386.316469316614,252.256514102172,335.522865524395,255.49277749801,276.689193082164,286.12902342239,391.861142945841,253.866856343218,336.844202470991
253.205780979968,243.738032398084,231.209585694043,222.293941708117,247.839251822741,174.990567417517,216.993067176814,186.087151434502,215.350438085048,230.388606308138,247.380350417626,224.945731466218,234.563456747214,234.639326154853,215.608672145327,254.096462725009,204.047943013243,194.037299424236,153.431905191365,313.012359518608,209.417531774617,388.256841807434,310.394096366307,70.4343092068651,540.880106839119,89.9204217469497,579.268631211748,391.553803872915,-383.116979192784,695.190296804717,-35.0056531673044,-1061.1091345757,-1108.4212188843,421.434530675103,355.087543406745,-578.132066825662,-1481.47954394078,-973.501208016641,492.277987999535,-228.346476866287,-1258.11397159173,-1517.21681303158,-373.80618575164,-1090.41894481173,-87.565374366892,168.732812625837,263.675783477873,127.136843366714,212.333075133803,288.233204222352,148.283054429635,252.208894414494,173.416744218129,181.819148791847,223.625548683142,225.869127463365,173.972148040261,193.443948323054,192.657051461476,187.080072620633,160.270534435181,243.648393854961,186.668797502875,203.64633291919
177.399431216365,154.730797920865,170.001589364559,141.718037137711,137.637593454769,139.027155091421,137.169501606369,100.334529474651,158.009114837888,145.085971751431,140.992277513334,184.4048739517,162.547484159286,138.671663490536,184.904921818638,191.043387748597,205.734895160135,158.320995146308,66.0447880662038,302.881469542237,164.529603309358,418.944592857044,305.611080687936,28.8880343608675,569.796544767267,158.23536451501,693.113938947099,513.412859810315,-206.204096043813,784.541800450085,198.82819090281,-864.122074511622,-1361.46402543452,626.5906855349,469.801867335975,-463.473381268204,-1422.04932653085,-1464.95059526983,514.916441203595,-293.403784716865,-1329.65805734505,-1780.54247026299,-680.567569046705,-1285.13393603303,-471.538536014314,29.1778316773403,101.2936071087,-13.400825614424,50.380466716001,122.923973896832,29.9080651841082,93.7631545235282,73.4437903989726,78.1450200056567,97.8261149942104,69.2971133191216,92.4929414609278,67.4516971432009,121.094979016094,106.61535014984,46.0356090650718,111.580612900029,122.61844094205,84.4982177000031
153.821918552619,122.491499221438,155.731170819571,117.183131961473,97.1106174352875,149.066751365965,123.118358673594,64.2942428933192,147.021937877868,116.949934605497,96.046974648782,182.661724165524,139.446451951304,100.549321069894,187.399211923608,171.420014886626,229.417843266814,165.750302090869,51.6555555800305,311.465023308556,171.317589266518,434.479310291566,317.214828780644,73.6394612918546,549.425454815651,235.518666046372,682.770837727186,571.64699215378,-17.07344787144,765.856458135637,364.93696310305,-606.044282989548,-1146.26385297617,658.794312266405,506.592874012627,-366.680746911894,-1086.71663754671,-1630.72654313163,512.929297461715,-276.695502672832,-1252.49333571305,-1558.00322585813,-918.335704316409,-1449.51949343524,-921.955433787196,-52.3181996166014,-4.86227057198076,-95.3144548306528,-49.4161312809764,31.0982894640796,-27.0257702740761,3.54313066894436,26.7682060929939,22.8244673520987,18.567854043221,-7.79605905493333,54.5823555028733,15.2184639881497,82.3888195411277,70.1639065765598,4.20832915556536,53.4057555599788,93.9528038741723,34.8802130922305
137.504075871604,100.110096968044,145.375505460379,99.2703888127906,77.9911010611228,134.572712316528,109.020263291868,44.550125692421,133.775110613343,97.1533953731781,68.7077826871617,170.065150793529,123.685006888863,76.3188508271455,174.471915654898,155.287971081636,234.453462825467,156.659875422228,44.5933256948042,295.793858916193,164.004971157033,415.44243338549,294.70301765705,96.7928161085973,493.896142730044,219.067091541944,642.851898343218,516.235288323656,20.4320224809199,700.610984768845,318.220339985416,-496.573524189907,-936.59426222061,587.484011687713,445.872996070387,-421.498100355691,-964.099263823798,-1665.30420790813,474.55596620928,-316.015730378519,-1383.49562741436,-1456.90355238667,-1220.5747988577,-1888.77751498921,-1593.10886833248,-97.5574535665561,-78.9183296137375,-139.464500257377,-103.82138075885,-20.4771704080664,-51.777600897167,-43.864537773256,-2.15774362761544,-15.2666159777183,-33.3527626499048,-42.3328838459221,24.7560241391206,-11.4228126994695,47.7678892078794,35.3052846970138,-16.442042996463,21.3723277601591,58.1992555708358,9.9097432384437
91.7336824575482,56.1851642654651,108.49374749177,61.8710789281079,42.5335008024796,86.2262125398558,68.8309830581094,16.0593298854401,96.9005678984533,64.3533997755862,38.6774599599988,133.483942667686,92.0656189506027,50.268366140389,137.847722792763,124.156645223371,204.976656752844,126.495907316588,25.8780834214527,245.542264322948,132.761760536421,359.2088655279,239.070773147961,83.1737478917635,420.602638565761,157.045866206429,587.080128133555,412.964802908904,-9.32061579162989,618.946910945208,157.829588262008,-413.18576739246,-765.055271835396,481.330477433736,322.225803729542,-502.566950349332,-940.515856076357,-1441.69173822921,394.346740249769,-427.085481057916,-1556.22659677426,-1432.57532782954,-1564.6658157101,-2338.85831186174,-2090.67669887425,-133.531829327046,-134.890148441405,-168.843074132075,-147.162567925501,-77.2481782769806,-87.9641419413313,-88.8322263320365,-50.5301265278653,-64.0559569618703,-83.7983918174956,-82.6086554358675,-29.4938917425799,-55.6234297897359,-3.66369576678345,-20.2585629303915,-63.5204383602081,-28.0579885411487,-6.90083545522947,-35.0655205889324
56.1202914567333,30.4887487790216,81.3479648361098,44.9569430071813,28.4618077719098,73.6865943450648,57.4188619112565,13.6146433945993,80.4190679148909,58.9739976432294,39.6055836090728,118.84036889335,81.5617824985286,58.7882294947555,120.752588324835,110.287922413938,178.68013475883,125.261698422511,46.4930168619822,200.294247970293,128.927240970306,289.901383165481,202.78651246389,113.398796977391,344.770812686332,155.982554664158,463.256588916835,349.529976822573,65.488516639667,489.230077888959,103.978359492634,-184.621194556817,-367.784048406959,385.068764765458,218.660937456078,-450.233918598151,-680.582703181064,-802.84196095638,309.097667177617,-466.556819463625,-1432.68499236168,-1107.99975355669,-1751.1048642386,-2340.82013910205,-2011.24741244267,-150.449075197736,-152.55742589848,-179.072023121177,-167.222440066941,-115.143912064532,-120.522268090458,-118.372807819069,-91.4183186460183,-94.2346404362896,-114.208202961123,-110.058077078815,-76.6539347785762,-87.1374965490845,-42.4396033311692,-60.568541617948,-100.498178740793,-60.8805560871202,-56.4171140789147,-72.321847767307
60.0207954404946,44.468303661739,87.1215381894142,61.9612350549826,54.6869991574538,110.25871317438,93.049676809913,54.1924264544742,97.6226497521231,88.5218294214753,77.8240266966953,132.371141814783,100.396173884099,100.282160997508,126.830614443012,127.267886640417,169.303431230997,146.183208922057,111.400150628142,165.862380000811,153.186373779037,204.441370090154,183.444529338432,193.020781344871,249.34512680742,196.931785472447,246.560943395344,299.356985866012,216.215961258096,270.359780286652,165.918144630573,96.7179909275784,224.752065175347,284.945660499851,141.042692022452,-302.951031944925,-229.927849511983,29.9345323073716,214.832274666991,-394.325654736336,-1014.13667706094,-507.968510863024,-1619.3426105339,-1780.93194031386,-1460.2128117728,-148.92799755792,-142.257892501988,-173.263390703844,-155.364552518793,-112.965781327575,-127.599507001408,-117.19935193442,-101.440185311919,-92.7746118544299,-113.569022552228,-103.985604877038,-91.3788290149257,-82.9376432424592,-54.2377213183256,-68.4175723084404,-95.7500349362069,-47.6225936165871,-59.5881819679443,-74.5713453267941
67.4778914680561,59.4547006573105,96.1194983874599,72.0909461827804,76.2420626452578,135.292255554129,122.606635583256,95.7737233115954,106.500468848998,107.995367098959,110.052694378664,128.056875311123,106.590545455368,125.198945892692,119.766025691204,140.987483823506,148.001982970607,138.289711596831,159.289685766303,115.347593061875,158.090808004155,97.2777368540709,142.051341304765,246.665498047487,135.537114593399,211.289719840466,9.32237347009162,224.539897595996,317.679665296956,36.0339548996611,221.732563413678,303.296858636605,710.118488990837,147.509917866665,57.4754843821424,-134.52246252377,167.728762526084,637.390400356246,83.5972586785026,-300.312970753175,-499.109367717653,81.7541310283614,-1193.51040803739,-874.019050646489,-695.434037927329,-138.218420633581,-125.196562476234,-154.54835711036,-126.242951298239,-90.431607727422,-121.429127849125,-98.1769103674036,-95.8525374447933,-86.2037610856484,-98.3793384696135,-89.8719546458535,-89.5932239007758,-65.8929694351761,-55.5889932060885,-66.8773275190486,-79.1413230350359,-22.2626219128705,-36.8062654919969,-66.8355238595574
58.3703782049537,56.7716601697561,93.4356538308404,63.3610381622677,72.2951069698283,131.88219523587,123.11372395222,110.378951148951,97.9162120651496,105.147865479954,114.487724585646,105.114231455703,94.8416194574811,121.904407092912,104.542111081591,132.146608660318,122.056189339591,111.932124529959,163.286782279172,70.5556411289173,141.411145488454,28.3697213880537,101.800815357225,246.790727933613,83.5511484685956,210.261234837425,-95.3454918546575,186.151620684022,361.930731359744,-43.8154638280561,274.697808508174,487.716420783427,917.2962304944,33.4830368496854,32.6638274496235,109.795547611411,452.799192822788,828.231885558818,-25.1793567377012,-177.493092061658,28.0575973166868,523.450501893924,-610.146097523175,54.4016994123106,166.876327689352,-92.1360086372385,-75.6737128213884,-102.517624079773,-73.0924175763246,-52.407834385473,-100.56702590233,-61.1919501623217,-75.6555901410178,-66.858884670772,-60.3035406427644,-78.3206967916445,-65.9629374531202,-43.9321093776116,-35.233651670455,-54.7144737056427,-69.0364422987113,-12.4341587707837,3.22302905190041,-63.1261446643986
67.6545249602651,65.8124863021686,104.574598072826,70.3812564862295,75.9909842392091,142.815843036457,130.438064317419,119.619941641373,109.678693028817,112.151845552744,112.484823495393,112.612584636278,102.652560981638,123.609380653795,119.405193098464,131.927137366681,139.753000155425,118.539295054011,156.121539591553,83.3748894511638,139.767060052549,63.8851659205547,108.667441991866,218.076210407282,152.077561503014,208.543027550557,1.89430626972657,213.103887619018,382.338002858423,56.0191717928384,366.285254822772,660.142943063627,920.632169081513,33.663669398157,123.319693947941,435.899533331313,675.112541014826,759.035137861374,-43.0970793723756,66.2050934985756,525.705865783122,805.956720473587,-2.12620848131913,732.05997083952,921.670800364891,7.87629838629807,24.7244412999569,-7.54161559529907,18.4061403126774,8.01991605250092,-35.8512261076341,6.38617291451417,-23.8712618296841,-0.408337933458646,20.8970804249345,-44.6346975243548,4.71042579075232,-3.50944037462227,30.1009735117192,-4.66101633194508,-43.318717762061,7.19088000669135,76.5410462300972,-39.3557870115048
102.670358980392,90.275246041634,133.761600815211,97.1727983151551,95.0009140864817,177.160065445022,155.896506929158,131.52230743368,144.083237006176,132.417880716851,114.05444889974,150.582643440849,128.983957566496,136.272447141782,161.243946582739,170.685252770279,202.90698105295,154.356748995113,161.263663028159,145.469001757947,156.934329428552,174.758584674997,145.252202485177,175.04245469914,272.400189403044,169.27440743359,191.005651219675,229.155597032772,349.776417008242,168.431608701346,430.231872155356,688.609198774266,856.832172261616,116.880844060948,239.375373415251,684.214219418321,819.91700602567,669.814553313223,-34.446270357479,392.535273584231,868.487674625302,928.018545236659,518.357686063622,1067.26032906443,1281.50925428295,116.413776717219,120.207027481233,101.159520162804,114.505769273139,58.2383600034375,66.3494829638492,76.6247645832196,41.8987257059049,85.9784099803753,105.702264399512,-2.46085542433202,88.8178461718218,35.868794315289,106.048070092754,63.0116087852108,-11.4928321335931,47.9355922619938,158.192515126036,-4.40105343867748
110.001349816082,83.9385776395878,139.838089547461,96.2194365584906,85.2480081494075,189.0950495525,157.56347292734,110.496693618167,153.244281960471,127.474171249657,93.3215423045563,158.134204328171,126.393930156939,122.252081244468,184.036989619271,221.414879809322,251.299338081066,168.241347280569,157.060049580942,195.326109220371,158.323596176364,271.971487751734,165.210720919556,120.727501421377,341.675512918475,92.6649867157261,337.487210780371,196.647165419042,246.044283342276,195.922592000844,413.249350594578,522.243056721538,742.00013702451,190.243812406049,283.073730007214,725.542342720634,819.905103356439,585.216409411686,-81.1512711095236,637.889588855523,957.19241746982,898.81921970922,846.222586487937,1124.53468313266,1196.26003346813,172.829196010271,138.591737929839,181.630053144005,152.104022640169,45.7933388056356,141.331201531697,89.5942984919109,71.8991190836744,115.907419644479,115.652322254934,-8.62270056723616,109.530253243897,26.3460308345093,125.007836165964,81.3575955384746,-28.5113375929496,58.2021014663242,181.818666826967,-16.2672577076425
46.9134715637844,7.12740425190449,82.4901891213992,24.3510419813664,4.60803691616103,136.513040518534,91.4691739576966,22.2748858826781,99.3032409270604,60.9987722151272,12.5055271484388,94.5471463264375,58.8128039676675,41.1144502135355,149.88379492604,210.59838971456,235.57330629584,120.467728051413,93.0339994001404,184.577414235448,100.748907972864,295.396706246749,135.914005091449,33.9356430980265,331.281466145613,8.05324712988535,413.425980487611,147.298109259396,87.34006110032,196.177512260018,344.985716532601,258.39293439786,472.371055129793,231.301348308971,293.444586655724,596.316382823029,608.519650196308,366.543223340836,-127.033939974891,709.265365975308,810.376012567407,706.507349715559,932.654403831001,982.032626644364,845.11667488264,142.639676575736,56.6229193908535,179.575588952142,90.5434598187089,-55.5948656467314,114.458562470193,5.69849237983373,24.4813279596534,45.6812978922602,11.5883167766645,-97.0578261724225,38.5159487477764,-66.128095183587,62.051588127977,11.9258962903471,-130.653202346927,-27.2913970917905,114.352302350748,-118.490138940603
-62.557613621488,-120.690339833148,-24.0957891630617,-103.601089378635,-135.018575800427,35.1016293087591,-31.1931738223751,-114.226618014685,-2.47751395799921,-61.0092970679933,-129.479271632774,-7.63132032122644,-54.5135860896639,-98.6999988410328,72.3243019073527,104.539398627717,177.795151280584,20.5142471139788,-48.4864260579753,118.885507782412,-22.219284031713,258.196056233848,49.7533756391666,-111.14604806543,271.16651638453,-94.0872630197262,447.252732599906,93.2482849001656,-104.138542684507,228.789806950358,264.7268916409,17.5057295722565,38.2784561594783,272.573432421301,369.270185510932,421.146619665581,237.658785147683,12.0187666233301,-61.8099503096694,677.331048523311,530.065486993636,363.318666708645,847.182278461541,710.670541027285,400.410725312054,17.7247028405332,-104.911845506641,48.8469931157086,-60.4350235268547,-224.969468976434,-25.848818204244,-161.338759702939,-94.3164821279663,-100.372287559769,-171.033954677352,-248.919688366054,-79.1635487749078,-230.011812472491,-42.5945168227878,-113.753580142936,-291.621555061719,-202.527068501972,-0.138191507078103,-289.757626788363
-168.323817485003,-244.448320214804,-131.149887323367,-232.000551199637,-280.212580645863,-60.7778864024656,-154.680048642746,-247.377716948942,-105.543931989754,-193.019173076605,-286.209880772025,-90.0274916486292,-163.963331521341,-243.778310771686,-3.57283225656349,-48.0965281143594,131.952682030648,-82.009502632038,-218.391653730874,41.9659539230021,-162.349095633349,215.012966106168,-61.3755625674286,-284.882189562539,194.08158311673,-224.900234206106,446.142451277816,33.4145924966623,-280.040067360405,283.581936162906,193.272259930791,-129.667717278847,-368.167565766717,317.629325491653,514.004951836053,297.195189143544,-83.9809027776348,-293.084382675324,112.759433766724,644.750670310722,243.925310946082,3.14547166196718,696.923171430975,407.678200132211,-20.4947619052599,-153.868927464458,-299.269131705277,-164.134363082109,-239.486874702138,-406.816260642887,-202.631234560967,-348.95378258674,-225.26716928235,-255.458093586151,-351.398533981554,-413.082341870664,-187.090283752704,-407.549316631291,-131.829376788478,-233.550923873403,-446.635481759651,-391.267793727892,-92.2507441658183,-459.650282535239
-256.067973769765,-338.198632317247,-283.398506001326,-330.381370881961,-393.440598666054,-132.615777726163,-250.393517948756,-355.239458003316,-190.362521749021,-298.753897552271,-414.520048970241,-154.17987607724,-254.401884128056,-358.28923077591,-73.5625406809961,-185.729511807922,92.6472021722554,-164.560994314962,-359.255433913973,-31.2750757725426,-277.161976834378,165.974729878165,-165.514696893129,-425.831385943074,94.7356769317786,-353.14369963197,372.647874061209,-27.8337957564991,-385.835062115435,304.340411425849,120.057934743708,-163.441476394686,-553.298150200788,321.267005433958,587.456009131645,237.677769923696,-193.595651864423,-405.498717778419,266.054496388686,594.753247855908,54.1032743933848,-189.546878074788,525.229288925131,158.494881838197,-317.088785325666,-273.884130117756,-461.029711406269,-322.064473634214,-372.160857268929,-546.130829115947,-318.8119119696,-486.342181310413,-310.322031919307,-361.280987115217,-469.303565772128,-537.708895510669,-264.170028062512,-538.450843160271,-191.254798629039,-318.4045999467,-549.394088922289,-526.374152818464,-148.820481187949,-571.759132451265
-310.955008953328,-382.502935645139,-747.956102343975,-377.979012733039,-441.111624586041,-184.269600635368,-304.910033264366,-414.42676093363,-248.160082575706,-349.618371440936,-472.124662326737,-219.301054848107,-314.519802883952,-414.244560083153,-146.048375572798,-272.882391857586,27.2519729069097,-224.657681014138,-433.182347932635,-107.286338134838,-343.284490180678,71.4183757494292,-245.271030196295,-479.307798406717,-32.4439237859407,-414.4364042453,209.377470083389,-89.5985858725403,-385.583542393398,248.622161269832,18.4679722003877,-71.4730923941017,-467.381555754521,262.330160577835,463.604378211024,219.997154857316,-81.3449735359946,-284.487086688679,293.392657836263,490.980729590205,32.1751301901382,-114.561775774447,393.523914448547,52.0843108061364,-428.952913142859,-267.261091450102,-506.295396648366,-318.352533427392,-395.809476891162,-577.377502013811,-320.658247368745,-505.529681211175,-315.026215754385,-373.900978283735,-485.432487718797,-554.331991588666,-286.470474545864,-567.184499488974,-216.331070102174,-348.209174416291,-563.225384171104,-558.517345211196,-178.042663162841,-588.406838054059
-289.04827683143,-335.124093100026,-1846.96586046155,-333.784772618637,-378.016099930831,-188.893288576374,-279.397205530324,-372.940078391646,-245.072851965795,-310.051356591747,-410.077687617921,-247.874940199221,-300.090119983777,-370.360779686033,-182.619699347142,-288.747905889825,-43.2326100773035,-232.69693546225,-412.93057513446,-162.220668973155,-331.439609825295,-50.5558068484354,-271.805305460387,-415.506528091761,-142.409472329815,-369.450637358375,18.2927593333627,-149.477615113204,-274.658627085183,144.705273051168,-109.901964329123,125.14271201036,-145.859593242446,179.894164440865,203.621011288546,209.917788279357,179.444657461981,82.1600441325802,233.607147886386,390.733934010471,176.6419969555,184.84702231028,387.546415008085,153.570028541802,-367.041426695254,-149.485880407038,-389.008036980633,-174.980447259276,-281.833283515532,-442.300925606722,-210.315195445842,-361.821985426941,-220.369293367823,-268.862666764971,-363.218410331234,-397.138609093352,-216.980404160422,-445.15779115505,-170.214618219978,-284.0558020659,-450.723238649896,-448.25696900866,-149.182759784726,-476.872988648111
-187.376211106545,-198.744811260194,-3436.61422386563,-202.001982631097,-217.879340592158,-135.302554015038,-173.573712706258,-236.17327996563,-175.651640895788,-190.893752797353,-246.825257205734,-214.195751085127,-210.370920108208,-237.432301618792,-164.678694251601,-246.994579119361,-88.4939702396052,-185.832864415698,-320.161647096189,-175.896760710354,-252.703703271436,-148.384006754257,-240.120962457481,-276.334878886836,-194.886004124144,-265.963256850356,-128.867788344174,-199.646094339639,-120.29205554358,62.2549783343505,-238.573533519996,289.53490658371,298.724743320506,116.331514445857,-14.223270353381,105.589667777855,431.644516955035,596.02961865993,197.473635886027,318.046595140057,330.257102598186,531.494883930545,450.904337591227,371.953264016223,-193.80612862149,8.06731384089436,-162.78139892585,8.05476718748242,-74.5117538874236,-171.107902346094,-33.0896299415906,-95.1232204854017,-44.4751307970932,-78.2842342073646,-125.455706493161,-95.3914267187568,-64.4814255212496,-196.639481481858,-39.6759954234703,-130.249043328792,-234.220758290809,-218.91216079273,-45.0112794974757,-257.869859676557
-58.7395674306665,-32.6901633724675,-4871.04288795526,-44.0902236345231,-34.3514879643832,-58.3775006464319,-46.0400205351028,-74.9011371199715,-82.3874673336252,-51.2353744017966,-65.7917434998542,-152.502698462989,-100.934080854672,-81.8954401636681,-125.379561608106,-183.848764411358,-112.991971504954,-127.74846905158,-214.813755748711,-160.513449969598,-163.246205534869,-199.703467143669,-183.911836991393,-146.469503559848,-201.123396018853,-180.738554698703,-207.858932199221,-212.229524644805,-15.5951158221916,39.9081147056385,-319.646703093613,277.849491070565,666.276388950114,94.1638596215653,-94.8004183724238,-151.501655466171,485.704100736554,995.239025797817,243.565416257278,210.116039723059,289.199600984429,712.409953040196,427.884035700132,487.801448403945,23.7348947816339,180.43284185181,78.7825275366775,185.260198382463,145.448523146979,128.832618618665,174.287462443581,188.690570242145,168.671277396929,138.426265079397,137.921439213771,231.767712730992,123.379120546388,78.7315971917456,134.013568770197,58.049276293961,7.75427821892475,48.6886855784268,104.619550456533,-7.04785500317101
46.8590570681244,107.092936522053,-5777.19344683735,85.5535502470455,113.07849359373,6.20292674826093,52.8242800761276,57.7556599763788,-0.640723544087232,62.1658136464853,71.9771396188937,-97.8215075276092,-9.6904809129699,39.0470943296043,-85.6842705721589,-124.373687865955,-120.129205749622,-85.2799077684105,-137.082829386668,-133.801568018073,-102.71496447962,-204.514702222519,-135.436259652383,-76.2966243280009,-193.969041953363,-137.692668321836,-213.639072366599,-172.18294062272,13.4200917553628,44.2954542536503,-299.929261865781,122.299232277596,773.459015544316,121.957234541107,-87.9090954581891,-406.031725010646,270.05717612294,1026.57064174186,339.949426276655,74.2981700628076,22.0991617266458,591.804517131922,290.940743318069,350.053826250938,211.41015445736,361.027380646038,271.265797267629,353.977611571217,321.717184017084,355.230199600781,381.291160784309,390.783726479554,366.114571379505,334.410316479715,337.477411480065,462.540782413168,299.160672890605,282.412849956972,286.400203792927,228.117107454007,204.868384324956,263.842221297576,247.324640514625,195.413495825068
91.860071225243,174.894324849676,-6364.17210753841,146.087682127653,184.006031782794,29.8756821619179,89.5791296223761,127.671072891162,43.1746432493418,114.638105495279,135.625394267676,-73.6953494081064,36.7375317570407,85.5435142955766,-60.8492679838306,-101.810964924569,-118.201809131349,-72.4285307633938,-115.955554356893,-120.50777274477,-91.1686292260023,-185.986531235104,-123.783810957271,-87.3926781247757,-205.586316914467,-143.51028814434,-170.809565500018,-139.235317369534,-27.52874251111,1.56999513151829,-210.156054862189,-65.1311276381106,567.014679669427,163.516909810091,-81.9032236933365,-491.516948255004,-154.693690409351,640.605434201343,400.726976790359,-4.29783049195047,-345.304510846057,170.90593372061,144.420369755825,-14.5151440677423,291.568409689514,466.654736858825,376.113215741158,456.446206674948,414.718837754767,454.831954541822,505.748035569178,455.682284596267,468.991513067273,455.44505336005,418.548080095144,524.279365793997,402.242958257379,358.679976359585,348.994712815108,330.510386398045,310.842752245858,353.235947382817,310.459665336242,288.631810357199
62.9435370352789,152.366770201897,-6849.39023238837,120.803272607064,163.337794681138,-3.54467399065597,49.2337588498003,114.523548960787,26.0269923951089,85.6225499361475,112.620874394455,-97.504772992868,13.6947386875823,50.24134829384,-73.6143736918164,-144.929907028934,-129.373761916115,-102.546129968617,-169.653167140868,-139.270079749741,-134.349047971321,-176.612393442199,-161.243767696236,-177.495232735778,-238.670495135992,-209.458940676396,-135.913379718681,-182.939709929384,-155.879361906514,-99.0917300470157,-181.041994921974,-282.85409825011,147.501196526553,153.020839604975,-109.607123228747,-514.894784367476,-671.925771808713,1.69561758968959,361.714893328895,-41.6503052985788,-708.978928228584,-411.143706091483,32.0920100123173,-458.242620002873,231.401978990159,421.636633804834,395.534727703262,437.154283794358,408.335435766089,446.595219966272,477.29273571606,404.161998623497,428.944065684535,465.05932042846,388.208012758825,443.643433728754,389.015184176204,324.305022875403,299.19760864899,337.2129369233,327.180306336113,316.370559285468,257.93779877816,276.741636119056
14.3816799583661,96.1584760640723,-7158.84672105053,64.3239076885185,106.814923768065,-53.2716388997776,-16.9864955504978,62.7852819992748,-18.5859658949772,24.0612596920931,53.0210090008589,-134.153037211398,-36.999887152155,-4.36194637741949,-90.2250248374702,-209.542649519032,-132.980208718157,-135.907403530356,-245.197326625692,-152.550263051362,-186.092897469011,-158.945994542826,-194.771827330767,-277.153976839479,-236.241001619905,-290.223700871921,-109.355630737396,-252.341958082438,-327.310689982554,-156.830809895056,-265.312710697791,-529.713163022656,-291.992009632094,90.912744262896,-141.418023489255,-618.838916096898,-1106.05724928929,-649.467948466197,252.224838451963,-127.365576606998,-998.659994574831,-958.455636879503,-101.049036153827,-824.617120048707,47.0335018423684,290.490989521457,371.497469593636,343.129885709455,345.64093428242,399.720461278657,353.639160196055,327.679638163603,313.972196077131,399.586135349187,328.767463732762,337.444998132621,305.034244506418,275.064690008308,209.750935434941,291.596657037373,332.325126855521,244.782021656816,165.659702194696,251.432457563714
9.05932786605131,75.667991940724,-7217.10864849221,43.5440535867905,83.3010978163352,-64.9921289467386,-39.9541927531608,38.4583993771374,-31.9585259548143,1.90452192188465,25.3783993180043,-134.821492134406,-47.6326796142882,-17.9240232910554,-61.942373754343,-224.613107615495,-93.2366729064128,-118.517297543644,-262.052763405264,-116.912799275893,-190.732411022515,-96.6926629431655,-162.255671906765,-303.762396965074,-153.477960052442,-305.82697474172,-30.7606542710009,-232.5347268446,-415.864640429602,-78.1377835255374,-339.526519273799,-666.202410771365,-591.659905443125,61.9476045779178,-135.11695034613,-676.596733123402,-1273.64338234773,-1127.28843639952,165.278033565512,-250.187346072316,-1121.76267457117,-1318.58748552149,-279.690344673189,-1024.28197575466,-215.062832628882,190.411690016863,321.880225037706,252.904995962504,283.049291003672,348.626456682491,250.933512758607,285.687434599224,232.120235181078,323.907890007617,305.042343605591,282.183533285657,237.805559070475,282.445350013002,165.134913814324,257.77155406372,394.029776085517,218.608149702754,132.72436955829,282.108980222661
15.7665757028,66.1171794945642,-7119.80011748113,34.6458820712833,68.8715839729732,-61.916614265527,-40.3486806489654,25.2967201182147,-31.3646277200741,-2.59254723384602,7.89798941603787,-127.206896763629,-41.9619857239621,-25.7262554691006,-33.5857950407191,-207.767745596705,-56.3681567846762,-84.7272014070133,-233.88470116355,-77.4858898826421,-170.343348081994,-33.2890166801391,-99.7784169901634,-274.297440244508,-46.0733292607283,-249.359069130046,92.4465912324029,-119.161206154032,-379.065923298656,84.2313368290264,-287.024022135451,-611.718098806794,-726.075418047754,106.326618672244,-95.8020787448579,-545.307732011362,-1166.20262945178,-1332.18285518665,128.824267147695,-334.082098082751,-1064.57314238285,-1426.60733424632,-441.140278721066,-1062.13684483676,-465.476391668963,128.565461654366,220.850377656257,170.414737220199,207.869877180528,258.348130990192,181.821820442998,231.728545038518,181.584935114799,243.465696632554,272.289205591564,233.306774599811,192.995546384956,294.217220808333,143.346318391347,223.098941496266,453.986787905645,207.218208536507,140.275260021556,311.98385978685
-7.25716873130716,26.9071048094337,-6951.95317928362,2.75395029729168,22.2193908066336,-72.1537084505173,-58.0521480411799,-9.81275474628983,-44.5967305357319,-32.6234702593642,-38.0106115137926,-136.371850952276,-56.6366658051846,-58.7855561851106,-42.3686690747941,-192.146682505164,-64.3157794717783,-75.3859659039612,-200.616782628746,-72.1395996802916,-149.640937458714,-17.7353438944565,-59.4017389739316,-236.638400380664,30.5726284867286,-155.780767200536,195.197193491687,23.3943697510913,-275.55399247193,223.374116161838,-110.606864158045,-461.43018774277,-725.705781861946,176.774352120322,-22.2185851112914,-307.221643139173,-931.900482184076,-1207.86942040611,113.161545120575,-319.266685558232,-913.186654743358,-1279.45538969587,-485.701586914131,-966.92397293589,-576.392556519049,64.5249336374071,89.5018126127558,88.9043950234393,101.861428085037,127.415140026303,103.169841447248,126.693530361181,112.332722526413,148.106952849171,182.096227838402,145.677158140741,136.002011457103,243.400280067389,97.7646451010832,158.979679159531,424.006391591438,158.260792169446,127.405218580335,273.601331418125
-5.36129993391318,11.8611845015885,-6660.73971656364,2.96575023715044,-3.29094339472504,-43.1665311477202,-42.2651066843227,-14.9755079351444,-17.8364873233635,-34.912952270319,-55.9940077312335,-101.65891825095,-32.4186045966725,-49.5833070876008,-12.683964915762,-125.284227570779,-41.441204242386,-29.4277078729374,-118.346165887858,-29.4961125796067,-72.7903449601218,10.3570543886287,9.18527008732343,-154.136301162204,121.677080505249,-11.4742513406833,268.423613084267,197.322574845297,-111.592821959734,327.336996841937,164.612345221561,-282.269786404603,-561.796555178492,239.973485193977,139.478760522925,-63.1406620401555,-638.219023374085,-782.623377528154,149.829342251096,-141.758246354757,-716.011284455139,-919.546992732212,-376.215545173683,-736.511986335658,-485.435318697163,43.2437412337787,23.3454803715321,63.8256425952604,36.8485953575468,46.7881057847177,58.7802619570726,49.9429038537727,71.2067684528574,93.5842301920778,104.8049861538,81.9949133324727,106.077311780156,181.324157200608,79.3440490326345,117.977003435586,343.345531392089,115.582695519042,122.674113366096,220.832578639974
35.722873515932,38.9856653750523,-6218.7464362213,44.5886577966512,15.5826720510197,25.080453253583,19.5654485230606,21.0517594216933,46.9328909976575,7.98438170893201,-27.4687326131909,-24.766970397403,36.823158003191,9.95490726198516,67.5218301858741,-17.92575623442,45.8914015936725,66.1927360077825,-2.58042472662087,66.3978107630036,47.6491802725974,84.0552085978311,119.972952971921,-29.471805824936,225.973016360627,154.442919357626,305.240204182012,373.357656179764,102.695918291942,384.006496616762,473.574674654331,-70.850119235651,-278.184456891772,281.999584074651,351.386581374825,170.176009635592,-303.129321829048,-288.980908693656,248.090737028092,159.633977945218,-495.271560347111,-506.988726557003,-209.151460557756,-447.513921082712,-336.259767201348,86.1654576165059,33.8353097608674,94.6535057367447,44.0360469912013,42.2074897532172,79.9603400467597,46.2159097521088,93.452388196712,98.5845489585896,86.5478932029632,70.2215831136873,119.039011484299,146.051367679499,108.598151944434,117.707135712182,268.324772848443,104.462235554079,138.757689092736,190.602321852591
11.7928391326173,5.16256129895288,-5723.91758257352,17.6005661909241,-17.4116782586421,24.1684117568573,20.2577035521104,-8.72764877267818,34.1891067366825,-9.1333980739719,-55.5914777711376,-24.5416784022801,31.3199852911347,-2.29083758712512,73.9800177596446,-9.43097453598437,85.6705008217614,91.2914684836249,6.56637135199722,92.4849401810215,73.4337195902108,105.716988827799,152.569715486424,15.6931321424285,233.701286761352,220.990906181879,255.508992200802,418.306700272513,252.440406076936,311.04065948815,661.934920219804,121.460697891163,-77.1043322421972,268.978953869154,452.626679957647,340.973318077173,-42.8234078586955,-19.2963100473186,289.573361133036,385.867972525941,-298.558835840246,-247.957702532975,-105.753135852824,-231.808354720881,-348.281070044271,83.4866154452753,0.208312987783978,69.8327043080927,12.3953102312036,-1.61677298228478,62.6844553489874,7.90775397434587,78.1459431402066,62.985409339579,30.1497802733958,8.51573684084211,79.2945518904743,56.497216940146,78.2478069412014,59.1288795587367,141.717789698976,37.1328338310003,86.0990220684461,98.9077316447306
-98.4147479223827,-115.080120394691,-5219.38810498489,-100.837761115283,-130.69956121638,-64.2298976624708,-67.3137684703017,-127.716765740115,-72.4086717801234,-113.787205195906,-168.923055811847,-121.365024545313,-74.0573547166672,-114.990440740805,-18.7591948727826,-128.19692826321,28.1892254111868,8.67180552892836,-111.222637439247,10.2694192418991,-25.9636503408221,31.4587781028603,60.5367050236447,-51.5121837023271,132.678369875655,160.518781571044,143.341154953103,291.577581789972,288.650577602166,123.352529488922,652.29140723282,284.483247068399,-38.2519822741748,212.186701901916,388.5261668293,432.452843390047,119.760839110023,35.0429810285423,201.244211989906,421.859727204451,-80.5953863693689,-111.856581564782,-39.4151833035784,-35.9835327057723,-474.949898057022,-21.892119661737,-113.384333989946,-44.2855938289274,-105.040404434072,-122.782790785676,-52.5809523794171,-114.580688213102,-28.5857581055199,-56.709821238965,-104.513958318516,-129.606661948842,-44.1095844740008,-98.6652548297383,-44.4796250922912,-83.2824422888659,-43.4993177819754,-106.964371704146,-50.7378840640028,-65.9252551177024
-173.591232173162,-196.948256864387,-4573.74182493838,-182.300150812415,-210.3805577401,-124.181898966586,-127.564438119558,-205.55741884437,-145.603201566653,-187.911672354455,-247.100905266949,-191.388843262292,-151.776604892804,-196.011194435632,-86.9820399762152,-224.931791029956,-33.0930145020211,-62.3167416437363,-193.018230333031,-64.2541235677812,-109.144964455218,-49.0554084013407,-35.9435054838123,-101.802504115448,39.7225843604881,92.5782754955648,44.4848578926213,123.718646047041,310.024639953981,-52.2545162904142,533.924959114085,497.675140466835,35.4544453580488,144.178873814045,261.986496697139,527.35500216046,352.161954121706,151.241138845875,62.8926248637241,374.03937374683,265.309246468154,143.4476342913,97.2331273976632,306.151260223794,-456.400098336009,-128.449583813172,-191.752993158191,-138.476496564792,-189.72691279618,-195.551434146212,-159.139338550645,-201.172424293685,-119.27871240046,-153.872909553485,-195.918554498488,-214.566667555925,-138.463521852497,-191.466639926558,-132.766359113271,-182.554659719183,-158.789757540772,-202.220957600417,-147.898816102808,-172.080544149365
-154.654509196225,-170.815180407543,-3556.9305667698,-157.69965701164,-188.575990515217,-103.407579707863,-105.363632545004,-171.918346952196,-128.625933059683,-167.863454996606,-214.218142586406,-178.316188223538,-136.457804210735,-171.677783424959,-78.4416026240817,-210.833689730131,-46.3023966398603,-52.6664576197756,-146.692278660824,-70.7855202521811,-92.1216325270687,-84.8553776414101,-53.0481378655441,-55.878697498557,-2.80676175187473,92.0007027245994,-56.6661853272528,23.7413547513186,368.672638328723,-172.345621791942,410.153784519572,731.184560424848,319.826021507898,24.321609500356,142.858488465727,633.506896077001,706.545854832875,468.268234795341,-48.0978763917916,363.972956699946,678.547010599898,586.580191981224,310.619791124017,748.204424313294,-225.798823378513,-150.397679282358,-163.107536778736,-139.847531326452,-162.883881867724,-146.103551711142,-165.292273541853,-168.621432214138,-115.543045447165,-145.968534305864,-165.752041116537,-177.106247174686,-128.178000722525,-162.314600606316,-111.958076332268,-159.851538543854,-137.265643042485,-174.554090458422,-135.1863770485,-152.483731571767
-85.8773575226781,-81.3812567459908,-2035.33642071664,-71.9940912823621,-97.1076227982455,-46.7717517955097,-42.9446876506043,-78.0046621206184,-68.0350334307116,-91.2169474837908,-106.786897704109,-128.446308955099,-68.2311731247406,-84.6313318824033,-39.3215019330799,-128.396112812908,-37.6516742793041,0.522212060129448,-27.1185026667695,-47.016699860214,-16.6354670320431,-101.143064218427,-17.1695716733426,49.0152156046478,-29.9438387491463,136.484296654428,-183.273479149464,-3.37018090890986,421.130857857691,-258.308476500433,322.814132197151,845.399350408983,729.276949015863,-152.1345116106,48.1348467004168,654.406784003105,1006.58699328006,869.977084280603,-110.021539583402,392.445145479577,963.863962140655,1015.67845834581,531.574936278667,1086.37813966262,61.674518116827,-83.9507256651045,-44.4029299724989,-61.1127192072172,-52.3227976451704,-18.1200928981343,-82.8856324796297,-48.4035165024302,-45.170457810386,-49.8065904818845,-51.0634540061606,-62.1035388062011,-37.1098056926824,-58.6571431029745,-25.6318533119909,-53.8557546442798,-31.9822212030328,-64.9328352168996,-51.8507462884945,-52.3447365208983
-2.04427262353889,22.6243628535142,-245.492490269993,28.3787360521649,21.145416296872,12.2270022042648,30.8246493358408,23.5928992944293,3.80727449360766,6.64127230346895,17.2810338097488,-72.5845845037385,16.9340765574709,20.935505702186,7.91754709262667,-34.2675406616188,-15.3494412178752,61.2153809199764,93.7055757113935,-13.6687801794104,66.1164490650617,-104.142199569671,34.5219300602674,161.81963629743,-37.0407358642102,197.69242148336,-259.388053242455,11.1294962515405,445.49754967171,-279.476217901051,279.074385688332,803.835123882767,1025.21115497215,-270.934985536751,8.88858146934083,565.437919304057,1097.28826902342,1183.68293898801,-105.161443619222,403.672741622597,1037.74614558431,1226.81173347364,700.563727233402,1244.30406836605,329.539504626769,51.7769311498269,128.093784092961,70.2046906443091,100.179516275619,139.158255315189,48.0758318407813,109.505117328751,58.4340428200055,88.8125238074881,97.8665930130695,87.9639963389694,88.7335494946025,81.2710313053661,77.993792134347,79.4165451224794,101.506435117086,75.1049666881131,52.1260840804749,83.5593434673217
77.3044660522154,111.690207379076,1349.70547120534,115.281994331197,121.111226383644,59.4318266907514,96.6530566096813,106.788567282146,70.143071900183,96.9381603444198,112.551044134269,-21.9412358305475,93.1549021495829,113.954282956743,57.256266380128,38.2317628780735,17.2022102287624,111.162182168008,176.203836777263,23.1059529298063,128.277333469181,-92.2110891579653,77.037306514478,242.216583786507,-14.9084803181751,250.302155525316,-238.575319639173,26.2022260435203,447.511240657609,-230.03816976258,244.992538909601,694.967952577321,1060.79553215799,-263.681078317623,3.97483578076363,442.691073843497,1007.76768465582,1311.29289205158,-64.8901190984863,354.934379232242,997.602720219302,1213.59632336024,774.193678432182,1314.18434378467,639.435202365951,193.709320729696,282.723571528725,200.604142667782,237.464938301147,277.510482400198,170.253473284016,247.615260166272,162.106688813921,209.011310952251,228.619175556405,232.77543961221,195.335044866464,217.176979868919,165.877128404821,190.058688801709,222.122118837354,200.655292513497,139.422297550035,213.357086873045
135.570842308656,171.844964816072,2598.71265681983,172.277142911841,177.38700526188,88.2362915822378,135.045508676532,163.254891976266,113.343069734027,153.058819424135,165.964147285633,10.3670384925261,140.286395950373,170.254326443409,91.6655993812568,81.7755964718983,38.6560586550332,139.091642488595,216.70400349287,46.4306500258425,159.058796755335,-80.5512134278409,95.9303147623567,271.99472274188,11.7194176368978,272.160705217506,-183.820614438318,21.7751622176993,428.330134258249,-179.133557031804,199.492330676048,596.550402568308,904.382478005786,-190.495696844157,-23.6832201226158,359.090238514293,875.486555364031,1230.22480144894,-51.7522911555984,275.416904869532,989.629399431427,1118.74402495378,790.331416174635,1422.19187863316,1020.98235049239,269.147086637206,365.053614410231,272.912333149037,312.952895807185,358.684466258725,232.790481957118,325.716505390905,223.058656422483,269.449555777868,300.178057654883,330.581201022099,246.442503306256,302.747014495736,214.180613792484,246.94866949582,300.031428302044,281.613980864135,192.476099814192,299.935356329809
166.827091467239,201.368891870755,3673.27498766979,195.519880004999,200.627661459607,99.071454037442,143.507529513386,194.8141596862,125.415512309939,168.137073330031,188.337212339869,16.7412949787077,154.119631234341,184.598850761327,96.4930545928502,100.497059132997,30.6828706626269,137.476804953078,222.977209425467,40.8769827033243,156.323314560746,-86.2562181551989,87.2193043362713,254.542284943247,16.1173692369899,251.125753487101,-171.354048608934,2.08237694966504,370.331131253327,-180.80314571785,156.967494249352,489.770980660592,663.713451712565,-139.837823998044,-73.6118451323721,316.796055520673,749.552435063179,911.405423619699,-81.8478682875837,226.877566129635,1026.04757287448,994.345572530864,841.589696834686,1561.00385797184,1347.56043840351,260.7721520876,386.91232390103,272.082554654447,326.258111166252,384.567829457753,228.790819558768,350.200939913808,223.386921404381,274.355239980732,313.434542456147,365.823137708287,244.215765963873,327.352441967202,219.140857777662,255.096559561322,331.470359541978,317.715064165788,214.171600277739,336.133405847095
160.126436210465,187.156031124427,4640.90446183205,174.243767137496,186.751620903079,81.770213388566,115.468749974746,186.518294664447,102.281861469377,138.895970435269,169.445917235129,-9.54347176353992,126.887982731474,152.112779838107,63.9112674457901,79.3276677764082,-5.69310862313827,93.5252038085235,179.836150603947,-0.434631281954095,108.856812870445,-119.561596136899,42.0788662981302,180.455720176409,-10.3420148988455,172.627240658598,-206.3032725569,-42.3616349690874,242.362368899276,-221.078735814275,98.4709023218416,315.732519117967,324.882295092154,-153.120033711739,-121.380281490168,267.12894947808,544.380982504219,359.955559547773,-141.688228058908,190.398566646987,972.718475375738,728.148707593632,903.589422980808,1547.14237872226,1417.0394966785,184.158451553752,353.874564402464,205.711936601883,280.69507624106,354.100296877958,170.587481503959,321.880615353267,169.997932810566,227.973704459846,277.431795287634,335.440080271478,198.722689528211,297.881138460588,180.204761679453,222.642916021593,311.775638839607,303.658026662616,197.002525139003,317.714109316092
115.368786248222,129.879037163475,5430.93807997238,113.933829531421,127.074900402516,36.7877448648852,50.9312953679262,133.460646019394,56.0009670444666,73.8575735087888,105.781926936999,-57.8451707151679,65.7774782041111,82.5646425054405,10.1064813847629,20.5035756336012,-44.1043453031758,24.840480175975,97.3566307460465,-54.8983627186748,28.9548776030555,-164.122043740497,-23.8525431811193,65.5321041251574,-50.9151130525743,57.4134064796657,-241.544341916342,-108.402078002389,69.4074018826981,-254.812372848929,-6.10807044601656,106.511492459828,-70.1795497550487,-213.92749932161,-173.666736218111,188.65981114973,251.344162275177,-203.862224516397,-221.213017414379,106.532080484855,759.286005160301,317.724837896408,844.072132446085,1241.35595025163,1182.03216479598,69.7506910167049,256.165101779329,99.3161568882,185.116419236839,263.43378095401,79.2686112991736,235.158238692725,87.6672988377256,137.138987774495,199.437500496616,256.493131593446,124.193238704794,227.418844752464,105.404574807696,155.578691558876,242.666521945193,237.334058273928,134.389902011269,249.508406760786
57.92617628741,62.8705902073677,6057.89203354456,52.2049267923608,55.7724051157834,-12.1934005854818,-17.6290963753206,68.7198055826971,11.7234001103554,9.89800899942158,36.1469544911563,-99.3147592811148,9.48145687383649,15.9898019492552,-29.4328384428505,-29.8281441383809,-65.8954319879903,-20.657700465369,35.6604515538279,-85.038688021766,-32.0579011247821,-187.188207226966,-65.1135632398935,-20.751771882482,-79.1494191382216,-26.4138952858165,-252.465696909923,-153.785392474083,-63.2913201440425,-261.839138716068,-116.190543816214,-43.1948709166144,-327.746008936747,-278.839301605211,-228.752754659644,102.174444799557,14.9429844530646,-473.115974250137,-298.573275996981,-6.95890510109935,473.354394335113,-24.2703531175916,619.057854120839,737.828572757544,792.805390975223,-34.7934992627958,126.867401546215,1.31029480679078,78.3776856134725,146.131731268413,-9.91299647400025,123.947856737453,11.4604694299695,40.2131036653119,106.150937299861,165.063742899329,45.9275184512407,145.745328660434,25.2939488530006,76.8410390546403,156.210561451939,150.165737493666,49.5977002529942,167.300800745106
12.5149074516965,14.6063189934863,6601.97378403479,13.7942648985929,13.2807001827618,-51.1846330743423,-57.1801371512064,26.6642748322391,-17.8780045730424,-21.4176808580091,-1.60181170070046,-121.024794522457,-15.0388233015134,-15.706147858294,-39.9142710325927,-39.7203670760738,-82.1818945542806,-28.6758481763676,30.8933546795977,-83.6258008705354,-42.7305911267448,-180.875567703254,-64.1698568989235,-32.9409956555726,-83.9818462782421,-42.2456770386897,-255.614536824641,-151.552698841906,-114.738448171252,-256.792927999077,-161.579462387078,-123.089090482659,-349.562607144325,-320.439112279043,-248.429570168401,11.534752373802,-78.34984788038,-418.02242473277,-335.37984973156,-85.5385045232546,219.261990293948,-160.449121946551,326.109280216499,251.932221024349,392.096132614122,-90.747632577106,20.2302079257434,-51.4318301166597,-1.94722717333354,48.2605488713618,-65.5381380740788,37.8804955183881,-35.4280771120269,-21.7713353621947,34.7597050656112,82.9086130789924,-9.77716017325845,82.1616305890464,-22.8309340099803,16.8427989982729,87.6083312842966,83.125907160922,-15.5015643481678,107.962329457753
-7.66180715724346,-6.32469847602537,7077.20138742037,-4.42876380921947,1.50407441472007,-77.2261806545016,-65.4639406351724,16.6144351275996,-29.7968521269903,-21.9855504096351,-4.14359467726078,-128.139147691075,-15.9089362743122,-11.9846964423681,-32.9558155425742,-24.7856687972299,-92.9590378490986,-18.9655169704963,61.1514327595965,-63.1306145992907,-20.5735472645282,-152.023706871006,-41.082839885859,2.79502275935044,-62.1154122052189,-22.276166364704,-247.648138110296,-125.19017793641,-118.35593000206,-248.094774495743,-145.663327919565,-186.972346245288,-261.376294409428,-327.567030001914,-208.238595301703,-93.185728723554,-90.820800588434,-264.33546047427,-300.603882239358,-122.588632557339,27.7784567693496,-160.724294836406,67.1366895726401,-75.2611065422869,28.4185443542469,-83.9517768724468,-34.5470703469714,-49.2904211906368,-34.8175698413145,-5.2333175928602,-65.9066340362031,3.36224509835492,-41.2199629861815,-30.7619290423501,15.5886822891905,23.8760745929029,-19.3386423347872,52.9573183943874,-18.7397081060932,1.68098083918768,54.3226309734259,55.3026409200256,-29.2639039414127,85.9971412824818
-0.197043519460744,-1.57788420534229,7451.76494684862,-3.65328180732032,6.01505000460153,-81.8552591885668,-56.6972093092515,29.7266727953812,-22.8489699100214,-8.53904951051552,11.9398844637975,-125.649253759116,-7.48716703991607,11.2679212437929,-19.610524858182,-5.50878585655132,-78.1961477780654,0.300263099431586,93.9038819113095,-29.8558507118135,7.16353405252182,-97.8997584006306,-14.4765968662937,37.8526611986209,-17.9462431033615,-12.9591374548594,-199.237568558438,-114.76598730763,-116.218712154001,-230.045322330727,-144.170224637079,-235.048510910845,-225.646721042705,-305.626182490686,-157.739369831915,-188.520276869073,-102.017221921725,-173.44876429439,-214.204857000739,-177.485967211368,-104.321969000244,-119.474200771234,-152.951326871029,-234.792122289583,-240.796754119249,-23.2767397814622,-36.8101567135322,2.59074638983171,-11.726219883653,-14.5488896119723,-8.38497462872894,18.3421463613743,-7.36712137324175,4.64552636516052,49.21302077982,5.04712342423623,15.1749965156279,59.2948558310553,20.2118432131218,33.344966663283,59.197805786073,56.281705454721,0.603430761230161,93.231101413037
16.9681257567102,12.1528219738263,7727.23237468143,13.6858561120754,17.3067563123751,-68.329045346794,-45.0626623429641,46.0878867751337,-5.97609697068128,6.42444199137636,28.3971588637081,-117.101670125733,5.89392478475529,33.8097572770606,-3.03477321032889,21.1945033163987,-44.6771340960705,24.4982876618438,116.656951304073,4.38257399204736,29.8430420826416,-30.2670320282101,5.02966449904458,49.5547591163288,20.5546613282214,-29.6470338746374,-120.872405367523,-138.74002386856,-131.948683634159,-222.8082835407,-210.068304166093,-252.201436078022,-278.603182128501,-291.949898464094,-186.503621174089,-255.057168677005,-145.918151732622,-162.122897522504,-158.459836011834,-294.079942812401,-200.407787501583,-82.8349330190694,-374.97773095564,-313.121208218736,-353.182031093712,51.8520314851898,-12.8109116341953,80.0682751035212,38.9784140962314,-10.460877555482,66.5174131691685,47.0618894953149,33.7326427173863,46.1278363010122,89.2874376564269,14.6286144153106,51.5739354129078,74.7143525217491,48.1682490007732,70.1491196526968,76.7029040157774,56.4933879583062,26.5740507810807,99.0070231028096
34.2508782434152,28.3903803147663,7922.81342382594,39.9406280366168,35.8422005390795,-43.075428197249,-27.1902498045959,62.4017036278058,21.2243390025286,29.9471094033804,50.3179215097685,-91.5469335415218,33.3526197989125,56.5182747625222,27.491234718208,73.2722591210992,-7.00201291687467,51.4587042331139,144.065446212348,40.047801174683,57.4492580299438,37.4457178879745,25.1918591657647,56.1881226442862,44.5131660017931,-45.3180361835517,-40.8890941457098,-167.581666558479,-165.812235646152,-238.294973651733,-301.856406273415,-275.960164243321,-351.186682206762,-296.282320995137,-288.992483373038,-310.751008206701,-226.149866323698,-211.316918248795,-178.641918600109,-424.638028458612,-296.905687405163,-107.242705024283,-579.999638989864,-395.671713604897,-346.853106349969,95.5470342587126,4.33516524469592,144.45118060219,74.2244467325742,-19.1722465121762,113.087601635301,55.1732129514492,57.3693029558564,66.0362197679528,95.3508892024703,23.0635566914424,68.0179876200768,74.0142678754117,54.1659123242554,80.8408921187516,76.507450274973,48.2945177574032,28.2999441557903,88.5315741935153
47.1024390192069,45.243686808757,8022.440469931,58.4132764895365,51.0046094324863,-19.4929024001346,-7.64920904534374,77.1205035641223,52.6522884811533,58.9145266309384,75.7209142450729,-52.6072798160165,67.3932852229041,81.0338607290944,69.3879867749817,132.908941761291,31.0069794127082,79.1167430178828,177.40583228915,83.1883289910783,85.8480440863981,101.776308042807,51.9565910078,67.805596179372,67.0619447913617,-40.1533106825057,36.3915786691312,-167.344876495353,-204.064460554521,-241.590708423935,-351.512034544162,-341.427825345659,-398.047257535048,-275.911312242311,-358.29433691401,-370.024735010623,-320.094473328318,-318.174397774907,-230.020808990105,-486.667146397023,-397.465885881514,-224.944750950748,-705.410925739696,-484.685577279097,-335.302573029077,94.0459413562579,-2.68497117922286,158.627262998134,76.3856404521038,-37.1237191040368,117.840281686796,38.3278503409164,64.5002832290335,61.1024775774557,69.9130851281408,14.3999484614146,75.8251980110145,53.0502208046971,60.4110118101421,74.5209098454906,50.4531913894979,37.4689198818899,25.0478732868788,66.9175527052839
25.4707398052647,29.6312115262884,8000.94434639713,40.660187548651,28.9363260900014,-31.8212855629206,-23.6134815202554,59.1882992916177,45.4025049511461,48.2390112608593,59.9004356474495,-47.3660014263959,62.2845714826429,67.3975348725594,80.5659905551847,127.977397574127,44.3802284481646,82.5080963708314,162.739015877321,102.419704952503,74.6559473422222,136.607086558903,48.5144443414457,44.6824326896981,64.5602692592337,-51.7381118020684,91.2730681545064,-166.534387816926,-243.725845367029,-215.103900394563,-365.810080316793,-412.716441205185,-452.671429060749,-224.502722322405,-347.202279831209,-411.535970284844,-388.816734289037,-466.924780398327,-268.94445093359,-477.884067605025,-446.055676155038,-365.034746438553,-726.911088897818,-516.423230299578,-359.742318789787,69.8099165214822,-29.3894477044819,118.172066981675,46.6818660601402,-62.5656544221793,79.6607520531283,-1.27561950217531,44.0237049386337,23.631341780706,23.6779289554607,-20.0874671660478,61.8985872368764,4.20926280622696,57.7585020094158,51.4312441600754,-3.50635132376365,4.63022601901792,14.6807485488815,22.7396544608506
-15.0154574271559,-12.9716397508168,7915.72128966437,6.61430981221055,-14.8902237797044,-59.594525528617,-59.5842410974065,21.2977424425559,7.82822842134376,3.37894574202683,11.0509163992196,-70.0544776824579,22.8978050631439,17.5160297911214,62.3314350761719,63.6361171539231,39.8298444290482,67.5156228534338,98.0479980186614,90.0115351240235,32.6159679145443,140.133429083152,7.91677438283318,-6.6928193328346,30.0010414199827,-88.7432515839247,111.297264319708,-177.503920910794,-255.282364941485,-168.398482381654,-352.537063569814,-394.886970057159,-492.642874960607,-172.023611777086,-284.661047065302,-377.016761423124,-363.072053565107,-552.125817165773,-272.490686963213,-426.85172979478,-364.603371662011,-381.938715278003,-652.712274373277,-435.304619722325,-341.11186856406,64.4488473290749,-39.3477076476657,79.7863203605856,17.3262569981487,-84.0247441282633,30.1326669861301,-38.1264393985234,10.2910602034892,-20.3557386904627,-17.788790655803,-56.4594255797736,30.4688662457887,-47.4144356454365,43.7322396942805,24.3832747847881,-53.2435222043132,-39.8007511053045,0.982410133884503,-23.0050205230224
-12.2309087479419,-20.185199128514,7939.03385745508,11.0240855079714,-20.3720715080696,-38.216691410827,-48.8498978155239,23.0611021005127,13.2199418928169,-1.08019340030512,3.54072615130444,-47.556093553478,19.7639092893313,4.094637876857,73.6786431544155,50.6788303242069,65.170437538292,78.1176012207539,78.6831831863329,89.62063783804,22.9662201663839,148.232454326533,-12.9552648371381,-14.0429341765198,4.17013330003525,-91.683900334098,116.910119039793,-143.855927000037,-197.640340893912,-96.9388699515545,-261.653933249236,-259.980290216996,-426.26281535707,-121.635838354546,-180.072531890489,-250.205305698404,-207.830090564558,-464.060426746213,-213.074099415359,-325.567597479121,-175.254350296218,-238.773577318995,-526.106230568833,-288.433443690144,-252.966761922049,80.9435979832447,-18.2083820143813,82.3748935600745,19.1608131400628,-80.5099227602618,16.1469399594051,-40.5304614557918,6.26736876294252,-24.1786598698115,-24.301093069821,-55.9563756925376,21.1857311051692,-52.3786948930508,45.2682758136579,25.657220020365,-53.4532588407191,-52.3043228899991,6.90947911031555,-21.8548817367673
10.4500820965047,-3.9648749700068,8240.39281183336,27.9194621272615,-9.35641746196086,2.86084938826444,-17.9366694541788,39.589427337235,47.2795049165992,24.0123017779407,21.1753298255426,4.16968064554389,46.1183168510099,23.2473719722408,98.423282433774,99.6419291520626,92.4862305295695,90.8876337447804,119.283948791099,89.6181718070924,34.9379308228037,135.287527513558,-8.36664378438532,15.1763603849026,-19.0985099805036,-55.1380311579839,91.1159431563808,-63.6768406652424,-110.637031716916,-13.1756573722881,-106.655703443977,-118.695579949559,-293.642020443748,-80.632812971292,-55.1715007091644,-122.551264673666,-34.6847117968188,-286.985488932194,-122.662131814592,-208.163032240053,-19.5947020588516,-96.7601881839605,-433.88551580225,-211.802314831288,-224.602189705138,56.6628442581171,-23.0172244564893,68.2780350619669,9.9552469242557,-81.3556586474589,8.77215966654956,-45.1303771869732,4.78030393976875,-23.5071890513551,-28.7780390084044,-47.2110363194373,9.61574711993808,-42.9766252406586,36.4051788974548,19.1368722507452,-47.6756051954016,-59.9442055518404,-3.12479398817168,-12.7458380761981
-12.5964710271099,-28.8543379606478,8803.09936710942,-1.54523489695547,-42.547495072621,-8.17173748528932,-41.4079888855275,5.00884829196532,33.3866889631238,3.35261571429648,-9.00100300114527,6.30020040097506,34.4322435921116,4.46412189695863,73.0377628601588,112.613825464688,59.586976775687,55.5041837379094,134.122519153971,48.336222948864,19.09101855925,58.7105275831354,-18.9285211338182,20.3305231293831,-62.6037745923414,-24.1013291596528,11.4483517763399,-0.176460182694042,-45.3510874400407,60.7791740880093,17.5087355782118,-39.8345041361548,-219.072536221326,-58.9036232041913,31.4845485056234,-45.7609863173063,27.3663479354306,-175.050429950727,-57.439128790711,-140.59231694675,53.1794579818388,-84.0131567409987,-393.251407350773,-230.402770135088,-311.429398261256,-27.5716261156914,-71.7559026062826,-6.71370824489937,-49.1024475222503,-113.25241955692,-46.1600584708,-85.6846446182018,-46.0171840631461,-78.4274805036208,-71.7235359686078,-67.4753299690015,-54.1356715558834,-78.5500614400232,-21.6844911708943,-47.5265891516477,-98.8062020066574,-108.127316539258,-72.0534034674678,-59.7638536773372
-46.757122321902,-64.7319142482277,9435.75291901834,-36.913370151015,-76.8229451318556,-34.2650466906194,-81.3008671127383,-36.9099392584458,-0.678224599859448,-33.9198972958695,-47.40136031051,-12.4489092358425,9.09228992753419,-27.3630076818874,33.0619370858911,91.1917520190482,11.9061506617803,20.4850410610825,122.366530165404,11.5270950133391,11.9096656904476,-18.8803877186234,-21.1515144098453,30.7327877720035,-77.8157063717231,15.3512998804293,-59.3665529911281,39.0296591871356,38.4693216657553,128.644223624466,67.430135727976,62.4035547659067,-166.536001349996,-16.9936581466047,52.5387213577882,63.1917343678694,30.8602444435457,-84.1405351916752,12.374747196409,-115.826858023788,144.771020764354,-114.280801918659,-324.618489561234,-216.887460986851,-350.524426649131,-92.6616985277774,-81.0122158514739,-78.3001438789065,-96.4111933875962,-115.778299673782,-106.782409720504,-100.617626306272,-99.1318747140397,-138.307175838481,-104.731912674605,-67.3810421327174,-119.895646545962,-112.54736102416,-75.9267117430108,-118.483425139064,-153.524276535358,-141.789115772518,-140.647474575558,-107.236877879049
-32.2381457572245,-49.27740556749,10033.4450252729,-19.7042694597264,-49.4990479757527,-13.799615188797,-66.4452387299978,-15.8559819244856,15.4120260978233,-17.2873237422189,-23.0117349190505,13.5429269134955,29.0423929764589,-7.07746981157101,42.3769476506063,102.697493844735,17.8731952741018,43.6665271544037,140.834004382002,30.6376364638534,52.7184405157802,-25.1675779028133,12.540823815855,84.9704029384578,-39.6452806276123,71.6817418967221,-56.932884049324,67.7365502400706,141.163566646563,170.892485044828,59.8712048315765,203.207680512829,-17.5846258115939,78.9081054877004,21.3504019546249,202.928828151591,76.5953284545802,94.0753199927647,127.59588479435,-102.98355591484,256.76934238138,-90.5162439592953,-219.816117379602,-144.824385564892,-230.404439651595,-96.4278136403475,-20.0226676458604,-90.8255123158553,-77.4572915114181,-50.7702654436933,-106.384689799378,-56.6686515359566,-92.2974176198819,-127.808917141996,-81.5388802207769,-18.0407787579591,-116.23476725924,-88.7061671494763,-68.7089356102353,-120.726282322935,-145.904388452684,-108.814499521163,-140.688421515148,-85.1545986103979
-10.1584194597115,-21.0538887940045,10642.1890335358,4.30643172114054,-13.7876950918635,10.0186988509057,-36.6990488201578,20.3828326125205,44.4263086743964,14.6921037373788,13.5176094476513,41.3840627341771,53.5940974662098,24.3564301462395,59.0337276825327,115.895573518638,29.6222778975895,67.039172650395,152.490104867328,47.8541776475505,77.2185853748147,-5.84569136593637,23.1899427600273,112.144250856056,-18.8562940015498,71.3214287944043,-18.7801109095221,47.3982474815667,140.713051072087,146.34995092416,-2.15815313971823,205.591374925134,171.352315585014,180.378807971669,-31.7200009975783,187.779810146268,105.138100830927,259.027112647848,228.331210181516,-130.37573270969,232.300453354127,-94.5870437253509,-183.552875331567,-164.563185037088,-86.6526162131205,-97.2936532085685,18.5181536594329,-88.4117710573035,-53.7905608072057,-3.49869437372066,-76.2150644609438,-37.2487016633914,-67.0667080369755,-85.9242089352651,-60.5357574305835,-0.331166844590857,-83.0864177785926,-68.5425834648523,-49.2073847669482,-94.6823075493221,-124.45445144687,-77.4077124012583,-119.68271306906,-51.9019401253898
-36.6173562067339,-39.5909450925079,11195.3658561661,-19.5932439149784,-36.004498329081,-13.1089450174678,-52.2138078530389,1.01405290032385,21.7486566945943,-3.22487235162022,-9.02086860082958,20.0594987234283,26.5516830092808,1.369995722879,26.2200831865773,70.9476272693214,-13.4267724088707,28.703855221624,97.7765231928877,4.90076461525914,29.6449141164268,-20.0201492488429,-29.9414224849407,47.6297483206204,-55.080352619252,-21.7920692034042,-3.43422493112047,-30.8891107656626,-19.2256575777537,84.6939539177053,-112.208059692552,-30.0997423484398,216.528628448005,216.685802960709,-61.9061260950003,-65.0686406576939,10.3577797520779,227.05190693443,241.263247462709,-213.548118600211,15.8334548208241,-217.862340905033,-260.424646945348,-359.551975908683,-83.7404474432008,-135.26107310955,-26.95414805231,-119.794637625429,-94.9853685338825,-46.5707912212324,-82.5172267046113,-95.259876744914,-80.6942162905821,-82.708813167694,-97.4559736945279,-67.2620743804012,-93.367755929092,-114.040812929741,-77.8420188182776,-105.055307708976,-140.360773494874,-115.04200302164,-146.415072217941,-76.8918408165605
-64.0011078385354,-65.2024921677814,11497.1263837437,-43.3866545739834,-64.5488391055355,-32.1696542479868,-68.5415793381053,-29.7333024174056,-6.44317794548952,-29.2250169081189,-41.7517997873387,8.17161033820544,-4.14919212550476,-30.8300035565017,-8.29625079262149,16.2612960760088,-51.8203513682018,-14.1606033422968,29.7960053851734,-36.7098305207314,-26.5375341151566,-23.2735259049632,-75.1722649945996,-44.8474869710586,-80.3252396220637,-121.860486025789,7.38044812040834,-89.2265304432588,-215.865312879309,65.6213114859016,-227.66187517508,-336.28622341254,61.5608501654234,188.473819640445,-60.0512944233454,-363.939925258294,-175.801261207279,20.2681686019864,180.564989851413,-294.690558555836,-248.251858347271,-374.902822757505,-365.418926647361,-623.913564708559,-190.830102094048,-173.8038022319,-97.9748869157684,-160.045153152518,-156.227945511433,-115.606157034844,-117.193354572855,-157.629191157764,-107.056151403836,-98.6920894426332,-137.500473318932,-141.14849098508,-127.566673632042,-160.672600809758,-117.531158646869,-123.787020543752,-138.828996305825,-165.758486146352,-187.010306146046,-104.646414573118
-36.2020191810234,-44.4776103754332,11490.5652951518,-17.8816996618355,-37.8002188643883,-1.33042275177543,-35.1316669395396,-10.3841698167504,21.5910465209382,-4.11717186328751,-19.9200512643237,52.7727052010257,15.5479039510323,-8.63816812008457,7.36696208608253,17.9488360227333,-25.5312532544785,-1.26715467871448,18.5052742663822,-14.6944309945524,-24.4433758899743,23.2916153174979,-52.4248817760898,-80.375785513989,-49.6205426572118,-149.050521647294,38.6357562530545,-72.6404371339039,-317.12146513355,88.6404094665061,-307.748149615977,-508.424227329699,-178.923121351131,127.242194007749,-86.6832218987442,-500.105490876564,-364.334633521459,-183.463478592796,81.3396069799467,-333.586152271335,-420.917148150457,-443.208247765126,-426.647804272158,-824.578530597258,-285.477913503229,-186.109316039852,-129.969733283674,-177.401009520453,-169.230441675105,-132.089235643812,-141.242221014443,-160.106544414991,-113.660241353895,-99.5382790026553,-122.698249130701,-147.289177955189,-138.492593608448,-134.84083129248,-121.062725557525,-110.729826698668,-73.4665007105825,-159.036705432619,-188.272009554415,-69.2334599798936
8.90300692779321,-4.07361460390048,11267.2721670696,20.5188791730465,9.88717454034118,37.5280225378188,10.8565167914661,27.5577436930987,67.5969327642859,43.2017265945477,26.6479116069564,104.011578792603,53.5689774047947,40.12510576229,41.4056580034461,49.5461334484229,20.8361300056548,35.7294267365555,38.7566589954171,31.2832237976405,11.8441134904022,76.0293453506313,5.19469076547803,-55.2889101351433,2.1710747579996,-105.80318423044,77.86393573479,0.107114395743969,-302.588838049914,112.704839116496,-311.967932845177,-521.097215623417,-360.843970464417,56.4682393517099,-147.240635763673,-462.381886095235,-508.259427537094,-272.813560248926,-26.4250372812808,-337.355589497777,-491.093386517428,-429.587233915772,-449.227601893764,-908.777516024522,-303.495865179926,-178.064751781479,-122.02975804141,-173.212625201745,-143.10942316379,-108.682339421971,-144.697693797929,-128.29622226271,-112.25090115598,-98.3247699217518,-78.3692196782715,-111.012902787372,-130.481046086585,-62.6330351457321,-105.675838548632,-88.1082864629758,11.2319433175482,-110.585580890316,-161.982008645232,-2.16999985136758
22.2104243237753,18.6923804674762,10889.2649231151,35.0944595421015,35.7834239257809,46.4347575759171,29.5592082186739,42.1873214290625,81.0174825665637,69.9547430209084,56.4977605856348,125.058519090486,73.5231444184056,70.2810753861128,63.3088001360587,66.4844431311953,52.7818469877516,67.6728234817412,50.7851140020184,67.6136700380772,54.9594111993971,116.380916778414,72.912073602284,10.8960302180064,68.7815471752795,-2.00901264587694,145.375375239364,118.824290559322,-190.600077082225,179.568566845322,-185.510964577384,-426.09854689529,-396.549822317966,28.6237849155422,-118.333978733121,-322.644133004876,-540.323923400714,-240.8492707323,-68.6129667726086,-279.481998833983,-484.757415975866,-383.804078465285,-435.284622234688,-856.053843226098,-220.757653880799,-146.178563825676,-89.5795143639423,-150.235561744465,-109.475189971626,-78.3189240981029,-125.369710239123,-94.5049817967771,-104.189304254857,-94.8638358179117,-40.5942974224986,-75.2187485879394,-115.298068166496,3.98115270904444,-90.0106909033904,-73.8604958183395,65.8118767597576,-57.2780470902529,-127.565367647962,49.4542724215114
-1.08687467159528,9.60047398810435,10364.6939311721,20.4190479775677,29.5820609365655,25.5148254710681,16.752701245763,25.2145572488323,58.713461742745,64.1489857549781,56.195428688131,121.734664496727,64.000422817617,64.9009024579372,69.430307563518,52.8783638061393,82.0862170866871,91.0072050121783,46.096057886298,103.683645694214,96.5170110059637,159.487352765498,145.809364827571,90.0919862022432,155.664336184135,129.217211382143,239.792500481035,263.119750821987,-26.327543145117,300.362800374167,42.1356350897027,-269.114455845688,-297.239053668679,53.0174077440307,44.6811699594448,-141.456188009874,-418.448010112897,-143.39159259744,-24.3540293330284,-147.454343371929,-427.902441665858,-311.864754251748,-396.055054757292,-701.45196189618,-65.2170387952106,-121.550691031813,-72.2679200760961,-135.666516891969,-96.9736205513612,-72.9371850219342,-108.880393317661,-86.3576300683315,-100.775429608678,-98.1850209164654,-39.0743807760536,-70.4270726842145,-111.804527080166,20.8160889093317,-89.3626220221961,-77.6283399977016,60.7725465572143,-35.0829731758646,-107.539499003227,53.2935812139321
-44.941614911723,-37.414610103646,9701.46862813596,-25.451556554046,-12.8003765148247,-19.003465323739,-22.7851051311593,-26.3112821651407,12.0713387891234,23.8209515473916,14.4746857572143,93.7471329150756,17.2950173921851,17.6450513920167,51.8326103130895,6.5042286349024,94.2218814304647,86.4604572691149,19.1236639547411,124.147762680022,110.658899995938,183.049388636615,185.517181125952,134.294021182687,206.003794778897,209.657747010559,278.718774788125,359.912663138774,108.046846200886,359.317270084258,245.709535243371,-116.571433682292,-159.950846150168,54.0332073582513,204.047496366685,9.1160059102938,-227.439230188075,-69.4089150002666,21.0012275370139,-9.6074785616272,-370.587637752114,-219.407079137147,-375.832788163368,-546.836940270788,55.7287477491924,-154.968404831912,-114.544395196109,-166.4175826342,-133.833119531846,-122.418152473568,-137.431162953454,-134.024081776601,-133.196455913876,-144.769357212476,-97.8925956686574,-119.215705579368,-149.501372746285,-43.2921362121851,-127.055845275144,-123.146005528631,-22.6227605241768,-77.8879944657134,-132.937360715204,-17.592468421476
-83.3630191616477,-95.5269622010424,8921.5106218574,-79.7516046271971,-69.5391067828372,-62.9091710305868,-65.7192093430644,-91.5326970299192,-35.3652553914901,-31.0019000629852,-49.6715508235252,54.3975239950631,-39.6472144167032,-46.5955790489011,19.5332255056081,-46.8992271883777,69.7261938137353,55.0288940495305,-19.984157674691,106.303156629711,92.1935122497655,163.749091588745,167.228438566801,129.880427386931,172.510206898697,210.55880337131,221.385556029934,364.121752184935,179.281334676796,282.827309204478,351.364106912991,-7.43462257928422,-86.058942266613,1.73425063821101,253.861406650443,85.8318039014278,-91.039441137705,-85.7096518115704,15.4771017464638,66.6850192677989,-333.21782550199,-146.116209416387,-383.506221737394,-451.572027670724,40.9142914017763,-222.025769206029,-187.081713884644,-222.97221125349,-200.11726711074,-194.911303170181,-196.422956570616,-207.797949049811,-186.840850688103,-218.444246127341,-181.533904478009,-190.302119242058,-212.085792953466,-147.478740573738,-184.447552203664,-193.747086647666,-142.514776420016,-157.645044998704,-185.392970852249,-126.229946585286
-104.402814528253,-127.072745452508,8060.62910989766,-108.581980269019,-107.387426064448,-79.5913803909978,-86.5523952709298,-135.634414571891,-61.4013247685296,-72.2002864089737,-94.0774827874608,28.2400406064811,-70.9660327995013,-86.4721113820302,-11.2137022276049,-80.2337521995644,23.2784730912621,20.6741020139469,-49.1074199620612,59.5667760183467,65.2538723510024,113.377192977212,115.190346129621,107.94156890949,83.9662712420842,180.554735356483,129.957691861022,308.252477853241,230.250763251322,154.10668585409,383.255749044251,99.0694972309066,-97.0462979002218,-40.8608874003811,238.79215429729,127.691655602048,-13.3456372893559,-180.191751307528,-5.73889820767978,88.0669678896002,-249.958929060439,-108.077059256278,-370.746227125755,-364.881852673001,-96.2546377853165,-249.897239172893,-215.813607362463,-249.055834733491,-235.119413422773,-223.493271699497,-229.116648972472,-239.619629412935,-213.521075957297,-255.74026212308,-224.649796383505,-223.626440076767,-249.482265715363,-208.3962355041,-217.78762762453,-237.131241959218,-222.169522091916,-205.401573234497,-217.019649220153,-195.405768922029
-103.160041432854,-117.527141077378,7126.12188170255,-97.9225743719014,-106.003636747633,-64.6451457344617,-73.7251122530253,-137.132336504929,-59.8149297208912,-79.5950239098018,-90.686703801421,27.3047184314346,-70.1645428396214,-80.1155526212061,-31.4198692183618,-85.2253548554281,-11.5023553398012,0.570209738167256,-47.1592480339668,18.520298690067,54.6185933732352,58.8891055665696,76.1018968486598,112.099305179645,1.42362272080397,179.161267286666,69.512245652094,254.680525569772,313.322492888749,94.4606795791663,387.604288337648,276.173305327278,-73.9341019272832,-28.4875935256978,234.422391487553,215.032864355977,130.533763747007,-216.477265855173,-3.10024208472368,113.468228086065,-23.3292365393971,-9.50730402186941,-272.206445605848,-180.581994607056,-206.998050408996,-202.248654109116,-165.060426367508,-208.619460386075,-195.396957534905,-179.393527467126,-198.898606292993,-195.878545046847,-187.330510203059,-223.212311741806,-196.644171908177,-190.383785490642,-231.674092878562,-188.459726760898,-205.710740461088,-223.749323455563,-225.097906171639,-184.595093125487,-206.21616097408,-189.787831077725
-60.5310978261351,-64.3473428260642,6042.29997839036,-47.1304808633984,-53.3467559109306,-21.2184956061547,-21.3145407166464,-87.1293127459935,-25.8419873176605,-35.5322607208737,-33.6033200960989,63.0840447052552,-33.2044675728357,-24.1997442296186,-21.2764632294454,-48.2193321164916,-7.79313398096991,12.5596383332265,5.38590551020243,15.0215181782102,79.3033302146172,26.1788603366433,79.7116174372063,170.493939125806,-45.883015433585,224.414629284493,40.0861422273382,236.167176489906,429.248647309517,115.642036746134,386.041354246248,517.674254300286,142.167088933858,2.99617746574522,246.361735744545,358.305368879936,413.924098962213,-27.3063467764281,27.6986831819297,186.797346897755,325.083872001049,261.736579148439,-64.5941902132211,124.484613770836,-152.217400542433,-100.17356230357,-59.5266626627559,-113.7253390535,-91.6892054314061,-80.8457818048072,-112.192609240484,-94.5258018243506,-113.731073772148,-138.748878508866,-108.18977509239,-101.792775979783,-163.09006839144,-110.847915864139,-147.65031582112,-157.659650124904,-163.408104597311,-106.538376768267,-151.669292384104,-125.746567406265
9.78398641690522,6.41628381006599,4721.56147125737,19.4908201300535,22.5447368177756,34.29239651141,47.3488687733328,-12.6733156162218,27.5355551676382,40.1654741717719,44.7106867157648,129.374465198229,29.6163605799936,54.5015220203972,20.7920081428101,24.4444706673811,21.0333353346369,53.107649720641,88.8650256487744,41.5613008438036,131.226892806642,18.6414206430295,106.595317893141,252.145774236387,-77.1216073727032,274.003039463645,7.09525702701852,231.985109117456,508.718988461826,130.857321457324,364.527238171434,685.376232750456,499.675174460426,-3.78306433888822,227.086513898944,452.009743625794,695.919945016452,341.873740524967,64.6584619602753,273.999060806736,606.572124401222,606.080360351098,178.367765225199,408.147224916807,17.5339551009866,-8.52936118807903,32.7384175663656,-26.9924219796122,5.65312481530949,17.0315452927953,-26.3940857733329,1.41902085404007,-35.6490817801837,-58.0505150311238,-13.4393101938788,-9.9041014377139,-87.0550983497922,-32.2340895772746,-73.6452004857764,-79.0730062367139,-84.5645908437947,-23.0396269409617,-75.6133624972211,-54.1308232656357
55.587473045356,45.9712630139507,3218.05473377176,60.955416236817,62.8996305231396,72.1822410073106,88.6113941624247,32.7034698597869,66.4647615507093,90.9346787950003,91.2901089266577,188.704637441023,75.5256200990281,106.179533438155,56.460389592569,86.0960277128303,34.8486745799293,83.9322218634665,145.54753908571,62.7712384008787,173.532426004571,18.9035809432062,119.368068197505,289.832506771275,-111.677217020233,276.518647381001,-33.3717015222634,205.624424515172,487.170568106748,96.2126958603296,296.244543649311,654.278235551709,733.719542379056,-38.8212238903091,153.541788935568,408.356845066625,759.913422005633,625.166214807538,81.5084509659849,297.92578349823,664.575480858967,767.195310354381,341.793806184911,510.4989338906,150.972773458716,15.0474943996286,55.240804345491,-5.05099915478014,28.9889418241728,54.86624534399,-3.85959211255955,33.0875088796452,-7.08461632050847,-29.605455133233,23.2020459461421,26.6820072350389,-53.5260676406557,-2.64818553902396,-34.9136419347113,-43.1519866622426,-44.7214028744342,9.5699242278384,-25.7887555370574,-26.3168214134747
68.2849767808006,52.8545160861237,1724.80680956414,74.4103291615472,64.9559171931714,89.3214391354951,100.901334454675,39.3811487859687,83.316920414022,101.397032708108,98.592610364249,221.322680584623,86.9387608043142,118.495194524149,67.3552756573836,108.874954880925,32.8630527367048,90.0278910984347,159.077209229254,70.328816346919,188.879289721199,24.3260318990728,120.201622024124,275.566457157218,-128.422410327527,247.412424656513,-38.8637347039238,158.591840786707,404.701418563402,63.9333923163803,197.471118551811,494.074721172422,699.717943761829,-36.2111417163979,66.7431431152202,302.343525804058,602.060225023995,673.937218995022,75.5550959918567,246.793355318145,569.33671469532,668.083577535495,398.4604128379,466.389274552806,233.033436097744,-27.4969918196838,17.4810133561722,-39.1088130085847,-10.055086114457,29.907358391859,-35.7393877672686,10.339983063281,-24.3928969867591,-42.955724558816,1.10377218384106,10.5700508916893,-58.9869721023353,-17.0831110977273,-39.9992729012737,-52.0674418044245,-49.5570848434863,-4.66426596602548,-17.2814825564701,-38.6070181132637
70.8590422927521,51.8417432660713,382.516996593955,73.3756502544267,59.5942421129344,89.1362490075955,99.7002670831427,27.8468386225494,81.0931261063092,90.299071125548,88.5812892495456,223.471815842731,74.5749545805211,107.211898878139,60.5555468299247,96.0821835045318,29.6401566597219,80.1377656384743,148.740218843548,64.9402352558744,175.072084661426,27.0766511460721,114.638235131602,242.822275613687,-121.715760404527,218.841954368707,-9.86666289903664,104.269740934833,335.767413095114,54.5265848940485,111.503538770738,360.639963748717,527.49512723184,6.67253314647883,-3.00129689359541,256.993917158097,412.992772694074,606.760350785984,43.2102006395113,175.822168502788,497.908372612691,493.462722667032,412.071297689101,443.363827635505,360.116351914458,-95.0956494100861,-38.6190089371677,-87.1858890785802,-58.491250537187,-17.3323839537638,-72.7170976443369,-25.7854152542342,-47.5609084890868,-65.567671081193,-36.990000719367,-19.0598974310438,-72.0655461765998,-41.0272462839434,-60.563047861761,-68.1787904075918,-68.161694108165,-23.9150670612673,-25.8149074173293,-57.9155875983089
57.2274482800784,36.4867779702789,-833.437471405488,50.2133422886731,40.3628082078166,56.7419567408252,74.1244819156174,-0.395820463926957,46.0273985172253,55.3861233286431,63.46894464162,182.173541599167,37.7221786063097,71.7231265027835,23.1559085106585,48.9953512642423,1.79436422913677,43.5814823696954,109.889353831662,26.3912792693957,122.437105653425,-3.48755442142039,78.0887989870392,191.41355806155,-130.516095054919,173.216379654552,-18.5093636602461,39.0448052031374,275.444733619028,9.80452672320941,54.4727522714519,282.27438696096,401.740946569821,16.435348945969,-69.2040761793642,262.865024653722,316.052147888035,569.373497630393,-27.4610927728608,128.999519487508,504.064782308207,418.879036768753,449.005143067742,519.798635179552,547.907531174677,-129.287465317734,-76.7924262167728,-108.677086768197,-82.2663262269497,-45.5019836774343,-83.5135565241454,-49.6387394359324,-55.0215169110749,-77.96419783331,-58.9508859090671,-38.3115094703942,-76.6771942075204,-55.3484432579859,-77.5079312552115,-70.2857562752271,-81.1682953047608,-26.245702368137,-33.5764342706449,-70.156189701692
41.5279586861688,26.6644739703041,-2005.8017551019,30.1525565662826,22.5609476259818,18.161437942824,45.8982711071374,-19.815733763288,4.70912962822377,18.1909052837759,42.3879804220414,129.90070891603,0.700904896713597,36.6341579315765,-31.8011025622971,-2.99036441170736,-50.1461531071325,-6.82880489939062,57.6819275220331,-27.365400181216,61.4871938744581,-55.3463485017357,24.2984971351776,130.904414201203,-155.131454364756,113.849791855925,-80.4557657743333,-12.0880006888874,205.418486166761,-72.5872454323081,33.737992185731,213.559008341585,355.914218969889,-22.993550371694,-106.018500837521,258.373058770301,286.22993080824,547.312832283929,-98.10889450149,130.136411112115,518.75993858603,427.775006793403,534.863853715425,630.648205153416,714.489659657373,-67.4242725767984,-51.268131285648,-59.4812450048421,-45.6699535237625,-11.5452508166337,-35.9640266848166,-22.6293366575411,-17.6113619947817,-42.3283712210333,-26.3909366063182,-13.6839923842473,-43.4379298465308,-30.9783673941601,-59.060926682062,-35.0478004274682,-59.2762767866161,8.68358173083059,-13.8303398631787,-52.9506632139504
57.4755168995829,58.2190488547409,-3138.16140298808,46.8092002534872,41.7039137138256,13.6000498506709,52.110548881395,-1.1897249451305,-0.33430152357097,17.5715854395148,50.6349096897654,117.913818109724,-4.42233085452161,36.1309946796192,-61.4032884540069,-23.2924383294968,-88.7760302706013,-36.4147778965052,28.4687930067554,-56.1036257374457,34.5710802637575,-85.3142188347468,-5.80339484095728,87.4860448012874,-158.891057449395,72.4902108862907,-135.504712430262,-25.8823849582614,139.044584249051,-133.026245834937,35.4601955874969,147.483911049226,286.456904294455,-70.554305913805,-87.0765582278282,241.553565406908,240.731708033235,437.591918309457,-128.851365597767,164.846657902524,466.9993057695,385.383499862254,611.127614129306,643.879169753729,766.487846131488,66.424107051418,36.6681764019315,42.9236670337996,49.839043398433,73.2434434438124,61.0591426782228,59.1612785895889,66.2246384912277,42.6628425327729,59.3604187028736,61.0457541894411,31.9178171656989,37.8847138896103,5.95323434114446,37.039454468539,6.59643795553006,76.8373657529848,44.8768938472861,1.15569924426426
73.6052377757099,85.6425923508682,-4174.87948673279,57.7116495904927,58.6850474292566,10.8159064374787,58.2681357065925,10.282206121882,-0.58509008787752,25.1740841596935,54.0468123312577,119.544499068067,-7.85785884346979,35.8376182141777,-79.8921080373416,-39.7663700705145,-121.906886367759,-63.6271056853896,0.311092447744343,-83.8846452375699,9.71607180005828,-107.589973025866,-32.7116013870075,34.9504931172147,-161.33676009252,23.0818775077602,-173.859229009458,-51.0942031994958,49.4247550483188,-176.921807855554,-10.1407956017267,53.8638414293806,109.875616605483,-133.992035450964,-84.5249563862843,192.882210213545,111.042942430574,206.983382651446,-169.945979579603,155.17953761474,308.866512256772,208.822139914531,558.944374507406,459.535094659386,646.725482988857,151.819252458478,96.6842779044009,102.091946243838,113.473568081019,116.525059764151,113.919621719703,111.064998965576,115.70703436847,90.4748272957901,110.493299315893,108.40545887888,74.0556321921562,80.9968477345083,48.7719772760027,77.3879187669505,48.3959818489716,112.236445198968,83.1533770906189,33.4141101057792
60.7538257925108,67.8876942236287,-5092.7783908437,36.7481159111044,41.2462028452021,-11.0638632203735,39.0439282113164,-10.6413180468821,-22.5311548467487,11.7759859186186,34.4363569960639,107.559204055391,-26.7426394188548,11.4860812918908,-109.221282927352,-69.707059576049,-157.671289320197,-97.7614536287422,-41.0815340927104,-123.761189001934,-34.0345005152563,-136.215482984574,-69.2870625091788,-31.5063398186433,-180.601458149667,-45.6940960140743,-207.542496322054,-105.150619516673,-69.374289762198,-217.321293016249,-108.127394976348,-97.903711453019,-83.7554606866987,-207.434975916098,-132.369946912601,83.0072431207578,-70.6634345612653,-17.6786814278535,-243.544962920036,84.9697926584617,82.2755416350698,-13.5345149550591,376.078258853352,143.54989752093,405.282707990707,149.446006489629,89.0031525040009,94.1981356239774,101.366701740211,93.4969012268112,89.5577480558136,96.3398840638978,98.4032225830169,71.3207319928904,94.1110133935857,91.3515366495653,52.4504932367516,69.6516203443714,35.9863726308236,59.9731896532662,29.6786762713385,97.044726529442,71.9660058758014,16.5613500740803
63.9018166039996,60.5503691316112,-5910.54577151858,42.1701682446513,44.683719852218,-3.29405700531667,44.4023035433203,-4.39536656569308,-19.6297351783197,18.2149076099899,45.1631824534173,124.40869250329,-14.6374945912822,14.4003691936375,-109.307699074777,-62.6884687906736,-152.303845233645,-85.8783216854832,-40.224367306419,-116.944230700814,-37.3132234669119,-122.860483605718,-60.4958194729113,-44.0231649292924,-163.604787134884,-69.23216295542,-196.242057981845,-115.201298425872,-138.853417040491,-200.322871980527,-152.663779398028,-238.487916093999,-152.691204438161,-223.411881009321,-131.682567531805,-37.4079119987969,-185.67253252749,-92.6853270305355,-259.755791662861,47.6464778210047,-102.240612682493,-122.599338015489,202.245646695106,-109.455617692019,172.544811355923,138.007986038313,82.1448950763914,93.3191064328543,90.9493661115217,86.0909631383135,75.3493938383738,90.4891086988097,91.3181077792795,67.7125060155042,89.4328566928491,79.7483362111165,42.2533436402782,69.4571202300449,32.9423423831011,51.4020752209063,14.23259468117,96.7639237070466,73.0398602186704,8.33362586640547
84.2588986525949,81.4940285607854,-6640.23143513498,73.0290955142745,75.8366099334885,25.93589012955,74.6058002894491,26.6080097179805,8.6416024306849,45.1766502393003,83.306433473111,163.96125457392,19.5037248404521,45.8730342409521,-77.5487740090847,-21.4609146826527,-112.168577777553,-36.9858513642476,0.636010787101736,-64.4956965856583,3.81164965782802,-67.2345576198168,-12.082350433345,-5.61320105913451,-100.733507200434,-47.9742010896157,-139.984246645861,-79.4588476817683,-139.044012814092,-134.488422581657,-130.988475226756,-292.465541167124,-156.228173567795,-187.541321670582,-60.5896306930136,-118.854836123582,-204.686754820022,-84.1597032675096,-195.929605909237,46.9728570847784,-193.555537574567,-111.936807689261,87.4349234676555,-221.807930918918,-0.42514433355946,125.812505603609,82.1874499349041,97.8412098615161,98.2234975293172,91.182704770643,85.2788173009437,102.866973448045,101.666037268107,85.5631260791989,103.651843587148,83.623397521559,55.4514591753722,79.3882906378811,44.3692145220418,59.9884268312098,17.9463150038681,103.622787142073,92.1478180659536,12.1277053798769
76.5145866689323,82.574069104668,-7278.31730296313,70.304726528835,79.659288323766,30.2588197228355,82.5443136447329,23.2498398802508,22.495324804851,49.3171950340664,89.4096072414432,180.776457295076,31.2670093587727,54.7156153812479,-53.0480219747151,0.882577451395633,-82.631022604294,-10.9817097773238,20.0785711444788,-24.4345912734199,29.7451003762008,-20.0501000414178,13.6333085550269,11.5514128346548,-47.0898293866822,-46.8711945554232,-82.8815070928257,-71.3274453959318,-133.386891746055,-96.3771802805111,-141.969601492037,-272.876003483283,-219.841143397875,-167.533014402364,-30.8653123738984,-171.287273706989,-199.164190395518,-134.548564440278,-145.67925660932,-19.1883684159774,-237.259009271545,-90.0107728436911,-53.0115216640351,-278.941520505518,-134.959863806726,51.4893528901729,19.1390425685959,50.2745180326846,49.2821557752176,27.5563086194791,48.2559028257717,61.5217644098773,61.7122866224175,50.0900204644221,64.8496242050793,40.6562930221849,29.5436671534214,36.8321437358006,12.9823160551449,31.8633456343914,-10.8651701893986,58.5689743924788,73.1080223166268,-24.0881200473847
66.7918684563625,75.7968388540715,-7829.31859048425,59.7280272929709,71.6223294325989,43.8352195146503,93.0044078514088,12.9249293248288,49.7791278975935,53.5896747767424,78.3700804593309,202.570401724296,54.3733932048833,59.4115901111009,-18.0902491138335,17.2093106916944,-48.2724471108612,12.1830326187126,29.7469285661285,14.4230380362821,48.8668412295617,24.9958663023349,29.8393757078107,14.7923575958585,-14.8304173591857,-52.106494844635,-19.2863429178351,-83.0841748041769,-133.732338607016,-89.3742206087599,-193.664884039197,-226.709421976551,-285.079444341495,-156.258896282849,-79.8599210673478,-206.099545816332,-202.683493470587,-212.850435075573,-146.746868905087,-147.657290049189,-284.29545920371,-99.6947321455101,-244.350811989637,-350.653321962025,-215.28843538999,-51.430971330187,-87.0918397023433,-15.1975929167568,-38.7898372328176,-73.5979070554968,-9.51963936015432,-13.4416876418141,2.88687915595675,-12.3949331802615,-5.10351587643919,-23.8840276615224,-13.50242376164,-27.8434789246347,-28.2427015498106,-8.28953828172808,-55.5738127279487,1.61135720330619,38.8838550978892,-72.5458413804388
76.0421331896453,81.0647673561011,-8309.04486301844,72.901570355837,78.7982760833288,83.5191801905714,124.426682803315,30.4747423404266,97.379267942272,81.2601678554975,81.8342449408915,243.157552892281,102.874703472331,82.4207789526767,29.8072286871615,42.9995756021502,-9.10950641449876,52.3172010042034,49.4500587676398,60.6309267212462,78.6399610832248,68.707900589529,54.8804551163166,28.5102541089415,-5.59159256483991,-39.6707854931819,44.7838525708591,-81.7111548797347,-131.846355340558,-81.8483425948121,-231.315548254464,-211.781634193836,-270.581824708248,-124.184656647054,-146.225384159754,-244.544165036112,-223.267856892065,-242.567827656665,-164.761532715757,-245.572132111609,-350.028774290651,-136.576604956852,-404.050647022382,-426.645662939692,-232.386406058247,-88.6254998029711,-144.702472960304,-28.8386078242902,-77.0168899722503,-117.87094870522,-14.6454582134479,-43.6659477634381,-2.08920500150382,-25.0342263522765,-32.7473636758612,-43.2177867386577,-14.8682980449686,-48.4244216393323,-23.9362588976115,-8.53840859072871,-71.5745192426375,-6.02545837188904,38.3312237372506,-82.2740878637204
53.4183319187817,62.1285035962064,-8731.20395540052,58.5074039406145,69.8707177498141,82.4146322956869,118.132675675168,33.3908387419672,99.1474646359833,89.7122524109089,74.0341355803769,245.930361250906,113.090316380388,82.8450611044149,30.4494928914738,40.3647262117487,-15.4451364234756,53.972451822072,36.1751026527958,62.2120670321861,73.9764698663847,66.0191407169824,42.7130361331222,10.9380667920817,-39.1210752211725,-54.4043547350158,64.6198612675483,-93.0663240124294,-151.525296984903,-79.3236047038976,-256.565837723071,-248.465228331965,-236.872475608105,-87.8261320151909,-183.839263542842,-292.757309263159,-263.74214275271,-261.279758158174,-176.928146076236,-274.931561792961,-396.222756581379,-190.477098333459,-448.048885790319,-452.088453428308,-211.482482636523,-22.972675747385,-109.102269194406,23.6519601059379,-31.7079626601191,-85.1468554134166,32.4057806308155,-10.5384072327193,38.9115154968382,13.2086917861341,-4.28858651110598,-13.4470403459927,20.3594572446825,-24.3401571752916,5.06480305752869,20.1251851803507,-61.522913596628,18.7321646106905,60.878681516238,-65.790038594408
-15.959977453075,17.0359233085878,-9086.17533485533,-6.85781743985369,38.1317625585916,16.6819657396924,49.3729914000611,-3.73483227434157,41.2217044433076,53.3637604108463,38.2393210653044,198.411901935792,69.9761999671921,41.5762288170109,-26.1215237157163,1.29430636415783,-60.3144291078649,-1.92902056848865,-18.2200099146796,12.275740002368,17.3791915617208,22.9212298649048,-17.3176951366873,-49.738819755704,-92.3016037454431,-108.238959740479,40.2999727908039,-127.453569780658,-181.331421832462,-88.5379090242171,-278.590398268334,-267.44569278558,-236.129724431627,-65.5535331593295,-183.377793427,-301.440863302342,-277.65194715043,-305.299022612077,-176.9882742756,-257.530597435734,-369.90832892415,-216.774708373221,-382.855831218702,-391.946860438235,-167.290158318647,102.517805487107,-12.2593108836478,112.235738736594,62.8138142765447,-13.060152693907,93.4306129532798,56.3882452953063,85.9436367337856,62.2720028862802,52.675651488,39.5089541014733,65.8068354639255,16.5404459484886,29.306938435876,52.2556185590499,-33.8085613003806,40.2549385191034,87.3163330713798,-48.9052243804165
-93.3984147403376,-25.1486815260368,-9302.47503124864,-82.4037051602054,0.673514143179365,-62.0069963308075,-38.1275905997252,-64.1348000462861,-24.0937741293739,-11.7271212910371,-26.408869694616,144.82429227098,15.2961493941357,-24.2501526961863,-87.8705985805454,-54.1953087838115,-98.5388871608655,-73.3037912010633,-79.9482241686077,-49.0513425160298,-59.0804746487202,-23.9601727202607,-88.4286913981984,-116.029550129669,-142.106243112124,-163.047406456304,-12.7198876834234,-170.862629199492,-193.395098707811,-120.032483751812,-281.921815205252,-229.274318766439,-239.874216252498,-78.4709542987503,-170.467099125295,-265.501490851767,-243.67353894211,-345.316261177017,-181.948476529545,-236.752839607678,-310.183159231937,-202.262879342281,-306.87462272216,-306.053352638267,-137.823675742157,183.066373326912,55.4476151081995,165.656372655177,123.983867318504,34.8135787483154,115.602200862397,97.7002698456864,100.131680314505,76.323905592066,80.9645185008335,70.577547320968,82.2548326313244,32.3430183748678,31.0490565593217,61.3323908379093,-13.8225456828039,30.4463374593098,93.6801888909875,-55.76325142102
-154.061332870772,-71.9658157393955,-9251.6501384237,-139.426690375953,-54.9604809798702,-104.136226242244,-102.642646259042,-131.51717726215,-61.6077373069335,-81.3418978040626,-124.526173025931,113.940126286004,-29.7201356739668,-103.071816410344,-123.052236188819,-122.273038197261,-125.512799024391,-134.327299204061,-145.5398436032,-105.883152471233,-132.784976976889,-75.4577672353249,-152.952996762251,-173.848698508028,-196.588364539741,-206.517355205408,-91.408930362775,-220.905564301192,-202.238233184532,-171.64964681352,-262.267350696046,-197.797343445841,-237.943217623031,-123.531430448053,-169.840053981937,-251.105810609943,-215.931514485196,-364.449843909011,-200.532247661979,-235.451501606672,-298.441403288922,-203.330464496578,-285.098940690079,-275.037547006597,-181.886753561721,139.468569336138,24.0052199719181,119.242089442365,83.0097680855282,5.01018250415949,54.1862768336108,60.1972480447197,47.579733908711,20.2985926937244,28.1955494402678,30.3318016462644,24.458182012036,-18.6391100892387,-14.0503973586846,12.749858256397,-51.9955949595944,-29.2454863755586,44.5719731022676,-110.397658516575
-194.505030866383,-141.212237943907,-8874.34165976878,-185.451799529682,-143.15451035689,-104.427483752177,-136.35634582058,-195.919722864069,-70.8011033601381,-138.468844012676,-241.040301276234,103.719099550205,-61.1411254200606,-187.383880493489,-138.721082946953,-191.673382477074,-155.464436460042,-188.196547088621,-224.484214783917,-156.261728413511,-200.282082054869,-137.039345578829,-209.351589720672,-234.621651788372,-235.255915960603,-251.541626455041,-159.313666328076,-262.658817039221,-234.580486007584,-199.644600877097,-244.541179571186,-220.575092647645,-265.357108765884,-141.641932759792,-173.961828304076,-276.809650170832,-242.39290337871,-392.791320748035,-201.669417446922,-242.539098662172,-329.930277268867,-270.745951365777,-290.920464462957,-296.011064003953,-307.248359547803,-11.3181031665451,-91.9943947391972,-23.228673424061,-50.3747098082109,-96.9399919304351,-77.8502846004709,-48.8621635759604,-65.2280795299935,-96.5474493765388,-95.1595062379508,-77.2501987421406,-96.1554127711256,-130.1000371047,-106.098923346087,-95.0792728585367,-158.189985440375,-131.049623174855,-58.1370691734344,-207.84170455765
-227.067923044848,-226.778230601088,-8322.31208799264,-239.981348908419,-249.236376191378,-100.814276625669,-160.516327730396,-260.787608909989,-75.7405649489854,-190.47049762206,-353.579270811812,94.1216130957539,-85.0291968332957,-272.069130695949,-158.196876389021,-242.536615806698,-190.115395015538,-239.498092228641,-302.427086369943,-194.451052992237,-259.931996035611,-193.938180244902,-251.541924741855,-301.354307746161,-231.603427493097,-295.500094018468,-186.396409790069,-277.668134330513,-281.323890378023,-191.718619604368,-266.931604053105,-257.198965134667,-330.252340062388,-111.322100455449,-195.303470976327,-290.578537479985,-311.977968928595,-449.353045046092,-179.334326860419,-264.457693887992,-347.861864707191,-387.654847616689,-292.766259561973,-331.301386220106,-454.20443474424,-199.909255156083,-232.800769834516,-205.452692982846,-217.19281342004,-226.465420828241,-231.827025165304,-185.488043856355,-199.008425551663,-233.920454982821,-241.548846883286,-205.691342996533,-226.687375184132,-260.317478086153,-218.044953731609,-225.464894417657,-289.762914647839,-253.921094296954,-176.133744306595,-321.040580344766
-249.528634600221,-289.718934787402,-7889.05139153721,-286.196416427116,-320.639373102879,-107.036979603341,-180.33738137066,-310.387691398023,-86.3750859171805,-230.656121270075,-426.283440117322,89.3398791863405,-100.979126129626,-329.060036399792,-174.726454408808,-254.97099424247,-205.912682887563,-265.299424286062,-335.868459839424,-203.404373036627,-287.019837285609,-214.932803088549,-258.454655712714,-340.931327376373,-196.133623421227,-302.151200082511,-183.840035482365,-260.621356055241,-292.38928980695,-184.553397938758,-311.788100241409,-246.953014492639,-356.223589131256,-74.629386961457,-246.631972266529,-256.505730724606,-361.815711977723,-470.325438201171,-149.791927045167,-305.633341273469,-327.339939905037,-473.394090890486,-276.932954701413,-356.86823945614,-529.681265683563,-335.352018749088,-326.69499423867,-337.179910145935,-337.260691771938,-317.764046985153,-339.823240151278,-288.579789736913,-292.744372433593,-329.077411085633,-348.716185527056,-294.924931457588,-311.976775778715,-350.338650068822,-299.364343097353,-315.52972038069,-381.397074697572,-343.055916534022,-254.305978041698,-398.643548999352
-224.530634192184,-281.013473182647,-7740.51742899364,-272.965699163181,-305.672583362083,-82.6875596124721,-164.431813804196,-299.090655893529,-72.1254825322258,-217.712257336124,-410.768431445047,121.001381721814,-84.0395244316485,-313.343043737101,-147.508777219982,-213.98423094547,-169.582414558024,-232.322067231445,-292.079384806897,-162.644908274965,-251.637102665186,-175.439767753871,-213.767467479806,-310.839136928629,-146.739330564099,-247.58356024936,-159.385488793264,-210.93821562082,-244.143338127822,-176.792347647785,-309.253859304535,-199.427273065024,-264.867573306482,-41.8061479631894,-266.749391360494,-213.00750890197,-336.477552092805,-387.963555676942,-89.7835774224063,-322.621311821112,-295.093841714966,-479.079532117424,-231.939150912702,-367.559768893848,-502.880162200092,-334.714062058306,-315.491244320034,-338.214216340023,-337.802936312426,-308.923664177311,-328.874644814539,-293.846066877228,-284.508998123888,-315.987327374583,-351.191147770191,-294.958950816168,-303.234427169244,-345.143191719135,-293.5483499041,-306.049251726117,-376.038061947082,-330.389797107175,-244.003306349088,-386.617877465892
-146.45149737597,-208.279397656343,-7770.17520172584,-196.991818951476,-225.531800506319,-17.8081904207151,-105.469882765957,-227.915804747018,-20.5525544294945,-149.903500572216,-316.969890886739,181.492133339221,-35.0865386070131,-239.515406000368,-77.632568959147,-140.284585909808,-95.6470691291212,-160.727012249521,-207.574174122049,-93.7633256897168,-179.532353622963,-103.604212120531,-146.716871940252,-233.717940387247,-96.9851285804736,-175.878990707876,-115.578796008293,-148.809894571329,-192.557992282908,-131.443240100547,-254.352108585885,-193.661346045788,-115.955578534769,6.85504030391076,-196.458393245833,-233.671272612822,-269.626764634812,-268.444396115046,8.1573127979276,-288.792425250271,-304.744545690688,-458.327064146306,-186.496400587961,-398.392486191546,-464.299132274187,-212.8257459102,-221.21107993251,-227.69338306679,-233.930652070011,-217.995501857428,-206.603662408838,-209.11479413921,-183.847203861409,-203.760277752024,-255.312809081082,-222.551888034216,-207.864267532209,-261.1714005012,-208.283245611591,-211.093467942906,-281.432673385476,-236.417211881552,-164.571805123968,-301.929369576932
-63.6595200736714,-127.679137943125,-7768.83197243614,-110.130822164299,-143.198482265099,51.014623631496,-36.2224397789473,-145.15907719909,37.1221421219333,-76.7447564621677,-206.629944537447,233.511303726555,9.34626617283324,-167.387873902871,-12.7761231506486,-66.8347863196331,-30.0419343845774,-100.094440467554,-137.194467420026,-40.2602888145875,-122.051494318904,-47.6363481422123,-96.7585940119007,-171.500275301471,-55.4707672700532,-140.243449940036,-64.7496681813456,-100.544312133367,-186.14008438559,-48.0209264934529,-210.880275313462,-252.75714727709,-40.1588640125055,63.8069078348982,-78.3852677570486,-308.720980398322,-237.174929869243,-219.781831828879,93.1224074593465,-230.002155417856,-354.443789217722,-453.68816182333,-167.585375397662,-466.373264095702,-483.788168755711,-71.3134327248224,-124.128651933202,-103.554603494513,-116.828575426904,-123.431773869805,-70.9224011179572,-112.266435178856,-69.6561269213484,-78.1069263777279,-142.44960420869,-141.827727845379,-96.1405975805688,-169.403832113847,-113.458527865407,-106.34105554328,-163.411220953804,-148.194132341288,-87.4544814348689,-210.340984429441
-5.57815895009965,-64.7668624408211,-7667.95780918416,-43.6030399652664,-78.0809655779811,111.812745762794,19.4614699723355,-67.5437109012245,77.2669513976615,-34.0103402844903,-105.320852737174,274.015151403229,37.5724659294285,-112.325162968705,33.9197455931022,6.78301373523003,21.4342471579283,-49.5513798464847,-76.1164119946583,-0.76871300275463,-77.1741725567477,-4.18999406860467,-55.7659153647639,-132.575893049005,-11.22646959889,-123.352351504557,-4.11063401203719,-59.0716461634175,-188.388621806838,40.6271005567605,-193.111919279685,-287.723673958213,-59.0536140283764,116.825237522303,10.9008236552023,-330.690167427378,-245.140983821292,-219.169862820602,134.878997572499,-158.937259822911,-367.420641928348,-405.482733005327,-127.778447039896,-505.93358123306,-481.727766505403,19.3089671465673,-59.0806560270391,-26.683696058133,-44.618641288955,-59.1138736286783,4.77584744108087,-47.0508440601482,-0.017582869486473,-1.02035405707874,-66.6033587161976,-80.9282701705135,-22.9527992704727,-98.5027210867641,-50.1055788838776,-35.8340788513316,-65.3408230925942,-94.2068289195567,-39.9982460549326,-134.885446141139
21.8766355431883,-23.7091803733077,-7542.04248195696,-12.6454483786348,-29.9840775946199,153.853791695363,36.0061414723197,-3.24774628031084,79.3731161473177,-52.3335411855991,-15.2527521068795,297.797711437201,43.5201947901708,-70.9947203709431,73.6983327993749,68.0465751864195,72.3775099074725,3.94598153978095,-20.5357144193017,42.2818474506241,-29.0751404904642,49.2478508994665,-10.73420902811,-98.9442039001887,42.569885250317,-90.3856128803613,72.5891394484833,-14.0274842740718,-164.039479629066,111.302145952501,-165.896400348074,-248.643085376586,-107.858669643983,169.07669411875,51.4056442931445,-256.854826080261,-261.395236328436,-192.420287759544,155.070596714915,-77.7570864783568,-315.695390707475,-287.557978049804,-27.8718642085553,-456.543725247603,-369.044473537557,36.9406859249441,-21.1118041013322,-8.52157010564051,-25.9084137773252,-24.4623264907724,9.0719778069412,-15.8724657184535,7.2159494553241,11.6806266739393,-39.7786259850586,-47.5311993886036,-7.10530094460758,-49.6353671154482,-25.0282812669581,-5.77777136345026,-3.98274720425382,-59.7184741351961,-11.4559725405867,-77.8344648849165
-7.79172008970036,-37.7567226797769,-7438.04674108166,-51.6117162192161,-30.9412662701834,127.131959429818,-27.5597016243197,3.08849186432641,2.54250257751561,-159.265718773831,29.3929670414642,251.609534230561,-16.6270898890745,-77.1931433699742,78.1092530282459,60.3421852937062,105.306438597619,20.5341706449875,-19.4195985197589,67.949229630812,-12.7748564430714,92.5350037693466,8.6417709827492,-96.8490198099443,87.8075005490814,-62.7424912211056,140.320260800699,14.2479852528004,-147.05505510522,155.524946310832,-128.467085308382,-214.557539607916,-163.883436596661,212.256327223623,61.9038448154511,-178.562941883708,-294.604835158812,-167.607914255375,165.505564394037,-27.9549754541433,-279.736469948425,-203.188622531203,59.6074077595045,-359.646981814413,-211.311531700941,-48.4616209048417,-43.1644549652108,-75.2749644595966,-77.5955180906859,-56.1731737661211,-68.2467346720217,-50.4270161886258,-61.5550581176549,-57.1899714772689,-89.529980574586,-82.5498855778246,-63.6586886762947,-64.7353663032192,-64.4051534054762,-41.1707654288445,-17.719944641288,-76.3273955013454,-26.9464178024088,-83.4239836552354
-98.0392362885832,-114.938145383998,-7317.95967302337,-152.65369038767,-87.173340226698,22.1820537646948,-154.079851660835,-51.5952980742088,-150.376399163427,-298.214260070303,11.9705583499473,113.07598530635,-150.146681468088,-134.484508549163,22.2307357944041,-29.4904212491959,103.608766185693,-24.5749676312511,-86.911725536636,55.2027515223202,-51.8416222645174,98.5120513165597,-13.7460128087063,-141.390883250305,111.633680049802,-65.1860099933342,164.880470071631,20.8841168308558,-156.133502109303,170.106796250649,-89.145298184788,-236.006763955421,-224.467185741608,227.446507604913,67.4801567969145,-159.701861282427,-335.472233199827,-194.931132068936,156.706916002635,-29.4312797849172,-311.219064426992,-217.179844106719,53.4199077268945,-279.518996539669,-115.978175701055,-224.542681956534,-148.488971890322,-225.202119529647,-199.849503308186,-172.798380010551,-215.317809371566,-168.869957407302,-188.219135605124,-193.579221564461,-215.722058080027,-198.023783330985,-177.314196755949,-164.619789478525,-168.898437276087,-149.921868749885,-119.649348529835,-169.681643616961,-109.096563025397,-175.286341566975
-176.608706803484,-177.673995924074,-7152.8800085366,-221.96457213856,-125.960891643786,-74.2060435442594,-239.568253980925,-75.1064447200948,-285.111068948048,-343.174489657735,-8.01475618081574,-38.7279735638836,-266.967768107152,-161.648036127442,-44.6967674903301,-119.044769412851,92.68012719387,-72.8471264147634,-149.844884855401,34.256844729424,-90.6395700618919,89.8263824961159,-31.6489057059487,-171.288567445774,131.268528504564,-55.8149617104544,151.993902039455,46.4518724112902,-135.852868529321,165.991205922124,-10.404648450129,-229.44442222089,-237.33639643928,218.214683984386,95.7973744478313,-132.979248267377,-306.128314797947,-218.956656577698,141.653134616498,-19.8168268879518,-332.985751124228,-226.790689049706,8.70638371563985,-195.780441439072,-64.3806560533161,-374.35958048762,-256.483561988966,-356.30385403797,-315.028634082863,-287.693210893455,-336.303774650676,-289.258691144163,-289.575930288329,-304.301283823904,-327.38481594817,-305.154228729187,-272.427513167779,-268.487931202318,-259.560285331681,-254.990285205292,-229.196191362615,-266.160418556717,-197.48258725734,-274.5088605075
-168.787289844904,-151.605093626609,-6965.22999731734,-183.0721075135,-85.3367675564074,-83.430466457404,-210.97448995288,3.19914893164885,-317.810409723469,-256.889156042895,35.9531031736287,-116.038916240965,-298.762286751301,-91.3941800568372,-61.0132877202637,-132.923988971089,103.578007903902,-63.8993927987814,-145.217482009233,44.5405992448574,-72.5544443230913,103.20014557135,-5.00041498375559,-134.023820474214,162.584493133087,4.17160274508503,139.304828695895,106.164474683036,-50.7446127475196,156.135644478318,117.792224374738,-129.298276129878,-177.883492102748,205.614542866472,140.818772955363,-41.2768737334105,-183.381462171081,-185.280854621897,130.463922037839,42.7117608952665,-274.86194253187,-144.731552808964,18.3799116241521,-79.3969112059353,-11.4087950216032,-395.094475074696,-271.670172736514,-366.660342189241,-335.524984555876,-301.96420145356,-335.000223057159,-310.248646385023,-289.775319103095,-303.803013528955,-333.930719679674,-310.17580557177,-278.863429786667,-282.234103670812,-259.927918793293,-265.423519911351,-250.498517968523,-271.376556439745,-210.385963081306,-285.559392686942
-91.0564160127233,-66.1275008058921,-6765.81018385729,-73.4411922693492,3.4699816686489,-33.8484113550621,-112.125406878245,135.968442612267,-284.01362347668,-139.584893945697,129.03495948606,-142.248656541118,-306.430764876323,32.8732738171222,-47.8056744771483,-98.6502363433563,123.289338732672,-26.8452231107961,-99.9750226817696,68.2407686885136,-30.3757707596406,127.424159886998,34.2944008813356,-71.138820864013,189.842843599759,68.1913828403216,142.812193685439,143.532012416924,45.1660962166877,126.813148333685,216.143006401384,3.83114061120081,-117.414146857956,197.960961341988,152.250843304556,57.4531713541593,-59.2783848062756,-156.611759083882,94.3079207881941,96.5983070552156,-183.043132667795,-49.5319276247484,58.8059959324685,26.5021554570433,-16.3518018364752,-309.220586732925,-217.388440393679,-277.259154357651,-268.132290024282,-235.504261612626,-226.181909017334,-239.509883616462,-197.556965872292,-211.439941548809,-252.213964865517,-232.831122840544,-201.753468219145,-213.294882721938,-181.281744045479,-188.099742568749,-186.174618452317,-193.085167646278,-152.959709648246,-218.869903177629
5.19417171149528,25.8906064388961,-6542.3274503906,43.6584229281172,98.745162284763,12.1345127990898,-3.37325124878129,265.180548161662,-252.082897711314,-58.4595756290521,227.598852732818,-195.186012371583,-342.371204229928,138.753874253931,-59.6014905977355,-70.5250803290242,121.281526813982,-12.6943664549806,-56.6920796465738,66.317904239786,-9.99694489992466,128.790623481362,48.6989320163743,-31.2954081765528,203.022118441289,88.5205695917675,146.307714232008,120.883348826227,106.727875483921,67.801126183959,226.40344232889,121.959676891261,-83.2753325500333,196.024206503568,117.136358779892,120.205374705112,35.5761130441217,-160.2169954461,33.8227063699588,100.096248104297,-79.5445099957047,10.6901656451095,89.2975749743653,127.165243013254,-95.6707114863584,-153.665863970694,-139.873948982347,-137.441120253549,-147.514288012862,-138.588551004326,-61.5306998147081,-122.272810506729,-50.4254449680955,-74.913314807263,-128.172701421664,-124.356479057782,-72.3275701058324,-104.536501019877,-64.2509054275963,-72.6632307393476,-80.215368381814,-80.0200442870235,-67.8041777417002,-120.407955113376
122.448707722944,147.002136750321,-6334.7849985032,186.277156031241,223.870077783537,46.9985929145266,129.555737368942,420.4173940243,-216.265606572416,57.7082113912277,334.829806084282,-284.432874317803,-327.650369438818,237.294277664185,-91.5026687476419,-35.5267048767609,91.0228946639809,-5.37804870651228,-4.28548421100034,44.5898520927432,15.3081396311382,101.336448604249,55.790865756074,12.9388459369206,219.475890055893,100.459441774432,125.737944585481,83.9080729559584,167.772380521715,5.20613427613202,199.275701934182,269.032868494528,37.958618504739,190.616233611709,87.9378593011464,194.010250822254,202.452613118425,-67.1360507597163,3.84354055768164,120.380039464169,106.723998974566,156.881231039479,175.016973526692,320.929760888912,-108.091049523057,93.854792527248,6.2935467986113,74.5690821962275,43.5043177913532,17.5286700772845,155.419570757568,57.0158916252117,144.399196169092,114.165288174805,50.0343139998249,35.1097197704702,104.866196111189,55.2533645363251,86.5829684655203,80.3782583716439,72.6767011102567,74.9310953404555,51.2884406852301,26.0223312523906
271.400224478505,319.237455962943,-6234.55354664434,376.360425939283,395.771015595378,95.9110028372981,303.560291758342,622.841448750782,-143.794937343977,269.871283863604,456.241501026086,-339.866211792226,-189.670685679753,367.728599414027,-97.512056089383,35.1988941508107,50.1233212673933,31.6046714321177,69.2784624281228,33.4114968270929,76.7524470016634,62.0249029342272,78.9995503663356,95.5273770977905,245.755462606659,150.005586537201,72.2021566973704,87.8666148370374,258.132350953277,-28.1775378708935,208.822206717245,452.217074164415,324.691428824537,158.320931172503,107.455429242944,300.750265351137,475.020720839448,221.811049814002,32.2344301602115,219.246345990228,376.583522430214,459.421245800134,378.138186781031,626.540613433686,57.7287586051536,404.084223113558,246.653937828735,351.597895481958,296.947670642267,247.660936036612,404.845600392004,295.871843953014,364.011357413446,351.144213776039,280.431855311587,258.641078899681,309.429203348095,269.794136112018,264.811601420422,272.802234945504,273.683186325057,278.721844159288,212.305589561179,226.945008112929
411.821013707867,481.849240341611,-6261.40047198916,545.24757819483,559.860793214878,184.163192867627,477.48714829678,796.350808971486,-14.1326900985614,491.309322532857,547.030113833408,-282.148733965236,23.6633410915081,489.971803060082,-53.1363252314047,122.342364558791,29.8127871807254,91.5520424590305,138.927979677426,43.5778097034003,147.426448974367,30.0969818862157,111.299730599118,191.449533140144,268.489215414041,222.635084667045,13.5125408467959,128.394126198482,348.786665210144,-18.6485875403215,258.706660037433,591.213351473779,657.600862543989,100.131701946751,168.239859214802,395.903314308967,722.835481750264,594.176909049371,94.9286889146956,358.196667714871,612.410524929842,774.960950894499,638.278110353959,922.916575010658,324.807157924365,669.051076567325,496.078697173797,597.438538746353,534.939790481962,478.400797117465,614.740479876028,516.245643415803,546.19997855961,565.335650452636,494.224532561806,477.584899033661,485.349155471657,476.212599191671,427.81525812644,456.334785621439,463.271046812499,474.353079207262,371.450107650991,418.097812578175
503.044646671676,569.28323555963,-6305.49153908806,622.520384631435,648.578497905713,316.514046098385,602.804815465605,862.524253482654,174.587251449714,604.266335398729,560.246319287794,-105.878560767124,232.171959403474,530.021687145062,32.0039143406687,191.846003419309,51.1403975380567,149.392680178139,179.882961320745,69.27785135126,193.696578273001,18.0154600018628,139.901098945287,257.054479132893,284.017774738642,279.659885963213,-10.5705533064563,164.811863870955,404.252203252329,21.8123659371386,302.473737199379,634.986583608087,843.405949161412,49.7900114016599,229.698537031971,452.373753873089,818.240728523223,847.797912674535,150.445840177018,451.474713042865,731.350140533781,926.301645332265,832.45324627889,1100.55818471973,554.116740958075,807.883474936393,649.656461199292,727.243600979474,676.711756015203,623.657180450563,724.784681388699,641.974173156942,639.463344809548,684.65254318319,618.66103440977,608.283402321812,590.464366633373,601.172699387522,532.250747556042,575.218987343018,576.881272571695,593.242810676763,480.375381695955,533.984534155161
547.975068661024,592.367615397414,-6242.98065839387,633.226298745409,657.512813071792,454.485322195915,668.481990076177,845.240265256225,366.573669667266,616.098880745752,512.320073091358,111.300461867939,398.546563091921,492.509973059556,140.492264736295,238.873073151829,108.436240079679,202.452787748254,197.401412555818,110.166870815023,223.959717561673,32.5874921434712,167.460453909455,288.737117092404,309.908816642169,315.783537164374,8.29087401680081,183.382740717532,431.0712797505,66.4849103692703,321.448587284192,627.684681776757,849.60495406913,40.6866267510228,262.973837928112,496.46003659506,792.507479166813,936.470712003539,175.126877315883,472.511143582091,769.406362443803,922.426572069163,915.437393011416,1182.07499836014,724.138861293281,812.78690467782,680.770224956685,736.449268461945,701.201440966668,662.986461242725,734.50643366253,666.857853908891,646.006165097849,703.550713351723,643.891973532362,636.993160375971,628.500451222554,634.858833031103,577.235377945004,620.040500690707,613.551527552981,628.08108798547,538.704349562973,576.754987407583
533.124029536346,560.375131697547,-6062.82451811614,601.579427101149,599.217945176173,525.727268983293,662.278928024089,783.741517512815,464.864984051751,575.786354359255,431.383317747598,265.724327292085,479.134571335654,413.023512198314,233.476219561442,251.760529404986,159.197562155854,237.294363517071,188.733293417682,144.674433192,237.229365173993,52.9995326216079,184.554220045536,291.746539192374,339.816009902114,330.673633934877,35.870627000859,191.024118859783,433.444015683658,93.1238776564072,325.763846189748,608.722372795615,793.810618715231,69.4704903228462,268.953069432626,537.091938216141,747.423621506355,958.974473486071,177.48100213929,466.788702130498,789.745172792938,889.758836511169,951.839431830836,1251.61546026902,878.904154796368,712.235247820943,625.836550637862,655.768367128515,639.005605124285,622.98341835614,668.463672936339,619.941609494963,590.374851809182,651.780331283023,598.416881674096,593.933366114478,605.987199363592,605.765725723334,570.203252084606,604.056012181899,598.60823346772,604.350228171153,549.371430706747,570.477945015469
416.126293412922,429.294321680285,-5833.04580193386,485.440417490042,452.086488517206,480.141169798843,562.890477757296,656.358473034803,426.029598575332,470.479492270615,295.363955166027,287.427532918232,431.446374368329,277.125394049424,243.799539541733,191.984308312245,144.051876268267,204.039431838273,116.5473753892,118.331387875895,186.509820481189,27.8503300950861,150.214690984884,227.890119430259,321.937573008771,281.514846451964,25.1047366035918,157.969707654699,361.796284239168,85.4219017352609,287.153639918481,524.935775205013,714.845388943412,90.0485506405493,240.753619835756,507.61982478201,674.369561248195,920.717627685727,165.16242898285,446.256283576757,764.331090424936,847.674141706654,991.853811482148,1295.44853815383,968.279646943951,541.501229250804,512.390935640806,503.604005007649,513.602071495718,515.759772402494,528.726302886048,505.221760404229,468.458743586579,531.112400839799,485.167922658875,483.988510423479,500.029014250661,510.974233263554,485.137220768397,514.827748246433,516.443797372138,514.298546448675,477.484903900345,496.805215162385
219.202032374479,204.266246062631,-5586.71533374721,290.464755909636,230.298822918803,358.045107581183,408.624493073988,475.909215868097,320.616637652535,321.862551511568,106.561548260421,212.123146189222,312.673522719149,97.2641542842628,162.281878906793,70.2105633235551,64.7908435401336,91.1343933031207,-21.9825197686646,23.5237956416148,57.9145257304792,-51.7287518655443,49.1075173284397,77.2776373133653,237.748622429909,144.849551751755,-24.8703156215835,56.0925700458095,187.893011109441,47.0160241472254,166.284680586056,330.176761381379,529.44884630377,71.2789059185191,163.432687317954,355.659153974109,491.35461502698,713.52108975214,128.20645861477,361.299648620658,615.081748130172,693.979372941842,978.198659230436,1198.21628183237,886.931781851046,340.5939263886,346.066754020209,303.366709135131,335.483436553382,346.972366867712,331.915084250224,326.921100178856,284.689430916004,346.331001035586,303.236383417418,308.341818997618,321.68836194267,347.078823540423,322.503473467651,351.043676126085,356.449336794644,352.027874862405,321.754283298455,348.337768037793
5.89421430995831,-51.3069593857461,-5298.95467354465,76.4999883077447,-12.3109082229364,237.043633161721,257.51339235211,290.017971656471,235.7902381742,190.561184081251,-85.5674927934864,133.748566129578,215.858028755702,-69.7359971906964,45.9562596226053,-62.4453982708191,-34.412029387463,-56.1038053457512,-180.671783162979,-97.5850398198289,-104.274849239287,-151.798439219727,-87.5214705809087,-112.010300490292,121.576671505664,-36.2145388529956,-91.433543210681,-84.1513500575019,-31.0052627312246,-10.2843643518046,-14.987690985208,83.4369328686417,219.353326263856,12.6190927766203,42.7401230791802,134.455158973723,208.571443820879,342.192437309521,56.6817493657177,198.836740145482,349.997513831571,399.054959484714,827.522248982481,905.863219512183,633.027863221751,139.383064741006,150.33408677159,93.4792822671268,134.172030503004,149.965719179824,123.729921195798,121.996156792802,79.4656207813197,136.639532983487,88.7657514921444,101.681261988574,127.184620445827,151.04808894794,130.530872979251,151.918759206443,157.669690129908,155.310607925391,131.371201168802,165.008719699727
-214.947007897402,-313.254846292024,-2337.6891077825,-146.746611252946,-265.240514454344,123.149078940542,102.674249710265,85.445417380865,158.154867088695,56.9134864302711,-272.009244183605,63.5069645767384,128.893360146578,-223.466870504545,-83.3031837887136,-203.311594406381,-158.120365603662,-211.482669819708,-340.83951450466,-235.238011613154,-270.707630490102,-271.484839433877,-234.412630349496,-288.964307694523,-12.0178077794533,-210.996894210884,-193.382125823384,-219.563285887183,-225.604887464879,-103.165286163528,-192.690838689214,-130.186085137242,-97.4107430150026,-94.5492047999042,-95.0767969491781,-72.3461255974637,-65.8939159123498,-30.1134168130355,-47.550005255625,16.5584734196965,62.7004325427734,73.0245854099391,557.596287378687,507.52276628235,304.777825415257,-60.8370208889422,-40.6546266791299,-106.476027891906,-62.7776934051283,-42.4415285251926,-81.7422500594078,-79.6214523188639,-124.834391365486,-77.6178941216127,-119.799074898285,-101.03294821746,-63.2775106236025,-45.5828993900515,-66.270956270894,-51.9801456019186,-43.4642537855129,-39.2503274951303,-71.797612427969,-25.0533651253257
-428.255290364492,-563.198917916388,7997.91675170804,-368.659365029286,-533.323129953455,-0.195007585532331,-58.9296418555289,-148.695348781484,50.8048282987638,-110.941695215524,-467.882928945727,-31.8770313351572,12.9430968382129,-385.677621884664,-224.804688460024,-352.678908074284,-306.500417867907,-361.434250857599,-498.797723160004,-380.343847670431,-427.510963538062,-406.096265303562,-372.35181868095,-437.115460213645,-155.529383307692,-354.460295931204,-334.32939411755,-335.749393684246,-375.489594998194,-238.714597831517,-321.546232918125,-294.836794920288,-311.555444668855,-235.477589947893,-212.116705529026,-244.46432177732,-257.340956828244,-287.094996214804,-158.648238783623,-136.804596292748,-186.638013828954,-177.319942926543,263.511069671136,134.160782804429,-28.6954193286422,-268.6410889465,-222.036471301543,-300.854292495137,-251.974818106786,-223.23555541952,-288.50571398664,-270.125225052235,-321.981315538787,-291.378661389647,-304.640947124665,-283.807820406387,-255.824306220623,-226.869570828833,-257.596773671118,-243.512844105401,-226.329450061706,-213.175638779137,-273.432221076807,-204.448767630347
-533.329508218331,-710.080684864945,20372.6888393215,-494.709606965701,-751.353122544157,-70.4511230177621,-157.163265937489,-329.912343685696,-27.3308966451047,-236.863735739858,-623.974982839963,-98.7308773440451,-62.015014381882,-485.778132955413,-308.645307924805,-429.74460460696,-385.052690341896,-441.970834440736,-591.307709869927,-453.151248016211,-517.408640187849,-469.856657799576,-442.169471454945,-523.253054129986,-238.579690299249,-432.69935871678,-421.706872289937,-406.212215285197,-463.082128910358,-344.842537395076,-382.31546269219,-413.49593489207,-416.957215402475,-324.498469822402,-263.243226458449,-374.247131780109,-365.401781608255,-442.076910292635,-213.892392988032,-250.51715051612,-375.885961386386,-326.954925382938,20.0369036893168,-130.445080071585,-330.689073706479,-445.442189693132,-379.917417900527,-452.747151700304,-402.526839967189,-360.939544188418,-435.96201688312,-407.220993649152,-453.548803173079,-432.521350283064,-424.669579147422,-405.21975614356,-391.518137301549,-340.086216727596,-376.203715731529,-362.375965513343,-334.110880839819,-317.62944702513,-394.582595768536,-308.304961568592
-477.197381447459,-678.554674057678,21535.7347922417,-470.799055489451,-826.956719013182,-45.5149238224541,-168.2097825175,-390.159016894899,-24.7530251365734,-269.05362229608,-669.604189658252,-92.2455400887441,-41.6726157738937,-448.483417774098,-275.284598236143,-372.024387076374,-320.834116298705,-401.117272780867,-550.838861287677,-393.615952821305,-486.304524534569,-392.422430186555,-397.246596835072,-504.373434789525,-194.158022801643,-420.317143897392,-371.668505671594,-395.805695772494,-465.609505154835,-343.423588110449,-377.335679131868,-454.920784017017,-448.626267391896,-298.909071959674,-238.505315171987,-422.874678003442,-407.171383420474,-521.44742274732,-174.545782392237,-316.762116027378,-470.773764477724,-381.268687873154,-145.711571820291,-250.938537132729,-527.407812448003,-514.158605099517,-454.70228202999,-489.90318154303,-447.620288240648,-394.547518776553,-445.811418426175,-430.640803693463,-453.33006763201,-421.743266426348,-430.20001544118,-412.960583221235,-391.954537649722,-334.061716687055,-360.389482508918,-352.482269903683,-318.914167473781,-306.063844089062,-374.935457986085,-284.098575414634
-381.32556370008,-520.356876775545,13188.2187048651,-403.106690865159,-733.167385512438,-39.1181842668308,-207.22333926833,-387.721301456932,-47.5772351352992,-314.035522283716,-587.043077632717,-128.657505420601,-48.164233147295,-332.713568366363,-205.949489156907,-250.463351836335,-197.683944750657,-294.328253380177,-410.959714130443,-269.329340039406,-372.927373217,-246.159872527803,-289.255252500378,-404.742933284985,-73.2129148257117,-350.183912124354,-246.699084937597,-327.82944076964,-411.466288909518,-274.727322550615,-342.234642065433,-420.596184949643,-430.149003528677,-222.401578825429,-196.045914655419,-395.307136447398,-399.733768974346,-514.405873505733,-99.9693270394382,-336.209001153578,-475.731165156076,-358.755542467657,-236.836887788803,-252.147896692928,-561.826047638021,-448.197299679024,-412.82041939911,-406.92711311457,-375.154811894799,-322.81933956762,-339.801065842,-353.961975291508,-349.672263857685,-306.795991392296,-343.356421450546,-328.479463413485,-287.708967238791,-245.233770248809,-257.941075383716,-261.820805000183,-229.995973275481,-217.448191125776,-281.109570073822,-187.864529368558
-363.442226408984,-314.971209755461,8269.71272732192,-386.947826846265,-475.17239098067,-168.620444699139,-346.373682796116,-368.307158708731,-211.754285435673,-433.450848469053,-362.173246235621,-322.276628050193,-197.565175418027,-203.299211681216,-200.71915431459,-145.570443522584,-121.473335373737,-194.621860480759,-239.773557391435,-165.764652019502,-244.94777871093,-133.202702709614,-186.644158029446,-278.867523268071,38.3731038137561,-258.38203691599,-144.497827489022,-248.138733309493,-337.163156652827,-213.308365945186,-296.843532865603,-350.140942387574,-359.716852529524,-167.963020420106,-172.641841089216,-338.184077143627,-347.990185470468,-413.957517873731,-55.199655698267,-306.75652645712,-425.93782920712,-280.424262774763,-248.702151700827,-182.736819978551,-449.69719554677,-272.038017908592,-274.128587708605,-245.38626224108,-227.623861323549,-193.979881510085,-182.680153681268,-225.726318636754,-205.083872823712,-170.71777651535,-215.829915602802,-205.866410002489,-156.343773070303,-129.892208385403,-140.13436101429,-161.113662914428,-130.049923415145,-107.034493332884,-188.93424487569,-89.3320810510052
-355.5770134835,-65.8870977587928,8103.35578938052,-342.865282140673,-78.2922797036429,-363.591901820164,-464.1750505858,-243.16887142652,-439.318478706721,-480.922775973886,-11.0250310616997,-572.0405210272,-395.576522640999,-18.4390019777136,-226.717066827642,-33.4448219358821,-81.3443294182147,-98.0913044000865,-52.738679453072,-80.1742270794948,-116.769853725393,-55.0956638720116,-88.5601283702734,-144.079378143247,127.526283545146,-147.173483283339,-63.2130678034102,-165.892476751423,-240.574560390922,-150.714059490982,-228.479375198679,-257.848296499291,-236.911959543249,-110.626908807833,-132.560226637398,-264.062853417474,-247.406185652819,-257.070456184709,-19.2898513768648,-224.337178365883,-321.370157103157,-156.518938325753,-169.500129913894,-57.8655483129694,-251.929211075615,-31.929270059504,-78.6367574799745,-38.0001229744357,-44.8357508149531,-38.8085960415453,-4.8451998749205,-67.0206298240881,-42.8658396666278,-20.2189689349329,-64.6086672576495,-60.4507551439436,-16.6354230517184,5.67824550191696,-13.9213411558544,-47.4847012377359,-10.7690753010733,23.6505791247695,-79.3492593051952,22.2326029068837
-220.103767855865,223.851825722835,6440.24009354889,-146.352970105331,336.909242398167,-450.146309765143,-394.62385940416,58.7473147213823,-536.0062038911,-311.788777158843,335.401511718606,-662.751623032794,-459.148440980083,225.344729083051,-192.463143361867,121.762891713285,-26.6744752482439,14.3401095418248,138.189792854722,10.8197226181013,9.87773573520917,22.0694470955918,13.043305864187,-15.3409257695613,203.729547504212,-39.553866175962,25.5469813379539,-82.5175293219639,-132.444425260041,-60.882379194429,-145.285735419233,-149.1119809253,-106.887388239805,-20.4325985752135,-55.2674141319471,-166.966924235919,-124.96379228852,-118.881952373821,38.0972926544272,-118.556792173466,-172.382733400929,-13.9673787147265,-29.4107394976999,104.783310469209,-48.9763006392316,165.749210723316,100.774932691535,136.089185253102,115.007676896255,102.258521508279,140.459758378827,75.6919088568683,97.4879671044074,123.199579197824,71.0172702265426,76.0020160622797,114.467100156941,131.827310338187,108.959353522911,77.7247455890912,119.036694111055,146.754699645495,56.8775465041245,143.808257436785
54.6743814377335,480.501382461985,3343.50781344388,173.888777450709,580.635602959047,-355.072285903381,-132.204483193627,400.454968280436,-399.815193977319,-12.0122103467734,495.416261421487,-508.01066996186,-313.76944866229,401.315078006766,-68.6500898844065,282.957394759467,51.8968172938096,119.245225279838,279.456962614041,93.9852512881219,106.823181628223,93.6284905794521,89.8533257312825,68.1920851066614,252.577747101522,23.8574275635865,100.070231478078,-12.3488929661603,-55.4803412789677,29.3214633895504,-71.9768025047295,-62.2571079112519,-32.5218048621615,65.6428706293302,23.0053268980696,-78.2814984508378,-40.4271453047457,-54.5972503766286,94.6214023174169,-31.8802448952663,-54.3381211602526,87.0054845346572,87.1019665028751,229.817326572192,76.1506745992463,207.648946608212,178.008007876018,177.050875855172,179.746088826706,165.987481824817,184.006541774079,130.70831247912,155.527629785829,188.485570372071,121.580814944307,133.664246262405,185.035265131569,179.550911902456,184.697709637606,159.131209436022,189.313487583137,189.875224827701,161.194240129767,209.044729028694
316.735240069306,593.594936208753,1675.37214662242,414.085801534589,524.001984132553,-192.437117237469,132.552470240878,498.633967026724,-145.480358761911,163.913265370857,358.46051790397,-240.705056576567,-69.6582882963178,377.376481201996,79.6975942015583,371.980329810743,125.097260897212,173.167608601833,316.838719430929,137.547179365034,142.767060713898,127.840806056745,114.249982005086,82.0534881217333,256.002382870831,38.3796449982016,125.9720257411,33.3436247751687,-35.6050843867154,80.1942574844523,-13.3173338579738,-42.0846960285826,-42.5700927079805,99.3934335170732,69.6899791201577,-44.7400123464004,-36.3769740567604,-70.3392257797682,120.00667526108,18.9475012454364,-31.6804749371772,86.3299711735577,104.055719909932,237.929348190407,76.4499953249159,113.804878643477,141.843066247659,97.6903523332988,137.342382427436,136.602546810642,134.302671146159,88.3549028532285,125.054464440957,157.782810302428,80.0447233518377,89.5953163308324,173.423185106986,135.741776809024,195.431953908182,160.695620663955,164.020742997688,134.460252471281,190.643272166961,185.904016933491
397.911867194585,506.047939856578,643.391934773139,386.912565269277,220.019829118136,-123.457968112936,173.937205791685,221.879044612382,-4.36800286577872,39.4257812420944,5.91246611924817,-62.2705962349658,64.5358976812316,168.550440262867,166.4212825664,361.014796674553,167.006177545302,174.336987340241,272.027208858215,139.799468836475,131.389335503814,119.945879875946,105.129894650998,63.2157781736849,225.923502576609,47.1425992343399,115.148085460037,67.9796029734342,-35.1464883017158,100.968808054874,49.0442309296866,-63.1630625708461,-106.923239024407,97.3003109409948,103.5713418754,-43.1336433050256,-81.9612579395065,-130.853283638533,127.843787421171,52.3315330811401,-66.0388611348148,-8.37580149307892,37.9067706914764,153.184183594927,-15.603993872204,20.4943882250544,74.0368559696672,15.7901039139318,59.9641079898229,77.7237124827645,73.6130997074495,21.7090959911269,65.2117338811371,96.7322293680388,21.4582641841271,13.1288311953014,118.461969770288,71.7844420744539,170.395181093937,118.344997461025,96.8223943463544,50.7348955010991,169.797269400489,129.549265262192
272.42307928656,275.561597889587,-1624.34669670528,114.333632272725,-111.975004722693,-174.017337719575,-54.697134217787,-249.677297944287,-74.1341846592399,-332.17366713484,-303.017632086694,-44.6209582521456,-13.6812803641135,-96.9686937952357,178.643334707601,299.637660635286,186.343571783269,164.435604610248,223.888342593204,135.724314753,119.190352546033,107.401975649155,103.410970551674,66.9130262412741,195.541800337134,78.8454776249317,105.492050221004,104.27765434524,-0.763067021566851,120.309820960902,112.032667611212,-49.0981840839868,-167.126713598186,105.296016593229,135.246034915339,-5.67803340053148,-114.189996312487,-193.620306385272,139.671507858988,79.5288599594532,-82.0455470452036,-128.023165999084,-45.4501575923277,58.3906316254002,-127.427646023789,-16.3825389342377,21.8611190092943,-22.5326764025193,-2.10772234499161,31.0330254229241,34.300678416927,-21.6492544742637,15.8780605338616,48.8975489401769,-13.3551215026352,-33.5566356798756,55.7845166153547,33.2600780738925,136.637981358234,74.5203466692399,39.7057426914677,-1.01529643487957,131.069895911999,88.8045563813679
52.8119943131847,33.2557718627646,-4791.67516607275,-206.554201366654,-273.838265820957,-266.320150178759,-377.114703075073,-621.784168024154,-245.069963977215,-721.729004865809,-385.185156742264,-124.796151083482,-218.892996683425,-316.357334057775,157.077025053778,241.269943387772,201.215614114554,161.79079363533,211.903284011571,141.696554237496,122.466861689992,113.074869102767,109.66217636488,88.1192432086357,174.840612029778,101.001550807223,99.8062898147587,114.682773390614,49.4535448468442,122.179346378662,130.520955398839,11.0027483811146,-187.415891835456,113.929085377212,122.891446146794,61.7623196575161,-124.74980680879,-231.233208001701,139.473688294309,68.3560954686594,-75.2916027607203,-220.34138266625,-132.75741403285,-28.2914029074019,-220.703588831037,-72.5757690586926,-61.6648608038555,-87.1454034284738,-84.7247626572977,-41.1905091165136,-30.3677331667722,-79.9610492942881,-40.0149145733426,-16.0106985717586,-68.7865532998582,-78.5783757233519,-17.2506743887474,-16.7248731706691,87.8038394475411,18.95063941695,-21.9555018851365,-40.7176935766602,71.2484382911897,44.6976792199161
-123.27849122811,-122.202140064251,-7687.24193751345,-385.595067902492,-232.1563907442,-362.865121784732,-566.357948800336,-731.648604283379,-387.300813026615,-892.790466136203,-267.588648304635,-258.958271498323,-412.264698477465,-428.772653173108,112.13391922119,197.902400683267,200.923356073011,146.929277479415,223.700177518458,137.478942937837,122.824156417759,115.845690404794,97.8492369245539,91.5357095122991,151.261384903751,79.5568930012404,76.0697649339295,77.9373799342447,56.5031937222632,84.126823142019,89.2076643298005,48.6897919001162,-148.68486440323,94.4466556112424,63.5034628091418,89.0914960167319,-126.930965443841,-209.834624855135,121.29601133237,13.931995479492,-74.6782432208054,-265.507858334372,-220.840237453638,-115.252914295611,-269.497779229437,-171.916152694053,-180.017465414614,-194.710616118985,-194.138369242369,-144.132275616618,-124.035592029753,-171.58370057785,-107.847444880464,-107.913309858343,-161.289969388475,-151.435160213047,-90.0587025078065,-97.1351141363185,22.8619790426417,-58.1548489440631,-96.1991228143215,-98.4171635760214,-7.33523022037909,-17.5393484040549
-170.68395869733,-159.501481461309,-10091.186788057,-353.495181682961,-44.706078103706,-475.267877799447,-536.698284448054,-550.171890044257,-501.287739596557,-758.055928072998,-21.9962131420742,-484.198325016916,-537.691981443104,-364.776576563693,22.6822059362514,168.602835373697,162.41921387352,113.1041293761,249.60377066273,110.520344002076,113.287459717218,94.4918422999108,72.4492198596391,83.7773659921729,125.270711521367,38.8108312288653,42.0557559288586,35.9204457066843,15.9613654961807,47.0200954996908,44.5750461479887,22.4369034429761,-49.6367093178374,72.2156888679629,35.5823285467153,54.7821267735786,-99.3866596217675,-114.690771785844,122.438399355911,-14.6085007620305,-68.3857543196895,-247.795181288267,-252.004080541559,-156.269565108336,-233.428246773996,-215.226631642874,-231.78533204812,-243.231658634453,-243.709571857935,-200.851237881427,-168.557032634746,-231.753969000672,-141.805990023774,-161.981717224442,-221.727894703732,-204.131137319821,-119.438460538812,-153.585958079638,-22.8919864655523,-118.393567661073,-140.936635565721,-146.243198229171,-68.3268668625919,-63.3962703808017
-67.3832034620075,-70.2731376336235,-12036.847156663,-150.795264910091,247.825033546458,-550.437209120249,-342.251919358582,-111.659658062684,-613.513934966068,-388.906202433462,340.615918890378,-764.279529768232,-583.148547536797,-82.5553748143678,-79.8376451669879,175.58079299779,108.006962173146,96.4278056191907,301.082173208338,89.5339162614441,118.04945338412,72.0185617844272,70.9427847424542,104.272627220887,118.625953821505,29.4570679836407,38.5057171253818,47.6155381643542,-14.0727919298602,73.5579885405537,55.1682989305504,-25.7686607805453,58.9056872181814,87.4812872805743,89.9525981840034,14.206670431149,-35.5066343220184,1.21548570896724,165.669270620282,31.2911644086728,-38.5248476993425,-172.372837188369,-199.552865477853,-122.378155339241,-121.358032647614,-138.686132839117,-160.008623398243,-166.079353179829,-176.682449575519,-161.027149184709,-109.470220513149,-200.49473977221,-96.3199483082949,-119.417900862921,-187.866317110375,-181.477150112505,-75.0965621531789,-132.32693328869,-5.41559676085149,-109.839844296075,-114.428251737268,-135.814536884674,-62.7379807934941,-51.9076212264418
102.366060660323,84.6904703066497,-13235.7248149398,78.9938517613594,537.944648288879,-505.841606212071,-92.1070971452743,396.869453600266,-654.956973413686,59.3785093582636,728.054071995057,-922.175630504199,-517.931236180664,323.400586169924,-123.901848665158,227.053546681075,77.783948259615,115.188207076778,359.979561294241,93.3105710064237,141.459054458626,70.3432190682348,94.3918702830378,143.757008492279,126.154030887175,47.8638447491534,66.6050942899159,92.4469591966511,-13.1907656772531,136.428098927994,91.7094414106518,-55.0919707003665,85.7548873674442,112.679648246683,155.923151484641,-0.0316026219515955,-2.08415799289441,48.0310039347998,198.0496450502,88.9434959877901,-24.0239186209447,-98.9491559944638,-151.934676172686,-90.4143493000691,-28.0677759502423,-23.7398155827475,-52.8844615846675,-46.9410761401167,-65.6035246729862,-79.301119703341,-4.4113684514369,-114.747456729594,-7.06235492610934,-22.9296001878012,-97.854852292248,-114.023489299065,4.44887903911627,-61.8734435526382,57.4959366003237,-43.2199663157327,-40.1678701571059,-80.7793066606266,4.33525412091427,3.61573190591545
172.210308038361,167.886315871396,-13932.2344769681,154.46242389536,635.347236829622,-384.135547419639,86.3608716314975,667.170291073408,-552.55672415883,410.529095215092,916.385924186267,-851.0467406412,-334.025952815254,616.726871425837,-104.909528285477,273.42251286012,55.5989660421447,121.565934370806,361.77225515973,82.113577951888,136.49969721463,57.5287912540881,86.0118014293055,134.652611865819,100.052159968751,30.1657715246222,67.9843457910472,87.1222851012919,-37.0832731040735,137.902278802982,66.2518707090088,-101.137333900717,-15.2131711457295,82.4056007841116,122.667757663473,-35.0447751833198,-78.2721243648239,-16.5764988633626,141.998917381177,58.1518614586517,-79.4509883474024,-104.874075304686,-216.239181160603,-159.318538377743,-45.8399699992883,4.12737635732543,-30.5305514038114,-15.247851851189,-29.8001124001312,-55.0695622599428,29.504731396481,-77.1780978944795,24.3820842152785,17.6260850109299,-54.8838292954525,-88.6643660513591,31.6015962645813,-30.551625298729,82.9120916733012,-2.76343425845487,-1.43721536141092,-61.4442880961054,50.4620197154186,34.4483220822316
98.826570131705,167.080171047872,-14662.690206445,67.9209880732988,514.647718115225,-286.082190010078,139.424597498252,598.872112310544,-324.414535189309,573.174910357824,790.299704867811,-624.545275485057,-73.1348662704653,634.258017090114,-63.1829647660702,281.734941127616,21.7030759651749,90.8854316871091,296.237795408007,36.6558225029353,87.7076092129216,17.3029152986755,33.4290469258614,71.4086169301156,38.520577111097,-33.2418612544704,31.3812867980594,25.0639142207714,-98.4421373816605,73.2977877003766,-19.0857954571018,-181.127037863281,-166.861984801375,12.8004692417794,13.0089223859594,-108.912908858804,-225.985960951972,-132.414604965022,27.4118094398417,-43.6694016027638,-181.715871994743,-190.999617363207,-367.39854319984,-301.422338564767,-147.246319483424,-54.6277639645805,-81.1319941823588,-67.239193722767,-76.3213954917648,-96.6725596930027,-24.5483870378184,-113.997532583612,-23.4304045581878,-23.424464386452,-82.7976412526337,-118.73059758223,-6.79761656600895,-60.5036683013154,46.373321847703,-26.7922097829117,-25.6363309867136,-104.936108851719,34.2817810700087,14.0465031455131
18.8112270600593,209.106581386875,-15130.9630778263,-5.46072573865847,352.376728859623,-204.526964376764,132.04950281327,383.432428929588,-50.8579312990378,570.822579647768,472.797955542409,-346.619573074885,175.218287725156,441.635216087965,-3.0568051355563,272.033737668266,6.99109690126317,65.5872838053755,225.437975177802,2.14262356625766,42.0428203386818,-10.3910065333582,-2.52218806407126,30.1321505940779,-1.72506007935677,-69.6892321836883,15.2495675572795,-9.35960340705654,-124.412748421688,40.9109812554767,-53.9641063629106,-225.134529066132,-245.602678993072,-13.5289335756864,-40.5389352503384,-149.403932443813,-313.965890587259,-201.2843937366,-28.8368838407753,-98.3949883005146,-254.366146593088,-275.690574616281,-486.210015586508,-394.764802954107,-218.731583088713,-84.2500929755755,-96.283187312131,-88.6284396687908,-104.431090516538,-110.042129268596,-61.0825697646218,-137.071897917317,-56.1026174267295,-55.6930079927206,-95.1470278559274,-126.246192059508,-27.5812045786803,-78.436695374441,20.6520924250329,-49.9240788142168,-44.342045157638,-138.33645232042,20.7411433619489,-1.38563314986674
27.3847187121394,291.483506826635,-14849.1418068004,18.1550372305774,233.969124963397,-88.5133135417328,125.510794173063,180.917261197408,168.74956257186,451.025593322984,135.929471175169,-75.1854288501077,307.873114560859,190.425910926063,67.9258015906862,241.16705452109,20.1721593241386,58.1575842310692,167.883154717571,-3.70979226329415,16.7623262099042,-14.7060896144827,-2.45882443942319,33.439328322465,-14.6868581252892,-52.0365352166772,26.639357552079,14.2599337739521,-86.733575600471,66.7621034817503,7.42055928551226,-190.840634164763,-234.518970303834,9.86586948356179,-1.16532768109425,-114.224729827616,-292.897662612312,-207.537284349381,0.6928556953885,-60.9158873084437,-268.753899697673,-300.482431778382,-520.280484197901,-389.481592006399,-215.02803661137,-37.4293207386078,-53.3494922691994,-43.0080982471743,-74.5568226239013,-63.9597784024283,-27.5301690342737,-100.822546965239,-23.629335984251,-27.6437494933743,-52.2996937415997,-85.597271783001,6.4316326414795,-50.5665219678591,46.0300737276096,-24.2739942788917,-21.5611307336134,-120.160591366592,57.7333145172235,20.6489386139766
82.9090238033749,295.226883927428,-14288.5994475616,63.7193563299587,111.509648842609,39.8061944224159,113.644765012585,-3.01493950079238,280.077880869046,278.498540708351,-124.374597433124,136.900020356621,324.735332287401,-30.0537965668172,116.0228578144,183.966280594798,30.4506473142572,37.0789015727263,105.051858882647,-11.2107657488646,-9.34229190525966,-25.5053433230794,-6.10566339319515,35.0437853062587,-41.7478730530046,-28.2522279139646,17.4069637777163,42.0698514882131,-38.0201869640232,79.8641414833321,92.6885951666302,-125.745952502953,-206.883532478199,19.5772627630362,44.3026179690741,-48.574284103378,-230.882599453737,-203.998823029485,34.2674814452107,5.85318495614626,-249.937416425484,-283.71002034471,-512.621400533093,-343.977833870835,-197.60757639185,7.63476036791427,-36.1353631543623,-6.94100919953783,-52.1372996232319,-41.1370442696596,11.0377220759355,-70.1868154373943,19.1694320723497,8.94714330704535,-17.8980080150893,-60.7403201594161,44.5402393765817,-29.4242987167025,83.3807398538996,13.8403574565707,-2.96701195517786,-100.625759024031,107.651665660114,39.3469998076305
123.571710733293,221.120533956609,-14001.8883232208,77.6053165142745,0.443777449313405,123.967904079219,88.6087505679633,-156.176923537703,310.128548063345,148.206579985665,-255.400596530908,257.301585231241,324.764084835071,-183.850640331068,130.912850799001,139.431413475633,26.9447291960883,-0.903394096936317,52.9338074301973,-33.9015423570991,-39.6071756061033,-45.661948711521,-31.8131624863735,10.778456616196,-91.8192370420848,-35.5060791143502,-15.9084712945365,28.5714219177907,-20.3553427268968,39.2328517007035,125.694950830873,-83.2284158755079,-217.452310222707,-4.79082356401189,28.5512614436578,-7.90862860552419,-196.869720863091,-231.582795778237,11.4791212737489,33.0321990983908,-227.962983887385,-280.161727941394,-519.450733206447,-328.05045550039,-235.618508347503,-28.4051761586076,-96.3666687707192,-41.8375618274279,-91.3097075529906,-97.794719578293,-12.4564468880459,-105.623946255499,14.6797584641677,-5.72067090737618,-45.5362608495285,-97.024058485123,39.9261181666307,-61.9785568553391,89.6478710973852,16.151382683704,-28.8969172658545,-128.548967922449,122.955666702505,12.7219210721059
125.992409512169,146.667509695323,-13505.7954754682,70.4457550586072,-50.3575031879769,148.197037482969,61.4097323477206,-244.017309617979,311.441933515508,92.0818402945253,-279.931386635707,305.90592005169,348.203813791865,-276.096306828018,128.246006641161,123.168753179385,21.3809442972143,-33.7428914217977,25.6929020073506,-60.1950144816347,-67.4940829080706,-55.0527850048783,-65.5989426285882,-26.8175186751051,-147.915468247616,-72.6741063262756,-40.6475627990996,-25.491472401834,-31.3378405435292,-35.6489111342054,92.3948044963585,-62.838843679295,-263.612892934059,-38.6219188121832,-40.0074862067879,-6.85066301218615,-189.214275897626,-291.794022449249,-60.7711891162463,-1.29427602069391,-203.899485177697,-305.922494348135,-555.198522028715,-341.813169503361,-324.051211921561,-134.358204780146,-194.404172984844,-126.823276340072,-172.074091356845,-192.994603605283,-88.4716522112514,-186.259172204728,-37.890175920995,-71.5437092906705,-117.056602423239,-170.562496398397,-5.33345941583949,-134.582858022855,55.9842653399543,-22.692147181167,-85.5267521917059,-191.086358156668,97.4406277922154,-50.2802417965191
82.8693960902904,69.4650963499021,-12334.4911767013,36.8723353465607,-81.4883742862056,143.0831410414,31.233111952912,-296.257826981735,312.764515696243,53.81007498185,-288.468322647515,332.050134650931,352.032272936489,-321.989811797783,123.937624208752,108.338215973146,28.3586547745123,-47.3902526011658,13.483838396279,-71.0016328592814,-84.6638940811054,-43.9803121215204,-84.6421837122462,-48.0135072010984,-190.111620993396,-110.413225753979,-48.7210910405276,-84.9499241180863,-43.9917767043543,-108.825648106069,31.3649656783739,-28.2115135475926,-272.339435213134,-66.2238564890776,-112.815460910931,-16.4768398246956,-146.465991678507,-318.260850095812,-140.005947580026,-62.097560275166,-139.699369464745,-292.413231224164,-583.606302136022,-317.686976596036,-383.33061546051,-232.444431078942,-255.427915666358,-194.005253546985,-233.46401112362,-254.034629132612,-154.892913653166,-244.661600024804,-95.9732895954057,-137.204154881725,-173.552235619431,-218.574738869469,-52.9447124842679,-189.725466542461,7.10882528451289,-69.834519284227,-127.608752477249,-236.938979750321,56.2120494295387,-101.917546230374
-10.1953760121998,-53.5258756164096,-11165.4652893094,-47.3921014573006,-165.495098233609,121.360660398129,-25.6555705636111,-371.427664116005,299.951426977983,-23.5276510327811,-330.171532052963,344.676498475341,300.100027046585,-330.35495470682,111.535309480772,71.1162494182066,40.0543287505966,-53.0653557706723,2.52330725746519,-68.7870721834741,-89.8215792847363,-32.296660745832,-87.0837052555995,-39.6755667638684,-214.706904908521,-125.884291687306,-66.7590164558401,-122.62072566582,-45.4989923617904,-163.207046968766,-17.6699215645092,25.3722549206212,-175.143539306982,-105.089021280064,-162.443185493984,-14.2000198295796,-44.6033438172213,-235.394147615856,-197.947498641566,-99.4882362107107,-33.2101839420617,-181.920943751054,-571.561205392115,-231.240469487455,-357.805027647222,-280.120284386007,-261.817864505091,-215.893675630325,-249.911765192332,-263.758379992354,-184.330255547711,-254.104279329297,-130.105554365763,-170.989104140003,-187.607355790763,-214.723415731808,-81.3358403497196,-198.188205501713,-37.0853322607897,-104.23426273844,-141.74469711452,-243.540414675682,12.3263696030518,-120.670336950417
-129.907129142293,-198.484299338837,-10562.9259583949,-159.053761265548,-286.190601976892,67.7599622832642,-115.327019362668,-460.582180606589,245.898363642721,-126.607343893854,-371.876054079811,310.087298294123,200.476822132094,-322.916046649992,76.7100082645156,13.5680461465183,29.306562486605,-68.0379091512274,-13.6390474152994,-76.1985438581174,-92.1550584484896,-45.8107904690707,-90.393260375517,-18.0758079101016,-237.1708713147,-124.12155052721,-106.02897125009,-139.215614693867,-42.4889199315911,-195.308775798627,-41.9949112014255,63.5621682236983,-13.5854312105744,-166.014971947836,-187.992403026657,-10.3895803003031,58.4852862689822,-66.8602965622141,-226.036717886521,-95.5120964228497,59.3147183349472,-24.8431616519964,-514.776785982929,-136.151632429659,-269.239190969495,-295.733695730531,-245.054586487129,-217.041828379987,-239.49505999143,-248.188818796966,-199.46013429839,-238.830895189674,-148.314279943616,-189.137673813455,-176.500923461078,-186.965316095326,-103.234846423587,-182.652783542481,-83.0900751853708,-130.708427481381,-149.057283539931,-231.296450141128,-34.9325697772308,-126.301234998087
-214.135552793549,-289.695445603146,-9776.73938022687,-225.990265932868,-354.64633908115,9.50205304736476,-188.56599239095,-493.663159053418,173.399469299415,-184.731383816329,-360.314333354057,234.018019781253,101.668800346352,-297.044919412896,40.7649888981299,-27.1062321606292,2.81208600289946,-75.0552128757397,-13.2444702810225,-82.5059136437788,-80.0895930784439,-62.5860951240903,-81.0613061464356,18.0278623071726,-250.166853921126,-97.3416579414102,-119.65143321739,-121.799161990018,-12.2198305166701,-177.47286069884,-20.8246521835802,99.5936644252458,129.15826133407,-194.371428843731,-157.528063137593,21.2414585248151,136.663920854628,117.42873853579,-191.407154286896,-32.4182372071263,137.031825791687,113.124120469521,-398.912980861024,-41.763969375098,-128.379330509961,-261.753490969115,-183.583138499067,-183.304549641202,-183.330366300479,-188.716475075768,-184.735082237058,-187.463742098728,-141.682270448699,-179.730288154673,-128.515974540907,-129.411194875876,-103.941362921557,-141.69868834126,-113.978113094504,-130.750591460684,-132.162296779134,-194.852132456832,-53.3269090253449,-111.433473155903
-231.01965804395,-302.591491951367,-8241.84634260687,-219.596672309946,-342.386536322955,-9.12789749777071,-201.688624508422,-452.600409447066,122.712791072284,-164.499250525257,-296.500007370589,158.088883349636,49.0978985500781,-231.69703010295,27.4807827546865,-23.434126247236,-11.1868983119952,-57.2896872662737,24.5109284861585,-62.8082274978213,-40.948993635886,-47.8021099952208,-37.7446917263362,78.6482919442664,-238.955625286455,-34.954156495837,-71.1924228401377,-57.6654851542718,70.5885213575316,-93.9396162818369,58.5852708494298,182.110122715273,237.331438818961,-138.56424092329,-49.6879139963853,129.320679567334,230.47423479485,294.701554607358,-81.478693817349,97.8342524803636,261.955543178039,239.658567450338,-222.804634560307,99.221742728657,89.8027101455594,-132.750908760444,-33.7566351627623,-74.5577630362539,-48.9453875263636,-54.6550247223172,-103.883099297668,-68.7937239194579,-87.8162161750241,-108.26315251771,-19.481647940343,-10.634189476004,-56.4003212475568,-51.9151669575366,-98.7654860168102,-85.6393302080105,-61.4504217117425,-108.548823754899,-19.4435586266515,-51.6663415824166
-204.385677282703,-274.167155556437,-6785.90684423955,-173.412340152118,-300.359159025034,6.7549648979106,-167.560457342608,-392.195948633915,103.149725939139,-106.889772047714,-223.014864174288,108.29621096042,46.4895572415429,-144.435641820497,28.4228710218249,4.12313554195798,-2.92058379099986,-29.360822467036,79.0488486930749,-23.8228117553564,11.0651801752867,-8.24080877820931,22.2006519087326,146.590097338663,-214.503806961242,39.0115131527451,5.30405521983665,25.2490408381136,172.125088983693,13.4373108171471,159.988894733666,294.01753845247,335.623058509291,-34.1693735504739,74.5203787159222,278.370165251796,342.457390191178,459.906225415519,41.4712308243858,241.70325843218,429.572532048667,370.484854074586,-37.1404230896053,271.835392378678,351.70101142808,45.4036849472859,151.861260785621,69.8680709568072,113.371355056784,103.460486415628,6.73552388722857,76.0252675531125,-8.519268977629,-7.81375673663542,109.272836993314,130.557464959312,13.2211795078966,57.5417422862705,-51.7804990450725,-26.2697168644345,28.7156894615549,3.11419663001237,30.2517180682103,29.8410559523373
-156.031965778075,-232.003199133142,-5627.1148904818,-118.425324864472,-258.394883658992,35.1115774183308,-118.61839953913,-353.82235041574,114.702380831774,-57.6252006858668,-163.373326383254,98.761315159139,72.0768250010237,-71.4240568931696,42.5469827500114,28.1058059280612,29.7036148721476,3.97461807061706,118.887978360282,22.4096762476964,63.6790996107685,39.4608489919328,76.7069239743547,203.105886402663,-187.132010951851,95.7714997226844,69.8131729393783,92.7400699821008,237.034247432428,100.9610093893,233.917934438932,360.208084729499,416.382392502514,57.2737788962863,141.658547026464,370.506036455118,414.940698220563,576.160603387668,115.18759725406,325.071864588383,544.414274803187,461.832480759096,89.1533294676622,384.582780437147,549.597820210568,148.68948560933,258.322155633915,151.490044007531,208.853562664315,199.811613471226,68.7977790734571,164.143573140239,45.0223321106139,46.6597046931818,185.676900097942,215.416585541867,56.67979982405,125.959300932756,-15.2949295759103,6.26103463971232,80.3303427920803,80.29624186937,54.0628524130204,85.1440891277542
-109.018299790633,-196.129905419411,-3193.99130691834,-82.4614183607934,-226.571035680364,54.6496744793803,-95.655002829996,-355.39166793907,130.61258381209,-40.9816033379237,-132.893521920355,108.097807153813,85.3086736341515,-37.9183555515365,66.9574431818301,30.211190133489,64.1965582782315,37.4386584913869,125.649039690668,60.7757977360927,101.50790704412,82.2724834444184,111.846275922022,231.236894036003,-169.729435204106,116.477356237994,115.605194875048,126.114692984985,238.981232066781,159.715941692487,249.703991355285,332.988981586148,422.116245036225,109.412620034762,142.297096468574,353.077809578996,397.492385686649,580.123495343851,132.242805073855,315.652989886144,530.220488800352,442.887180539168,111.761980487141,356.190790777203,597.286238796693,113.099743932564,237.248361145357,129.75360670404,200.921342156253,203.542801197844,48.8156783812727,162.53147617257,39.36406771808,27.7620573816695,181.992112528858,215.166684864613,51.4496363164507,125.462561308019,-18.6389995528646,-2.79750076445788,75.6849842909055,88.5214375061925,38.7326094161839,89.1908544872641
-90.2524510421586,-183.335482014903,650.602405503294,-82.7026939747374,-222.905285977893,36.0535475041919,-129.296689916909,-398.025470626628,103.608807280918,-66.1640486639382,-143.042841266284,82.2836111162419,50.5734083150512,-49.0580635402333,73.9712334657637,-1.99784788439058,63.7870771273684,45.6493255887837,100.462516672095,69.7938801024514,103.189633807881,103.484708347391,116.454907242658,219.33509373808,-176.904812961838,97.7168516466097,142.521780925726,123.227995043622,192.47710128203,192.612303292622,210.393011414435,246.035457318555,325.795371879216,123.107866636029,109.944023016313,264.87555160486,303.487337438236,456.260450593934,114.095005856322,237.631946074754,420.29814544169,315.285241187656,48.6842883569357,192.728243533435,512.852961813461,9.99389997768949,152.693954458753,64.4539179519398,137.242179102102,153.391314578429,-13.6132446625474,111.416353851558,-7.34663927514656,-22.6667747773469,134.035589982565,169.529571159048,13.6605666537254,82.4533007029289,-53.2375904085021,-39.4906209154443,41.213330846379,52.6767198378589,-5.24327332960048,54.414536793791
-64.0643164448792,-149.465697542838,2525.42360793378,-66.7080351147868,-203.770024154066,2.22863823184894,-170.701606463708,-413.676242198428,58.6854966342892,-86.7342373473197,-143.874124247378,33.9201033800116,6.86684503064454,-54.1548459177049,74.9009927790285,-29.2982845506166,57.222594317741,48.8565624225063,91.1377595608035,80.8205086551909,105.794880415706,127.324471117977,127.286909928905,215.325902228516,-173.922713617132,91.3230085250989,170.402024594067,131.571134719547,166.865892531851,225.765343752461,186.232809326257,199.441981178436,219.447028940693,135.399274657605,103.006872206823,207.351015709834,225.162122352484,312.870229136094,111.474843706849,174.959085691147,324.583392107027,193.461419106347,-13.1800318448294,2.04038391257349,400.154384936427,-22.5738002493053,117.353635626278,54.0173950860024,111.886681558774,133.068898983643,-29.8282154191842,94.9769663576602,-16.7877362220221,-22.5610721967273,123.6324706785,158.647961846466,8.83070302429474,69.9963236544116,-55.1086705172864,-44.8515056161132,40.1241286533134,52.3327421570292,-22.8027559379991,40.3069694816001
16.8551525780537,-46.2926126029341,-155.557129337002,19.0350369969099,-104.557134326118,13.4475755099638,-153.022107317084,-338.066854603788,61.7350635025696,-46.9741274531629,-74.1474322366814,31.48410088092,18.3084646689992,-0.308631330956363,112.885034856777,-0.617475017319673,97.154541678118,96.267239986219,137.822964263002,141.331740265328,165.541280432049,189.939129316701,187.236684717889,271.734305506054,-123.312736165442,145.803495778781,218.756426738253,192.147499052282,213.628735308656,280.642914424413,236.334512109321,236.378695864019,207.364090706738,177.515706616312,157.764215458024,228.549307213344,232.4064848366,266.821126961467,162.553952800425,189.018537717758,294.696615562104,163.486458506142,-22.8370450270127,-117.840526032062,321.167755316214,61.5706659868211,165.124668455904,128.01155315485,166.57892028163,182.077212090359,43.9548375192908,154.027257882323,56.338016127661,62.1049154188448,189.423991705604,217.634025579085,79.0856657967814,128.068602074502,15.6387042717391,23.7971757602805,105.639026395741,123.261915102741,26.5926183679297,90.1874110421233
97.361978208639,63.6222231820762,-4524.10418539534,113.446129535057,28.9547997666793,56.6159673740661,-115.904553452392,-234.083654272167,96.3820701179525,20.2940735872954,31.0930637084377,69.5891885080445,56.0273303152397,69.624770786558,165.360261654658,43.9391239428122,148.330280404479,160.140809154233,191.574119680743,208.86876874112,238.126619192258,253.085842740104,248.448634721591,336.150152090428,-70.6910836871571,209.497807866972,252.8429071579,250.572207271016,274.107470985127,316.010925917004,300.408976183593,274.877806634164,245.655104339827,212.257914069267,220.603518843862,256.073446163122,268.548444850364,273.395066515939,224.662086805938,222.364491639513,273.169583960716,166.633661129356,-33.8970379228249,-185.718943987702,235.002159485677,167.779583171002,213.689630362556,215.157735430966,234.49268420155,233.440022390468,141.794186238033,224.216686767505,146.181927312513,157.324859573875,263.461695891535,280.040804412363,164.560275139303,194.465901794159,96.1123926076563,109.318324244672,177.03056491802,193.882292948105,87.5232339223966,154.303087167915
96.2833332028434,79.4985675490051,-5136.12731105902,126.366675861902,95.1991516718094,64.7611376988571,-130.658456919966,-198.117667049973,105.012214250277,55.3719314778461,86.0267252463643,85.5865521684356,55.4345526299039,76.0551177618489,169.295245965034,20.4702544097552,140.081016144669,166.880765728927,175.258595914793,205.974313854482,233.424030541663,252.827647295431,233.001736146264,321.407260800692,-79.7838712917112,199.227064992221,231.547434779734,232.71948548337,259.70761841226,284.261726332406,287.203409465014,239.732690286196,225.366411280754,191.252453199644,211.884366028807,215.561990874823,242.688313653374,222.639528775497,234.462269558045,186.613687009132,204.026112376735,130.838944625452,-95.5719332996044,-258.319571294005,110.74544757704,201.446014064936,199.628445870497,242.13052180608,243.703568202006,222.130891831043,176.871336190191,230.284378999677,173.159602900004,181.199550750924,272.755531733385,275.412023751783,185.156247589894,196.860956977414,111.641940616529,130.523896748369,186.391951895662,197.051552172066,86.8581934065095,161.351886500184
37.367809141641,-5.40312155515159,-767.821473088178,75.9141076742326,57.1442258058955,30.3483302434068,-169.197531810393,-221.323630911658,93.7882638619686,71.5096017018004,46.0246594617269,78.7417322559534,31.0554065403864,7.83118968989714,117.469449546962,-88.1164812970716,68.8053652163623,96.277749727351,71.1467976744229,128.602672166793,138.915838949625,189.620320059253,140.549037899882,216.611204646736,-147.75315824887,106.738224614402,162.952521789455,142.509848353154,165.507039049035,194.569625582167,194.838465939839,149.998975648554,131.527369082032,117.789618129589,126.662832309392,123.15822597319,153.594401362069,115.146104489789,186.172059922007,85.5011467589128,102.840614261429,78.2296333100685,-177.899717763726,-332.650017539694,-6.27494818309904,168.321338252835,156.044712939867,206.731660594272,206.895331350846,176.433249774736,141.43968705253,184.634437006785,137.723780051048,141.014699386398,230.424907062344,221.208340759471,141.051273395603,149.483374327075,67.9978329680163,88.7766330413059,145.969665367977,152.316937612997,32.8704969885571,112.730256770775
2.49210562481342,-128.515965725947,4560.84030861719,40.8529494276171,-76.3114130151881,20.0347777144078,-146.691315842666,-250.674849967157,118.706146426068,108.654370582323,-91.3134183049925,112.88961238759,46.0252496896864,-97.0099866371923,54.2160207828639,-235.620556902937,-16.7443752256488,-20.8433935428437,-90.6433356877266,24.0048929804749,-1.25480583494633,106.589974596205,20.8020999122448,61.0879138255664,-238.03177210198,-25.9360829752291,74.5999644397981,22.4239218651763,36.2931881044085,76.0654309400091,67.6161262494547,38.2883469048584,20.3110024774001,16.1813557391406,7.23888257427496,16.5972651096776,47.5165240546558,17.212493196765,96.9506040527099,-31.888940625153,4.80583060318381,19.0778528208155,-246.38379280009,-391.785233808089,-77.1207598890042,111.876185158661,118.28658338095,143.287620498201,160.557556003131,135.086475858174,76.0263067419083,131.215410908159,70.5584663198369,81.4776247548382,176.383015903808,163.857152338297,77.5736931398048,91.7567770222804,1.26827881368992,29.8958623313606,92.3176611075312,96.5204665216471,-32.8776482332654,45.7442796659907
22.6098083107572,-238.951734209756,7381.36816299321,47.7071674611684,-271.482470487464,95.4345733425107,-38.5715238898867,-288.944316046223,220.241146593915,158.651243149093,-283.986686868287,227.798650206111,131.189691450548,-200.957025306567,25.6503005922883,-356.546344945686,-63.3467778452334,-130.246125266263,-248.066355417322,-57.4594177875475,-134.546022912271,48.9417449554261,-81.1959396997866,-90.0144149304842,-311.597922603006,-149.905783964718,2.69666808975577,-85.9707749549735,-87.1401954632523,-34.2082117679986,-58.2547539832886,-75.3764389627036,-64.2103395272048,-80.1021855546997,-110.150948725589,-86.2151989952595,-45.70455925673,-39.7924285137342,-17.0330695469425,-140.851099297216,-70.3635373888604,-74.3335765181258,-301.177133812806,-439.27527000382,-106.250124765379,51.7112438186002,77.0848688880259,84.725763848925,111.476903331628,93.0105860995146,14.4048968769129,84.6763465924926,-1.66666899800676,29.7488364180468,126.1796108611,117.729937989541,25.7520980856325,33.5018376927077,-63.7669273035007,-18.0266213964387,39.7647162690739,42.4897462122832,-93.821263951505,-13.9860429644662
52.3405679602065,-324.488127841276,8603.94358246469,48.2835724509139,-451.694916171043,228.446430842271,72.5832418745347,-371.828447735625,362.08729322222,167.169817756748,-441.126081581986,373.751697592902,243.630555052982,-277.740862772018,45.1421090102525,-404.558206334894,-49.1581984702188,-179.281170384441,-333.298315727631,-82.5459386447425,-208.159489055209,45.845512434347,-132.260978681089,-179.03150005922,-334.264077560377,-221.107431902932,-14.0759497765401,-142.700215870145,-165.873730488137,-87.9639648509414,-145.035477225932,-146.660045854718,-105.024114797885,-127.563112082366,-194.98833521669,-156.829712233995,-101.207830682699,-54.457349337186,-117.737828421181,-220.769071810652,-111.035507287554,-164.058906961723,-338.053154738641,-464.288784164683,-97.4801410070572,-2.96728991208021,36.1959679310664,48.7102401423224,66.1136174762917,56.4889368395385,-23.0423226553579,52.9838881015935,-45.0200607681689,-0.673014947639641,88.9783212362428,86.981232165659,-7.65287409278878,-11.210678647171,-103.735116195628,-44.0577483844563,0.237786003106183,6.29932851811386,-143.315348403534,-48.2607061106976
16.6665826554984,-404.579048259126,10563.3837022282,-23.7777713697154,-545.008368507083,307.288541811024,72.9983197605578,-492.914050416981,426.084028066856,91.5226760254706,-484.661012969474,433.808956284267,281.039508674556,-315.970641018407,67.7467571399217,-401.42018538931,-14.0858256060376,-174.290968714247,-342.682297382312,-71.8220284093699,-215.303895662537,74.7626612308161,-134.464122383413,-199.64954208188,-321.244069561288,-238.483555103735,10.5012684709454,-146.467581596852,-189.055803870247,-82.9888734889513,-174.295868656397,-157.455972323338,-109.758578318532,-122.084009503873,-231.525081786014,-179.555991169365,-113.089479398412,-44.0632150271065,-171.164363798593,-251.068387996332,-120.714796832493,-190.622352940128,-340.523562751475,-456.203694547949,-56.3824995812923,-45.2661160503539,15.8059475950584,24.7125063910418,35.6750866175574,40.964125340345,-44.1349900582426,38.2557786435913,-62.7575999948799,-19.8601726134066,65.1219446706723,71.7252865133446,-39.1557419761181,-29.2612588950135,-124.517631020263,-59.4594978879392,-25.5557438509211,-4.97915344634429,-184.326542156568,-61.5760362170654
-78.8965421834553,-461.804416791236,13158.8402766338,-136.521009418564,-504.348577504156,284.354072952289,-18.2090222303039,-548.462645724313,360.437165210929,-0.0249331533269685,-377.388610850722,367.310509774473,209.097030669823,-286.091505124496,55.9306877663616,-385.106047584814,-0.329219075534968,-148.320589885461,-307.498926149732,-57.8292124806756,-181.252317613172,98.1672230291512,-107.506084569751,-174.705942149994,-305.632247835059,-220.274138538385,39.7618855149012,-112.755708685808,-167.824303795393,-45.7625564721366,-143.800236800603,-131.514769334325,-86.0744771712521,-84.3119751012835,-205.707328943726,-161.635428819866,-97.4214922897748,-26.2862947646356,-162.808566001724,-216.546196294372,-106.632847096663,-169.247705700653,-288.9973495989,-424.912199595117,-2.03984105315182,-61.1498964786506,28.8365591338825,12.1178810971463,32.7105614616982,51.4895393845108,-58.1382817829872,44.7364792585519,-78.6473285300034,-30.886163708761,62.2589003435417,77.0497720173457,-64.7278300322562,-15.7203359027144,-140.540261434303,-69.0312288480709,-30.4485692350923,12.4595149470055,-211.852900774847,-60.1977516490398
-124.806296327663,-420.86008797979,15020.7251484506,-152.455466374137,-312.208749453113,244.307041700287,-43.6272515459104,-413.247627183723,271.359250889997,41.8782840970144,-132.080236303544,274.02009154291,130.389716412465,-150.288922615212,42.4291003879164,-338.655752181509,6.60337717075373,-97.8693081412786,-226.809420367162,-27.182023752516,-107.417440828352,121.787878975223,-52.4606130999972,-99.1980768729978,-272.605357167882,-159.71510262697,81.3381758166605,-30.8004685875382,-96.4332578532512,29.6706843670324,-49.9558091599524,-73.1971993497391,-36.0195517126143,-7.565466203627,-102.006833554125,-96.7885201873115,-58.4475486638315,-2.54082429182433,-86.6865085591765,-109.120644331367,-63.5366047417013,-147.074073072057,-175.335755082744,-379.354446150545,49.3961723149171,-24.4353996261232,86.4540374856321,44.1756560502145,78.0559407524018,103.499984308318,-33.3879665899749,93.5588084221235,-65.7455226937519,0.722380520191201,106.493610106576,124.551593057419,-43.0747587468474,39.9356502740183,-123.623681003587,-41.3250913833294,16.3481608470699,76.5484052867827,-192.447872161027,-19.9916896124472
-62.5744030688971,-275.346637405665,16437.6810466874,-22.0626506950545,-59.9601261125587,250.791548147087,73.4068350551458,-125.970127949508,258.172352366438,240.994560151466,130.416591377173,235.285152551598,136.025308228274,42.9267293954637,47.2054412430934,-263.139543580097,12.2482483556015,-38.8651975755777,-126.067332026599,10.7922544172146,-20.4071599111418,141.418549959716,2.95580451090877,2.89318087015033,-222.751531519483,-82.2144545879612,128.830903188049,68.4426572461368,4.02297049023167,120.646921784401,60.9012092250232,9.64570672580244,-0.334358240845313,87.98927988681,27.0027056238952,5.89225036708851,-10.6244662142204,2.35981055928151,15.5834118753934,20.0436367771322,3.77908401785086,-145.240360796656,-38.422586877612,-335.064384153412,77.3954316396647,57.5950987322832,168.511281457475,122.058139284528,156.423065069103,179.68741006744,35.8475071556347,164.982416059557,-7.4492264819432,74.2307244698213,177.385487989226,193.898909083519,21.5922020845486,108.557508164953,-67.0225390513433,22.3658479399303,93.6578125719422,157.841077001869,-130.183992479749,50.5165385808539
48.2673954383699,-120.579140556213,18625.2041073115,147.217616730286,98.3229475584615,272.350346727789,243.634014259584,130.66341656323,295.822514274774,456.079702084663,253.400524553702,231.589868028436,203.7265948955,188.779008098681,44.8569736847642,-207.637061355393,-4.40419253527305,-12.2080994983332,-68.9169671643297,12.1146041423367,25.1367212623761,127.728401629094,13.3874934294431,65.1091563048913,-200.612103606277,-42.4858643120668,135.966059409777,108.085528207654,72.2051091363086,154.984426118158,113.654411060419,75.4848070308789,-13.9025712751339,133.904677442978,84.0645397855194,96.0102003316231,15.8489453212789,-32.4044651608392,68.2895221073838,81.6617991508603,71.3681889816413,-155.530072076915,55.3499814485755,-315.347854815313,66.5571642820726,126.128296533506,216.043884377936,189.003203856427,207.154415828147,216.131158297347,86.7267667547192,197.992442077606,43.0774383025242,128.280386265065,211.207320388252,220.421751717288,69.9557019264104,133.002871331409,-22.497513381708,67.6937279088648,130.434806459733,184.798790241,-82.6658392515168,91.8247567672069
140.25854267234,-19.6897170396726,21235.9306306278,250.996760442902,115.001568745993,297.471548058636,363.456358033942,242.658707605447,343.805110582956,568.078078328201,212.082902141838,263.255760009553,289.599770786119,257.673374088826,49.0184566669371,-173.874965865267,-24.1467064965354,1.90399576015015,-54.442924426395,-8.57605110250027,41.1432586866573,96.5360455881391,-0.849157246872064,78.7115544082404,-205.171222854119,-33.1563553540587,101.276906108237,82.9581645176988,89.5631810409917,120.641035654922,107.292313264854,102.310303202416,-29.6393406007034,112.19977711144,60.0580960046149,135.365455667546,24.0175984349742,-55.0101519844449,55.8512516442007,59.7000162577823,111.91265441021,-152.131279201483,79.15628259071,-319.837516322072,33.818365636709,128.621107454173,198.229294984039,198.433520965858,198.369224396413,189.542437039323,79.1364713822718,180.689121697414,45.0756555319266,131.116739551294,195.700390619543,192.889805965764,78.29225522558,116.582895637493,-11.8320543503304,76.7005789753508,119.249620810728,154.257029837497,-68.056684832977,86.6907792736671
196.045133475779,40.4270896962828,22869.4243688101,273.758419410792,54.2105707014819,358.350882905428,409.439285391324,218.931801147239,419.204060081576,563.786033702616,103.09602488736,379.588699327096,394.359428842428,282.159541741784,101.448653138523,-112.630957083942,-16.5127936031791,54.5604319564015,-17.4689227324666,-4.67661226277313,87.8391852439865,80.1623869732848,16.7580038946529,107.327842503483,-193.32946115835,0.714805308870847,73.846462381182,65.1270448987158,98.7740481852205,86.1589428464846,104.561933665892,109.898501095272,15.684193018121,80.5870172293046,39.4751544713992,132.844623730694,46.8874063285243,-1.1970308253515,33.1928829012731,22.05321028913,113.06750842404,-116.153074872629,63.0032054811466,-323.151205186148,12.6947050819764,81.438329916936,152.555960264287,167.921452877503,165.533281834281,151.014832545567,55.3360215135835,163.096720027177,28.6844550085826,120.136242932898,181.179959788042,173.155577464857,77.8564934722552,115.418420557582,3.21044400357312,89.7540592017218,121.324069601794,137.982878025735,-43.9337244175087,85.4075293394144
209.597810704814,76.9502679076244,23405.328528905,240.436641072119,-27.8710034905886,432.895553603314,392.831212429413,96.2532842248061,526.129547089746,469.881536892992,-0.726768456052577,558.355195311222,508.53722085632,260.497144390697,185.314851141119,-18.8202821361222,-7.01672703097954,131.170827491112,68.2318538867771,8.46857232513152,173.585979155938,43.8596917085299,67.7918893707679,196.302063272458,-169.045742382345,83.5912183048491,67.2375079406523,92.3743295887413,135.422552676572,93.4733603909874,135.484286438692,123.122934392491,107.984279563581,75.9341051114468,69.8662986381601,119.748717327184,101.188345226912,108.921347088073,33.8329545870347,22.9331635686941,100.375470919116,-49.5512117815429,54.5072247361212,-303.109998393218,25.6402762385398,60.9160763348145,141.964081027073,161.669579388835,167.265507666515,161.264496706632,75.6744863540766,190.367591715624,43.1753255405012,144.003012275944,209.578428488812,209.097230285589,103.789017400255,159.406424854685,49.2520763638817,136.747899985566,168.753843396973,179.913541074508,14.4591181319144,128.585128622984
184.29028588604,90.5683171749722,23875.4782081382,191.48746499828,-112.196618692578,454.822411272512,335.887032724763,-77.4466867242826,614.643388626592,325.147477621974,-99.3862286651992,689.217430949915,577.985495959456,180.893610338323,240.436924374685,57.6990105246343,-28.1150934553261,172.637285133922,159.250819256849,-3.53308557338701,243.246947177078,-59.4161425818156,115.90780570851,324.178295525447,-168.030951357135,202.842290361468,45.3599278944351,140.816184874925,201.172967914914,116.110960542938,177.758999603894,153.834573673129,192.044360013262,76.749337321266,116.32419936556,123.976584716082,171.522726190387,207.833671549287,36.70918414151,55.1689184650112,116.56539601848,35.213976850495,81.5453224192043,-259.001945622692,79.0668745056261,122.922200255972,194.971980892308,224.587147073207,231.433372382372,234.120545501399,150.7051446404,268.476215626172,103.76334662237,212.925862076314,283.336887228603,290.628271359257,168.374193308832,238.635148917611,115.958985150794,209.656075726875,240.51528032918,261.930198889336,88.5810980788173,209.490153805315
147.047336158797,73.1895228674706,24475.2960779448,157.601620279827,-194.922371904942,400.794187918614,264.241701386364,-233.219012694121,612.354996142835,167.968426763372,-205.049878081246,684.177453731577,537.033871909938,80.1364849920727,237.087202545504,71.1854516255356,-58.2216501100095,163.512828318254,177.791278261157,-7.6373237651478,240.37696360298,-174.369530831183,151.421789485352,409.527990208165,-185.143176582909,317.356773291956,-4.53149867071056,176.423401278663,265.222186844134,115.406636435461,199.334058711447,187.773589991834,231.193500603497,58.6637289178895,129.156313374775,143.092772315454,211.629640341824,257.723654284683,20.4603980635297,79.1000341540771,147.114200798094,107.531717163944,127.239960136944,-224.653358872072,140.414843187795,235.870174172276,275.104681994745,322.30226955569,323.992240275909,322.98037158205,240.252389055849,358.373149426686,182.565993309153,290.902502845133,366.159816517364,372.090063655091,246.189253374184,318.946628071473,177.213880291634,276.00330993091,298.203667617773,338.863538965209,145.59932580326,286.656609638846
92.2336265647111,-10.9306294254986,24483.6431868593,100.018752375967,-284.145278581721,271.450387877227,142.074496017328,-344.234017181913,440.487960439986,-28.3753938055206,-287.700681450523,516.462249314152,323.645764693876,-17.680501514761,173.514167707036,0.876227050204843,-79.4720413764062,132.076187273934,65.3701397822021,38.8298168281614,168.16407204242,-197.519520684264,180.895066818387,361.648590161467,-191.355226020055,353.578476895277,-49.523177059991,170.473601228653,259.163709377338,75.1134040761019,171.171644600231,166.457687177216,190.122961031029,17.6287308577954,85.1960847759285,123.652465460712,160.825620495021,232.389381906662,-19.6331013383745,52.5543782536284,113.920905533831,105.407994314471,129.912900410498,-258.643553688377,131.431601589094,297.987825213771,295.839864766827,357.446676095957,353.171508555857,340.480859477807,272.618833771215,381.749207051546,210.848891206408,306.775722345946,382.802048558914,386.483599570277,265.397047162326,333.231860800662,184.183202410629,279.423113511801,290.799896715954,352.178239886498,140.784504401589,292.02886144943
-21.6395151229262,-164.938015063503,23859.1018146091,-38.3764479025597,-346.243458652996,61.4215986580996,-83.7203678373453,-420.099699024988,85.7728829276593,-301.855155841723,-265.468565604463,203.196134255673,-54.5733664020058,-125.496752345288,55.8047110610584,-122.491510837932,-107.639807966958,95.2829540330395,-113.406536903398,103.12010790352,101.386106404358,-116.450467784008,202.796507004402,208.376022056397,-174.721797523691,290.306495916191,-58.5960865310015,125.530157721983,166.097325262701,15.1767653896806,99.5011561270525,65.3184195439193,70.396196473868,-29.6879731464619,8.7319338984575,37.9876913012952,26.9603004971676,123.79567855438,-74.065407618788,-24.5633621305854,-0.348269277685059,8.31181284223855,62.0983025586622,-364.102040281597,27.0048955620962,240.591195908164,214.827755213867,280.422884237314,266.679755646913,247.404998479878,204.413286394354,297.74618418441,142.248052044618,224.789997757697,292.106871326274,300.599358891262,184.786135932108,243.489219043578,109.570965094727,193.559101474318,196.311157400694,275.287224972632,58.0378322992209,198.822217657249
-176.482745424831,-287.403333155599,23281.4077313262,-208.740004161979,-298.018069957,-180.603150493146,-329.557519899669,-425.247900001529,-299.891238453963,-537.895053859414,-87.671863491013,-171.723173446758,-419.241128631359,-190.903161939654,-75.8520273100232,-205.077303052319,-134.181233814293,57.1431405060038,-185.95358724205,129.26872296415,102.946999362645,-11.1812060803972,219.437772777939,98.8416745261034,-139.719107805158,216.725864433584,-36.1713186116716,99.3914029598583,89.0263185122603,-11.5307069805385,55.5560248522608,-25.215730062014,-32.2907594415943,-44.5328054875123,-29.6813119367814,-37.2446003450142,-77.8651045943268,4.4850607311228,-100.705913099601,-81.1053976097494,-97.7954633765937,-97.0620943964906,-11.123919154011,-451.736357153637,-83.1390290002743,109.126885002753,97.0924793611131,151.867165670691,133.638582308064,117.412284883954,84.3784649590862,169.456608585919,28.6971712455662,104.722728434558,159.664657629543,176.038167336522,66.8222783058499,116.675790067299,10.8642517020203,80.4014599769018,77.1333694693001,166.403136492258,-40.7998395940114,79.1093421210637
-294.315050102599,-275.228991587681,22780.6580879471,-289.843044224225,-135.266421001961,-357.050544575424,-423.891594857447,-312.888838098114,-510.77497680459,-536.125086045973,147.970086332797,-477.460144770269,-551.761261475758,-111.585619634523,-163.525194137873,-187.82124577752,-143.780996553959,31.4422382104475,-99.807248991553,106.305343253112,136.665049144371,36.85280338176,218.009940525403,81.4745960854519,-115.700636511129,195.563694519463,-17.5349257314658,123.160859142331,104.604375125909,11.0937622375104,86.786257535382,-16.3185981347989,-39.0423954632802,-14.1553295215415,0.63488273018636,-22.2381765005572,-72.9284774231927,-36.038486856185,-70.9742936219426,-55.79195825261,-102.679404035474,-117.831406819856,-18.7590162832034,-449.442476673766,-114.178027040086,9.13832250838982,30.0990224038228,61.4801876780409,56.2841839579791,47.5871537753577,1.96813404780456,89.2713499035117,-41.0992947828972,27.4617614302803,78.4256189756114,98.528033334273,-3.31156314192321,43.6077175486775,-39.3537267448117,17.5608465659434,12.9857283418833,102.274008381333,-87.0349598973932,15.2843996918779
-336.823635345217,-159.972946365723,21792.1820984014,-242.005238873972,24.9021097146928,-423.063103227131,-333.742936463995,-126.10144295122,-510.552794758919,-295.691148615425,270.400648190069,-621.725772437464,-455.06232348382,78.4111282413508,-198.247651763149,-135.509272771897,-161.913581514425,12.2133977100817,-16.3002548642257,44.0733833652786,103.086163934561,6.46900878511753,150.104423971474,30.0047607933487,-140.681384967977,157.208435653161,-27.3182266244615,137.609489266753,137.798361614667,30.4559877444934,136.642580142359,44.5248647141499,0.0573978956736036,23.8479651969791,43.1369318105279,45.1946771650495,-10.2529629668607,-9.63896927281144,-24.0179709023103,15.677109367026,-48.7887625955654,-67.1550130504214,31.3196276394208,-376.17621944362,-81.1199752463417,-0.0358471862950616,35.4298313781175,44.5787600412538,55.6936559687165,50.3186336099335,-11.0347478147813,77.9358070721774,-49.8664204833741,7.03118498326374,64.213508235208,80.294549504865,-16.4785474108729,27.9527835187325,-43.9577531266062,6.55882437367704,7.62864669911227,87.6833935914328,-86.4278489748373,7.10729946766427
-320.227820899761,-49.1565536882601,20417.0720989491,-139.643843402652,96.3190224939378,-401.913058214105,-190.207193004015,32.0258640979339,-408.412840165489,-40.3103150057899,238.798521150778,-580.640905112764,-303.672639398749,195.082923956582,-207.783784815981,-149.434143621237,-193.92309633244,-34.0498332669096,-86.8374876650205,-34.9867798829899,-34.1729222615967,-46.5727175990539,12.5488743889655,-126.873157992027,-199.989178621966,42.8245135448321,-42.9298269554737,91.0304152969715,102.252248043952,10.0138585384405,133.805283097803,73.8057754047018,15.3365006924519,40.1195125866235,44.5273262874555,86.5866228902,36.4287600761275,17.781698619289,-8.82277820649389,62.397117308341,16.7855285225825,-1.50820578032124,100.08192675399,-269.840311820519,-28.5076913660916,61.1081733581762,90.9946328212175,83.5194509779372,94.1207207000247,82.488866369928,11.0263335755181,99.4016981620757,-37.7002496813654,16.2429822696155,80.3764143200029,87.0998558998645,-9.4396425978914,27.2957387090688,-39.7569256235633,10.2813338562848,17.2002744928192,84.7762052924692,-74.997044298301,12.5764299817532
-262.139331126614,8.74670805708685,19252.3301472351,-55.1262946667095,110.919610237523,-310.14422546937,-85.2005396912071,114.01641397442,-264.596123202102,86.9846857341422,150.981872652182,-377.131565210416,-170.236712157056,153.767797679602,-182.879506792503,-219.900869814475,-190.757659916501,-93.7188488658066,-259.830769490109,-77.8446149788517,-172.074759130117,-53.5894751458803,-94.2406064442225,-264.150503957216,-235.122573937448,-65.0190326488417,-37.309457431886,20.9877421770204,41.3914192332402,-28.3312249393016,87.6704363394638,81.3598268527594,29.5338379774746,39.5324221503521,18.0503300942991,92.9586005658111,75.7725204390465,35.26698408522,-22.8154185287947,70.2494755988135,92.0097264906825,64.4380079336928,165.20907685599,-151.984428814218,21.1779506314918,111.121717218757,145.932612557213,117.332936999906,120.859541493358,99.9207225748899,14.527783643662,109.269108650524,-41.2979141363085,22.1234705331177,87.8429511181546,87.6753431376996,-12.3102065433439,19.3736351370746,-44.151152079114,9.43860222476812,10.712624327955,68.3529488407142,-67.1918980361633,5.15772213193722
-176.992740993945,40.8425309578554,18147.5640115644,11.070087268668,125.376919890612,-162.560180726382,2.32966560776297,150.607551172717,-84.51756837745,138.992954487542,84.5487157247007,-99.9068636467284,-20.6025871999414,63.4537465319785,-108.530452593328,-267.25557509435,-135.488313009864,-115.555842659615,-389.905836564977,-62.6092696826132,-192.286319335029,-26.6763633096101,-105.18484458529,-246.857449057143,-237.413692598267,-84.2536492828478,-38.115929652115,-33.2380611985914,19.4400544982803,-73.0847842489163,31.3503892571767,96.4325141843408,78.9793528762033,18.5979608614596,-16.3915671122849,83.1252166702759,125.574314737705,66.4659400918602,-50.0562411443435,53.6642402493198,154.111314550378,124.504115127072,203.123018392579,-70.8071748027566,39.9909061761451,69.2805105857166,122.263204996404,74.4251855713206,82.3772591982312,62.2029309448868,-33.2856776514305,70.0880886238356,-77.8121181699405,-10.93676363154,49.9249492142033,51.8931689704214,-47.2868781448839,-12.9351042495421,-70.9486928742744,-12.5037950467756,-23.7471878937906,26.0071611118149,-76.9153800654239,-25.1163717901966
-85.05942446525,92.7456470957873,16494.6672783594,79.8619747339986,160.562677719979,-27.7430032859567,83.6454330099359,185.835074549767,62.9209173648823,168.447094254001,53.3766250326935,105.442333608497,94.0438949531171,26.8120116480844,-43.6851422564336,-289.710952470563,-71.9487685125184,-118.008660592706,-439.604627878089,-39.0731454523842,-143.813855065112,-22.0033340362087,-94.8155316133904,-144.449536133616,-250.468823206083,-80.9066779662617,-78.0806057192036,-91.6569249723494,-0.65872322802613,-132.687156940636,-35.9600629453623,88.4442879748141,136.370109930112,-28.6545630560938,-60.2621230220007,51.1868099393718,153.113505407135,107.811354783764,-86.6187819457525,17.6094565820853,161.721783441605,156.50536104648,209.214814363193,-57.4370980559446,21.0124458319888,-51.3119542497908,7.37082207727434,-39.9948027102307,-21.2651284128608,-28.6311980690961,-114.002110405598,-14.9546813842628,-134.446208933232,-84.8106353304885,-37.3871294375907,-23.4760700791733,-115.546741412263,-75.7933318229952,-126.214628083856,-65.9025345453649,-77.6786075306289,-33.9440736037769,-118.457586946528,-69.7389847063561
2.52339750141772,186.199225295431,14546.9679953554,147.346361295716,222.630055736986,16.5940674965802,120.427442339201,231.021387445433,92.0924162256381,152.131782911446,59.3377849175249,143.610329838175,82.4785112471713,27.280724985894,-67.4642552008641,-343.061793291893,-32.1826845316449,-162.942768676176,-476.005393957916,-45.7226837981739,-151.170037504356,-35.5725678143662,-127.926459514152,-123.059490761585,-268.38958872339,-132.653839410655,-122.217017308597,-150.745117201332,-70.7264722018817,-177.890606188143,-102.715979221156,35.6873060393193,156.582928363462,-74.2492946136605,-93.1475747142607,6.09062962069839,134.058303345411,133.32379651887,-112.188664808067,-16.3960944583124,132.398266939168,157.158275954871,223.333940437034,-63.2352558088607,7.92935799683165,-151.916809546087,-101.86777331137,-134.792064842997,-113.949713651315,-111.050330668418,-177.736679906099,-92.3927413090445,-179.123097729478,-154.921609751221,-123.62015710183,-95.8908471455906,-184.485764255414,-137.748953070139,-187.496836215036,-128.056825408334,-125.684063795089,-80.1795498752318,-178.844597152459,-108.314158142403
90.0546014995668,306.377347604129,13025.7619863796,208.965052808296,292.690815769565,-19.2804341229112,115.030303318598,272.321823383362,27.3716093929956,105.465467052424,87.2065109445051,58.1341385401148,-11.2087548372587,34.6673171044755,-168.801202990857,-420.714991513775,-9.14431995589471,-238.080311305567,-526.748293980262,-52.8402950201313,-202.343667013085,-16.7291227873598,-145.122759925647,-191.214791057481,-230.240409478601,-172.957963359676,-109.061597673143,-150.80291047362,-140.307560355677,-162.365025994941,-121.842332952497,-13.6016296375215,137.588376158944,-78.1083979460284,-78.5673701154066,-7.05790644466657,100.222456517319,139.749399902062,-94.9558259567588,-11.7901688929421,127.497898973393,150.759295321597,279.476032246761,-23.0048396628466,42.9126329275663,-156.3576511507,-114.07834482881,-135.013220813529,-124.902474327033,-126.999962295347,-187.644584002643,-107.812071905184,-187.046699251845,-173.992614817496,-146.328225577634,-114.582534187333,-212.891713921616,-151.891665254563,-218.846615498317,-155.903804393415,-142.459407467415,-84.1432799257001,-220.712921788193,-121.03303939596
182.429953482276,407.805077328111,11635.7894148881,265.430919306162,329.813910767541,-55.4776335416685,117.323963437868,296.618259156962,-33.8153458392516,82.8385523241595,103.570492518458,-27.6742792323627,-69.5885434322951,58.6353539516999,-260.711259221695,-465.855982818841,6.16510144905588,-279.427939369331,-546.396988513287,-28.3871574176781,-209.365466920344,43.4029240402823,-93.1059191488136,-224.805025029144,-126.301112486938,-118.41049921971,-38.1018129102253,-74.20032488974,-126.308896430943,-91.9541529020782,-76.0146996016684,-4.03685367678873,114.693094145313,-32.2630163243715,-17.0544977353399,34.2405525813851,97.7909055826899,157.042525898651,-38.376381748216,34.8597499345807,162.110045259772,161.798421637776,357.401139117228,60.7396883880316,114.497670702225,-76.90410511212,-46.5544377198636,-57.7731725281561,-64.2918399671322,-77.0605713028138,-140.211734721833,-56.7480842063183,-151.748133377975,-134.262367947955,-94.9847235955376,-70.6681919686278,-190.760034484176,-106.231302212658,-206.344861474819,-129.774367333357,-118.734014696264,-43.1875470679801,-217.474007812842,-96.1548612354628
265.589219206608,439.274402214219,9530.83741825023,295.346479945051,324.981320221004,-55.8480160043462,136.17508574232,302.027763607592,-53.2367819597273,78.0785946111104,109.615163994369,-53.0640288839573,-73.8140454041548,90.2751369584111,-284.331457664322,-447.234342976482,5.54759915963522,-268.161546806005,-495.524313479926,6.87977228931875,-171.884571531273,99.7186629600249,-22.3785544676604,-186.739429162765,-20.3794815804189,-19.9801241364459,30.923746372627,13.5832325685219,-49.7408738038733,-22.790957548385,-16.3070757856348,37.7168649670344,103.687511222022,28.845211838597,43.7281434159315,82.0235908896654,114.654421378379,182.263509399438,10.9320734223211,75.7644251576685,181.874228293865,182.532524909356,407.292456530008,131.302293420983,165.842403765153,1.99542929243413,5.08169364512058,9.54275144640195,-11.1685310859733,-22.5584597805847,-79.5051119203761,0.655712033025343,-103.593903409675,-82.5414154924858,-32.847026867952,-19.627027906343,-157.027648139481,-50.2772806342017,-176.23694928145,-86.0635706705446,-83.755675434161,2.68798007196601,-187.28166267535,-59.0988982824495
332.071671537289,404.766971485177,7030.07393710027,288.723757230667,317.421942898289,-44.4354609846509,141.139419268737,305.403579686694,-59.7120479970176,49.4002579275496,138.247401106057,-47.1640438454383,-76.8638177996309,106.84494316331,-244.957606961021,-353.922994412211,-7.39907807830699,-218.967576852026,-367.972254380953,31.5076326398129,-123.153086910818,126.98452765283,22.7124719598169,-132.757255338441,56.3661643913673,47.138362542333,70.3953325913867,67.0321518974703,10.9654660014421,22.9800200107832,12.5452284017148,53.8033304076465,93.1543690321755,75.6826647200127,74.4307099404488,89.2601669039393,108.5904436524,172.532318461789,35.6028532318108,80.6064912840423,155.409670332858,189.158524824407,419.505788885918,162.846892123821,168.743228592542,20.578863654821,-6.7331526999594,16.666905207984,-11.1547462296596,-13.6905631570079,-51.4165800658374,13.502479134677,-77.7428613331129,-62.1826039098657,-17.0868706196874,-10.144881785675,-143.055293732725,-31.1663919043706,-151.111788648985,-67.7511571651057,-72.9614789933,13.3594491260461,-159.013159586636,-46.0382388253711
409.543402193451,371.884405714181,5007.73416540057,281.159818294176,330.648771970944,-27.0825525884121,140.874245167127,326.03058492545,-64.4580089726171,10.8252845555799,178.47022010945,-32.7757981646496,-82.337500696541,117.872876684464,-165.725347522222,-182.961692300561,-9.8019808982272,-134.449477005536,-169.58541871703,59.8208918680942,-45.1246357436701,148.389224018169,70.1771336950552,-70.0677106104107,138.384544571463,98.9234284684708,116.192573835354,113.988461298931,48.1055574206704,85.0294633918354,33.2559587435963,62.6625515756408,94.5299045668742,125.024565323205,106.68696222694,91.6140265523874,96.4264701442055,135.986558856454,76.478635375807,90.6741832620066,135.032129624098,190.512688678086,440.641239543572,196.191875438974,171.7557014698,20.2844249088625,-16.0957656261086,12.1078263206506,-12.8603181997457,-13.4709851500302,-29.6381357421194,18.7521847229838,-50.9831716236291,-46.4896929959907,-17.3416874508116,-6.87669246428776,-118.524842443119,-22.5726133280221,-108.437496813173,-54.0830744370382,-66.1577128382755,11.9382792507925,-116.436114407331,-37.9543145174256
502.292041409009,375.77355343176,2624.50735914203,292.776647093579,331.546673086536,14.0416553167047,173.516542691303,346.556722698134,-46.7898958626788,13.3641028155802,173.97996588066,5.36661287230482,-55.3671170645425,145.338437878308,-54.6067916759978,44.0294266215549,4.72595049498356,-22.228114849635,80.8560920925426,96.2976319468553,62.024545197965,179.309695769213,130.449867107307,26.7020207799392,234.752765748024,159.121376573262,186.763102435097,177.483794973718,96.3177274153398,178.125168400556,77.3627113127325,114.082891373608,134.98525778091,194.893276750253,172.73400447888,137.710125784089,128.17483236356,129.186938748491,151.731239554713,146.093949996983,168.005269342932,213.93033209445,495.873250243667,262.041049818848,218.85914978563,65.4734762506694,42.4840161768249,50.9990423595212,37.7425057739979,37.1763946646661,32.8862395491499,66.931382485768,12.9215126883716,1.5409356251643,17.2566766443989,37.4540657120947,-56.1034941960713,14.2702742981409,-35.3661169843646,-9.4687202507029,-27.9064653712811,38.894366983481,-39.0830165112873,1.25717303535745
557.151994143549,374.916149656578,-2036.59199895958,291.776151956499,288.324293593787,76.2406324547269,237.503762385377,336.534795657461,5.09518379170611,64.1969997398376,105.775200379724,78.0583334137794,7.06756099147478,187.603764723865,105.167740424029,309.235091932774,44.489328309788,122.475818365231,354.385926673127,147.744482451404,164.41886352864,220.11171657597,190.276018364534,143.962515702725,329.926446016657,221.841646589675,262.581755833524,254.339581657382,164.785069019852,267.853333718631,143.806398121021,202.376170208148,214.103966023518,271.340318195322,262.976776668365,211.021418709644,207.294533874918,173.041170751361,235.686131440512,226.265757077469,227.172562299857,264.353334580688,552.845409567932,335.11321653425,279.137256836514,141.648515851194,126.651532222634,106.065422703251,106.44624460456,114.618687820749,111.32166641627,128.9741013845,91.7133332381366,56.9016631063493,69.3234036816964,99.6378175530877,10.6042751384033,62.7083805810682,33.4128428441184,49.031978088478,26.3497237268828,82.9460059158654,45.2933859272545,58.7598655262123
523.658605848002,309.386604221616,-8467.29591853854,235.965058319668,205.150718471799,119.098162463625,271.684280920128,297.341836235172,52.8173445242939,104.839901319564,9.30090413761761,158.81994279349,65.3625226609091,215.348316068118,325.111458804028,612.476740729825,128.827860068668,336.782950052672,619.869851662768,247.848663635451,281.400444810092,277.565512909724,275.820589530673,258.178172166107,432.909617122712,305.295675647181,327.556643594298,344.174406113839,250.320921357422,330.904287625975,220.463754782691,285.997390419614,292.227062379876,331.24974271916,347.951331488032,268.964910143127,287.030401896438,227.69179325595,305.837504488107,288.173343826,258.912858268505,311.597678582169,565.763420330868,377.391366092355,295.604381625805,184.447351139059,143.139211424567,111.768379274718,113.568865553861,137.840724566903,141.365970567482,135.623835716526,137.139986334815,67.7174414230902,76.6976185749832,120.018450742147,33.3251290289534,78.3641040843422,64.6292968656394,75.8494165665528,47.9259837556461,97.7168155025812,89.1855518704794,86.2764230304467
376.58336024696,124.853896670821,-13155.6742931318,75.3908115717415,59.7847492971603,65.2719597627433,180.975546008543,221.324492412221,-3.95780115494826,46.2264499479276,-66.4329386164024,157.91067406763,56.4373660625182,194.072145515556,527.629714268947,916.006906374498,206.429336283418,597.855027412265,840.954039776042,362.569080876398,448.858180445243,304.067832297879,373.467339076077,343.077247662766,505.675051906687,393.395035521237,342.655304471119,402.493920332212,325.331380430341,343.451429714082,268.356789658124,322.143245432981,311.802853549165,337.063106465696,377.382103171674,277.642739172604,308.67520666012,229.196071841778,325.048673927016,291.415641651641,234.56682780387,303.636902656516,505.674195001935,368.30778563971,245.409970762171,169.863435852399,63.5933805241096,55.0702568757382,26.7544291499236,70.3630681158931,110.012973669092,59.3679014822201,134.426356087708,16.2402312310088,4.50115530598952,63.3505616107351,4.62892656388449,31.8510294303697,54.7448617441697,43.1390857396111,2.38081648191409,48.5830026914616,69.7836113948967,44.3466501279233
127.967281598141,-204.240771790566,-13786.6054204195,-222.894957084506,-185.276213139886,-118.050101121084,-83.4379373134023,85.7740627934679,-231.995369510765,-167.61236128826,-49.882611987351,-17.7822236271661,-70.8979892659391,137.901364209943,576.58297535672,1132.8430614905,184.602144669977,787.627653144262,989.69489384669,388.731345898137,608.704009908562,221.669328881885,393.655604296952,352.689485809322,477.400940331205,407.480042590813,267.558745026436,364.100251114358,345.1023429038,278.413769474677,242.879440456269,298.622633141537,269.41582023777,264.601496111649,319.776165802548,231.241413692332,264.011926676674,175.144845656894,266.445885676054,226.585694451794,177.377346647589,238.380570436119,394.416850433644,330.930387779327,167.217827384636,156.200331434597,-20.4742910254543,9.50953289684707,-72.6753393484508,-16.232435600267,82.001616087303,-33.9044882648564,126.222830544202,-41.3800739683221,-88.2917021328441,-26.3162911212667,-20.1536323309646,-41.8306750017927,38.79825834432,-9.61708099047783,-71.5366368980512,-32.1262980206092,29.7582999554504,-33.2694344994418
-112.473461949336,-564.768716966349,-12175.1366577378,-554.431036961138,-437.201231064712,-326.27305751121,-414.137488034659,-35.6463617433807,-543.323499579966,-461.333530846785,142.901433839595,-319.362094598959,-297.75198742776,127.388463827808,461.261903884343,1208.47799261545,95.957169534357,839.113499626044,1062.81026252591,330.183343861498,671.448251058366,81.0684364790545,333.436738235693,300.812198042604,397.215225666402,349.742335469883,154.078587521768,266.347888812165,322.859101581866,180.196774205232,176.390177067699,263.779324596382,241.00954874345,169.172351564643,235.293232242971,182.500297701393,222.155310725029,149.529851013681,192.341336011375,156.692956565567,147.893998361027,199.687938452146,315.658907607027,332.142667457274,138.026202408205,206.229562975576,0.391004766266852,46.3682404482422,-66.1271403455775,-17.9440129628101,121.900208982344,-42.0416885292293,170.927943104228,-21.4305622889776,-95.8041929481934,-56.2353232018928,24.4569253946888,-59.1316544767616,76.0188311258683,4.06315989077687,-77.8525438577979,-63.6542862212295,52.3645261751928,-50.9319954242064
-197.836829957322,-730.372601089913,-11495.4137110322,-707.265017188135,-495.72778016688,-405.921636131948,-574.677276155925,-0.193183264280467,-726.895209296831,-603.088738130507,472.781077770642,-542.51334890379,-484.087399428119,225.820064474024,341.390160818005,1180.12290174421,83.7530922728005,822.16447496099,1072.8888765728,312.29077026973,665.389089268124,29.4312587932468,317.579403042894,301.874148312473,383.188363309228,337.355466731182,97.5443983940118,215.510592551936,322.872457053083,132.701500144555,144.757593821149,270.18439361958,275.933812398335,129.747295649037,206.602856473972,184.507119479084,239.648650655641,201.895415517101,180.338542325122,148.300057518581,171.26612751097,256.453870786132,324.543562488054,401.511194433976,187.46737762935,275.583511940243,89.1824188930112,115.739655749312,20.1194867520458,44.5179116699339,190.776077600689,17.4665981545524,244.980391500432,52.1281150677639,-33.4253223552579,-33.1406091111377,103.07998277555,-21.4669855951978,160.349731894503,80.0504086754434,-12.6140337122694,-49.5308624933558,139.148923033641,1.02038664772259
-121.838760454968,-632.250887216268,-12201.9420760426,-628.059066497297,-331.933245408451,-324.386134512705,-440.5703993967,180.044154235327,-633.053174496719,-436.778377834219,722.697051032745,-515.541463473135,-444.554043934479,382.324110282899,350.289536022967,1119.80394678496,194.349253389096,817.948397736792,1032.85407204491,381.032011666438,683.928396747257,84.5491935234363,394.104724857515,416.163898197769,418.979590075093,411.59519118206,96.9007776879027,217.732742563353,359.515321491927,126.683345911831,142.060161514315,298.042886943775,328.167674165947,128.257173407869,205.58585514401,203.570346960527,281.307497633237,273.426845368229,191.028968179812,164.041832022085,205.830913869522,365.98352282725,367.640935609911,484.463259428186,265.212174437326,275.41726674675,121.783491362486,118.261994322001,50.7453381952912,57.7491857689648,196.107593792708,25.3473285659248,263.665595765777,68.5597977333645,-24.8643416836153,-60.3803178373486,117.790069411695,-25.1312847665853,210.173467017174,117.533935081076,19.0472017837757,-75.7445604587308,202.469931085926,27.9341942029283
7.25759729265691,-408.949280856946,-12564.3453021787,-468.684960383404,-109.274437533879,-145.105109003191,-140.901174481473,355.597358832308,-302.360582034607,-98.3502549361087,775.208315848256,-241.763452341406,-155.647826891484,501.485800635989,471.796945527704,1066.9826110837,347.924749387757,825.021051475906,968.068232750444,467.699498013929,732.518133126208,147.497706881877,470.021542772114,548.707029595064,421.170555788171,473.112979673996,94.2214763521215,200.476184256083,378.669447118604,97.2730088518468,109.242307021544,294.177399667982,347.998612658548,102.145230315874,159.72060486628,179.15907863784,285.061270005725,297.019673052077,151.225282666555,132.642776960596,199.579354636834,432.564132616744,362.90109035218,518.571150690634,314.659269059395,230.929523615711,94.3088023487658,81.8194469389626,20.8629040139067,19.2772062891272,161.62295155233,-20.810138944726,243.4088230631,38.055601071155,-67.1889861625414,-131.803063229156,94.0420574612496,-69.91531867297,218.232611147466,117.272772888301,8.22302823960583,-126.060184772082,234.330850531692,23.0053632594692
168.549930375146,-111.757794040205,-11968.5563214618,-295.955088254837,135.231500594619,98.9311873940401,139.746488548596,507.974486783038,97.7054469378357,195.266780623284,805.262450525363,134.35975815276,202.456656191178,588.092927915885,608.234153184358,1025.89718842469,470.663555405867,808.188954657576,898.50424403994,518.021410919666,734.69519445637,184.378356761529,469.474940058288,573.897089653163,415.440289273372,440.258583726792,87.4871638129589,155.789519806841,322.576924576022,49.0156425853322,45.2416159267419,231.561224873408,327.419340715745,59.4385249676769,86.9188003455575,108.005942302964,223.584383887425,256.183206135475,84.196782819671,64.9918782478951,125.197275452344,398.370269107455,299.726081768359,491.573285881504,308.446951726463,219.180358498511,83.5613170372747,92.5658688610749,30.1709765400151,15.8287063804439,185.066347846252,-11.4081450119973,280.614604989418,73.9178616289748,-40.54078529896,-135.397503018895,142.825953261538,-50.8780184299447,267.620495993408,180.284768294723,55.0709240967652,-100.590251052831,319.115677703146,73.6448379175433
411.892795919399,328.644412913564,-11399.8933849491,-28.5719776033154,504.543208683585,362.882953723067,354.306481114629,727.662003763701,403.953552002019,411.36052405334,957.732307203187,421.272474418483,449.483074649233,683.129578800849,647.208131869437,951.615854767846,506.34169055237,720.857151711594,779.189067572716,494.606745557977,622.7336157248,187.476942819435,383.279602740101,446.950397832565,427.594680864597,321.335180357521,71.7619252000971,100.838495389042,170.625518248827,-2.77138744630489,-32.3351195841148,90.2337464444899,223.320173447806,14.9292779473163,25.0685530424072,-5.5877909801365,74.9021052281617,117.48178433638,24.3064920534647,-11.9047272346871,-32.1812832242012,244.425292219823,194.682752055035,401.322655228985,210.904977481735,192.43624342307,55.1007333672522,95.1721217372314,41.822134905095,16.3890144065335,221.030855673615,34.1327791282388,341.209401363254,143.737638148918,27.6737211916625,-84.1442290691132,227.333372379437,19.6192747401834,346.450636372649,277.789583773671,143.157559083971,-24.3060407893743,441.02525459221,156.784417796638
707.221133973618,860.015021631334,-11182.1326403062,338.256983056605,962.006665411704,542.055699885199,531.277795179886,997.201867387943,551.351351673702,602.43858222211,1099.81799326383,514.112089934927,553.940023370127,744.373714938517,536.128200788813,795.999415854778,428.117534929403,538.6416420861,570.089474874934,374.229355140797,410.178372881214,120.539541753335,236.042911373699,223.747250177827,397.906664624328,174.090266419284,12.729531467408,24.2383105582598,-15.2598383644495,-78.0484776658583,-120.136351312227,-99.6128342201057,17.0433837690127,-53.3803202303181,-36.6024006519105,-140.916345474544,-131.785770288267,-122.121684718836,-44.0517528439492,-99.0438448522397,-222.231142616842,17.743339064851,73.3960169051778,274.171856817811,32.0982438789405,82.1826631638811,-49.1798865353524,5.98316947473897,-36.3012635142576,-60.7276033610309,160.881794590613,5.45408556095683,319.886790955743,126.905792337682,13.2684608266411,-88.6252635362018,230.607020664146,35.2137150169133,366.317019005929,300.872916323285,169.919079927703,3.24590399285341,504.571683869113,177.982102705181
967.37090379486,1314.68502699158,-10449.662202395,698.170678154055,1323.61662431323,589.496578312284,676.14267736484,1229.05736428748,584.515853650232,758.504443017945,1082.56318583464,467.992818938374,578.054307924283,725.774485083097,339.400213582641,592.738791648912,296.458390885791,311.677261581337,332.123495451738,209.374942469122,187.956430789976,12.670075862539,92.2936714598278,25.1073450756806,322.836903134361,69.4331829189134,-63.5653778401973,-48.1619405810808,-121.175144113218,-150.914208085006,-179.658742827555,-225.19823480817,-184.976038115145,-121.717862716077,-85.3666757534723,-210.901874889953,-278.374076760588,-344.087840608196,-106.555289206435,-159.282470828529,-322.201012865188,-153.835988591114,7.444400049778,198.536300604349,-121.901386540089,-23.3009656177011,-145.382764236997,-86.4061669806418,-129.105910930961,-159.41991690555,65.1731788101906,-70.2803466529677,261.095539831742,63.7543998273637,-53.2049504394123,-148.188270004168,189.431034679623,0.362495297233679,350.542332452876,282.747977375594,150.051940093423,-14.0287388852861,522.545049439376,150.929356961551
1113.40261884338,1561.05110761347,-8965.39861677162,950.066932765889,1451.15597254172,560.418764755789,761.009828070943,1373.25011008719,558.5876581087,836.998980063054,937.462147746822,380.975950550063,557.513690319598,645.715547270159,141.640967964208,394.049194268427,176.940259602393,94.1932215942222,121.834991838258,64.570067187081,5.03073420152565,-72.5309576086525,-13.3250104678464,-91.8438484633166,261.761686254286,20.3142624514799,-113.01079937298,-85.542331805434,-131.777127597548,-183.724996656265,-192.242142800864,-235.300269266709,-279.020386519995,-150.005903130789,-98.4906205752346,-182.853199258873,-298.121688784647,-431.199648622506,-137.794606314519,-161.984187625032,-294.24615358118,-193.579752732784,20.7246903504725,214.664378630707,-179.139717008695,-25.1536166108767,-148.920528458353,-78.7991440913546,-126.826597288146,-188.841860807027,49.7855964442686,-98.3807960757532,260.160282282338,60.9216901036368,-70.8115061064226,-189.939424254588,199.82915328237,-18.244337244483,371.868592292732,306.053626097517,147.899468183508,-33.8731517651206,558.933013512962,128.305535886703
1045.40509680444,1507.53675486094,-7670.68529260267,984.426165667383,1298.83663291204,489.662559143554,717.186297781987,1338.41841988843,462.500479441337,770.578639354226,699.209769327154,276.062492157311,457.303714987914,483.880443788317,-53.9147200382523,170.465084439926,54.1534447655397,-128.27723466717,-105.793318809257,-70.4424559559487,-182.727930640187,-140.477335823662,-133.437301855206,-197.096496763934,206.594600032447,-47.0449710264773,-163.030508823992,-133.347352857311,-159.009267853282,-213.203092287669,-220.345216795124,-232.954976526981,-308.226982643738,-173.040310312425,-118.539529114362,-166.726872808555,-277.78146053947,-425.121504665428,-174.927021103955,-168.203521501312,-262.609655084095,-181.449401236155,9.03424312014373,232.089116122184,-209.224602063712,-10.5759679046896,-142.755442842984,-60.9730873099221,-103.605195909715,-198.389314948372,56.4694418095056,-112.61212847124,257.785396634585,66.3436985070826,-80.1040514936489,-225.38581567188,208.326494770941,-45.2886391573914,377.500490218576,311.506105293154,119.946518508727,-89.475870203117,561.44595239529,74.6614203794046
696.118195874077,1133.65336534391,-7093.27482528536,713.309911170133,882.679314378977,342.339018540591,467.341369934978,994.90073704387,270.373706358659,462.178253077795,297.753359417142,139.319370656641,230.271492703396,142.240203359045,-270.589569402989,-127.82886621773,-99.015838528909,-377.104270566574,-398.044909902278,-224.542681368038,-409.587592366443,-220.986265406297,-310.278851732522,-379.349895704435,110.527274607785,-199.182137570317,-248.708900334008,-249.262716552004,-289.007799934076,-287.53866938687,-326.303897826652,-337.221026839327,-384.957714514915,-246.628053991104,-203.43466155726,-268.508475373703,-342.129458251059,-459.564398897663,-263.948747887955,-257.726571905604,-350.044606093251,-245.95382759608,-125.027838492472,150.262425415309,-317.661065177726,-122.814016460232,-248.305766918527,-170.779816586849,-202.652841248316,-295.127746557957,-50.734729592068,-210.622657219199,138.687355803948,-41.9274175285142,-181.840120630831,-318.787743563036,101.269232407924,-144.402770245333,265.509526576693,195.916133500463,-6.20217221471744,-218.763861178311,434.192574469258,-56.2269952980897
191.632741230379,617.415256156478,-6651.2648647424,271.621203391409,344.63149087988,145.016788596118,86.6690467840225,417.058935345713,54.9402645896763,-34.9698423545531,-244.936320397033,19.0552459415531,-54.6506076784771,-362.503421234229,-448.950196473581,-434.71659973014,-226.467473064184,-582.752602199307,-682.044351098007,-345.817051105872,-603.21748327801,-269.65914800591,-466.565698149703,-604.327975928458,21.2820395904161,-387.966868170942,-313.331912224478,-381.067748867804,-464.924226735447,-360.968766725316,-463.516933883607,-506.751702741542,-518.113563843779,-329.78627997455,-311.988100743821,-423.756840352072,-475.84823285491,-562.080264029609,-357.833434864832,-384.37063702315,-497.790300395532,-375.340550860416,-301.275832499988,21.58754660524,-474.048325171161,-310.610216540967,-412.545022873069,-348.994612443811,-382.556516733371,-442.631933744698,-233.766225554139,-358.092521614787,-51.8402509465951,-223.04400033466,-332.76720592889,-438.272645201427,-77.8164937366312,-274.384561635434,77.6676607691755,10.8390921162692,-173.538631251479,-354.525335545998,224.924709165044,-203.487211830128
-213.668889147462,222.055442467592,-5912.80675554353,-36.8390221391711,-68.7846668541619,19.8665143406291,-176.226033469642,-71.6753454863693,-43.0589740858079,-424.156951074453,-714.173797586034,0.782011912454436,-216.785038932832,-789.298053523168,-489.804819892835,-601.202326993875,-239.00466699345,-637.83675770545,-820.338284709757,-356.010358825185,-652.633621424645,-218.964953916732,-496.895581791056,-736.208667983397,39.5440167895697,-497.447739342684,-275.888045960827,-418.286889620812,-558.291841250472,-351.485264652723,-518.507058694949,-591.734718239957,-599.47134977276,-327.606627683048,-341.238999784131,-482.773446884802,-543.776994378676,-621.771627439943,-365.067268258434,-418.313215306613,-549.265567872471,-441.169099698551,-357.568860890839,-14.2275955236759,-539.985458357065,-396.584895135933,-472.234634926201,-423.553075798063,-461.56477829693,-487.703783233889,-320.765151231391,-413.283926181669,-164.136466644137,-315.273135010811,-392.120553223401,-464.935886130761,-179.24587455124,-321.314831863598,-50.7987286315512,-101.451050804974,-254.566946543403,-383.317866487823,67.8938693515794,-266.59639435634
-424.65773219034,-8.94402016697738,-5293.55537964152,-116.279559326728,-253.705246369926,3.01256791954272,-192.177068524067,-260.978559362205,-11.2337292600607,-477.484324709929,-949.529427825502,59.2731692926772,-189.959887717494,-927.087215152823,-425.251920669912,-603.208854354309,-168.430939794808,-581.252738108262,-797.446405356248,-311.710096364633,-585.532670999536,-126.89211360358,-451.754116206412,-728.287702701798,131.325606606389,-510.519231767395,-184.636346931193,-373.558501902112,-546.370296364732,-287.954573190794,-481.93859347962,-560.136666969463,-581.572424716132,-257.554969933199,-296.599078307142,-439.305003410967,-506.278287852738,-583.331018812781,-304.715118310428,-355.397724204299,-490.918915552444,-412.187267664731,-298.484856773341,49.9372120605505,-482.849595038265,-356.731721146987,-405.997844750713,-380.533743628941,-401.492171831612,-402.070630109316,-284.069014130731,-349.918690572809,-180.730051612063,-293.978719737151,-347.263517610347,-381.983129502192,-191.003161799444,-275.949716018615,-113.297109574516,-136.383289014466,-248.689104598351,-313.626473203802,-37.1797269287728,-261.751860839727
-523.120119643818,-213.965126446983,-5086.24421776173,-122.137990467837,-341.78376667539,18.6530502541832,-77.496248722159,-251.634442429817,37.3406724625118,-291.459990871205,-1011.46191258953,91.9520267916188,-94.6188770451158,-829.541603819619,-388.445114498879,-568.066982043017,-147.136429135594,-566.764317001042,-740.243834348792,-345.462432637205,-555.107493697857,-128.498725805116,-474.205324097351,-681.142957419042,156.047305930534,-518.175102341008,-162.950956532081,-360.602577241507,-521.576606698389,-269.070838457911,-458.036159689422,-520.878881514221,-539.895272229406,-229.27055739585,-280.679232452774,-418.153095025372,-466.442480090856,-526.713636165902,-278.909961395919,-319.701093907175,-448.300204521242,-381.193600036799,-265.080691068778,95.6502629491621,-416.173706764241,-302.555038090452,-336.157427812143,-335.257659492748,-333.356815000482,-314.845142584254,-250.003907916115,-285.879156825117,-202.141287042665,-277.787657316437,-311.705583318274,-304.57847915123,-225.484926962442,-239.163748161043,-205.858502576641,-199.120820138804,-260.490632437437,-260.408396655512,-180.540935026165,-279.578969108471
-555.745559337099,-422.752366579763,-4897.45494559788,-147.58558484987,-458.044105156747,42.1271346889652,32.0897575802538,-220.873162263381,66.7436550288882,-93.7817581136633,-1015.83241100136,99.6571031516714,-31.8891758740319,-681.006790104508,-404.799729698082,-569.836133979551,-206.773734262774,-621.353160230066,-734.497390631008,-446.203709001531,-620.236692519455,-228.03200991818,-571.039353939373,-672.951165452055,91.7191281487577,-552.509369568484,-214.254825666883,-399.082780667943,-525.746361011001,-298.297366695278,-477.425023208172,-522.123308209153,-525.223336982262,-258.692666016816,-308.910108195282,-449.59642248569,-476.956052646202,-511.122480592168,-297.555752796452,-347.24359706594,-462.26506095651,-386.756427962079,-290.20373763202,88.6271665043105,-404.658099407149,-261.290420490292,-310.857841252378,-310.482880265891,-317.588427084808,-292.917673895487,-257.377088867838,-279.803330423799,-239.737698756852,-297.574548610707,-318.973949403898,-288.796115444843,-291.188171847086,-243.95693600285,-309.121187546031,-285.373010876866,-300.01835634477,-255.300255514378,-324.327339951138,-314.200182301587
-539.242834868585,-566.610961745395,-4488.85946558489,-179.399718762214,-587.375645880686,81.780668112003,88.2401620005588,-241.572717809434,100.608003593827,-13.5144573225809,-1007.25009047692,138.042450080903,-0.757313576571586,-598.104543696647,-392.601400659321,-570.758528831485,-249.17773724082,-636.806451537159,-757.251853072365,-487.775225461659,-687.229565850963,-297.30502735,-619.796127361539,-665.035644177773,52.4746473013319,-546.544342976681,-234.826195509029,-404.968197685968,-505.300808483152,-296.676565821691,-460.715300359265,-501.319326864255,-503.122947481369,-259.523530594538,-300.575663613493,-440.889396405991,-473.404323043709,-492.805207683544,-280.601947011982,-347.293574743326,-451.946357805984,-375.559483255584,-282.225119181109,108.944215705887,-388.347438815118,-193.311995182434,-278.566556239219,-258.742793548523,-296.654455621973,-283.361740526942,-241.522955202004,-278.850189473764,-231.605199510172,-286.23050422197,-310.651639723227,-279.843681462205,-303.682981295118,-229.355778196062,-327.0948471467,-306.789450626195,-289.917141135163,-228.853883002082,-367.388742502976,-292.082654075173
-554.236880819174,-669.114384080769,-4219.76858396528,-255.98883593263,-712.889513702352,76.0417474091543,42.3418355695991,-341.322305774235,80.8344020214814,-90.0206049928668,-1020.02478171095,154.192463899978,-7.90972496812435,-617.788932200565,-344.384095778023,-552.265753935053,-228.88613391426,-583.094745830898,-770.12701762932,-449.973145918459,-678.102773658582,-286.834974479818,-577.945159470157,-597.884951448141,84.7491995393447,-471.976058042474,-197.913259305656,-352.893453092909,-432.474459775859,-250.164301084324,-382.019386275262,-428.690772903375,-458.099241604797,-205.632684918971,-239.558551978734,-360.675746744207,-418.027321871782,-437.914163322994,-213.769106571664,-275.977970327369,-384.271634239513,-328.046073762741,-212.568749550646,187.813143379638,-324.530175213052,-133.408919476064,-239.071060770504,-211.301039875141,-258.862991306522,-268.529287791494,-207.527072477823,-265.887595214932,-203.67809371352,-251.530649751286,-290.338175610037,-263.106476940623,-274.094462479423,-189.546219538163,-287.98197233793,-278.371617509828,-237.913007848519,-177.448054443706,-349.421452036285,-232.013352999681
-660.427673895495,-800.006097871457,-4249.23913570653,-424.693998519824,-869.479359045086,-44.1473575011481,-138.789032164529,-520.321530270526,-71.0373828367202,-301.438192673734,-1075.28584604017,36.1442364355476,-95.6872999392003,-711.046289804806,-362.044658861055,-573.060056084974,-235.534058562362,-561.079484970283,-770.031094927605,-462.797027733569,-642.778008676275,-309.143230374553,-551.335036956864,-503.049950289219,87.1007718710853,-415.503628426894,-197.513679735569,-329.452104731081,-376.106519398093,-239.897627994261,-333.193965781829,-372.530756627274,-442.034154036896,-178.618825450963,-213.307011748742,-301.677350531064,-375.982317867035,-402.666398696809,-182.093828466759,-214.422231688148,-335.358157445324,-306.538688517379,-165.766016847255,245.423841141789,-278.178417600012,-162.475934118801,-258.501383207664,-245.651974916094,-272.69791152019,-303.927873449151,-235.304183642528,-296.233069623084,-242.056480281676,-270.822209664128,-321.092325152225,-296.52515494814,-294.725832093763,-196.239018286325,-299.31906167054,-291.884237150727,-229.235928220721,-178.89206388261,-378.423406371265,-221.585214472072
-811.899650951225,-924.924076668748,-4189.812644539,-636.376935219176,-1026.89420153516,-274.632880937358,-408.634888698164,-711.860563292912,-340.552967958063,-568.292538632317,-1108.10861195272,-239.057566876389,-277.291849556819,-778.89241771905,-502.845523814262,-683.32831217917,-346.636895974332,-640.345170267866,-764.391836966642,-606.972144825634,-671.587606804101,-452.292008305633,-630.822196825199,-476.739955358369,-21.9077962099382,-461.360023658544,-293.705862390654,-400.209591492093,-407.085085269234,-314.965194129338,-384.282891765343,-393.369226276389,-479.669257313201,-236.690246472871,-276.617348228014,-335.362844103816,-402.75631516841,-435.05618084257,-237.54943044179,-242.118478693641,-360.65296336478,-351.894611230841,-198.447204634469,220.041120356791,-307.217673640518,-283.874761410201,-333.855547646873,-358.278528025203,-348.591944293909,-379.591104971473,-339.121112296749,-369.133910965914,-349.737322310918,-350.770356445694,-393.062321288261,-365.65848079767,-376.886353197413,-254.564633833751,-371.430493305745,-357.020537772519,-274.848897375915,-232.861070004466,-448.244442352777,-265.655323125514
-931.08429737329,-966.08257198053,-3922.6563292049,-806.051056210482,-1092.78882740991,-563.640150884932,-688.299085791846,-847.190516347867,-656.104051552487,-832.699707013809,-1022.51852282517,-583.597560051437,-523.560502212435,-755.841348181189,-681.924069798109,-818.146622009643,-487.94634425368,-743.520541605487,-723.503261769939,-765.375854674885,-736.089085151834,-618.780159062929,-736.440081033266,-531.302263812331,-155.057243027603,-545.167273426287,-413.203382733578,-495.170686892678,-479.537865465556,-413.044772947782,-470.035133516453,-448.019666966811,-511.626394533564,-326.579759970568,-369.160611241192,-409.91891881269,-451.007533961535,-485.445733444399,-321.935127695442,-319.092185986063,-410.89106475901,-411.580597027234,-263.739506214215,159.32667134989,-361.863929719782,-424.572887809402,-391.222437577809,-474.114273576444,-417.947497427855,-419.386302245646,-450.850666675159,-419.613958612763,-456.377275545309,-431.99353375307,-443.538919520381,-393.729943019343,-453.192317170766,-298.564489482814,-441.206937590887,-421.024577795007,-321.727326593962,-267.096375060806,-496.874201498136,-308.171691785474
-994.309082132,-950.690299895304,-3874.66675004903,-903.027328590375,-1051.60553832266,-828.089150530492,-907.934487782952,-917.520924900404,-935.48451008509,-1065.03155343285,-811.639409625799,-873.767322685915,-785.525510879845,-679.750894834909,-776.21491477156,-832.557183371564,-538.351694950356,-742.479347215187,-575.521028841393,-771.984188478415,-697.523787921805,-675.548794244465,-714.024479300995,-542.748834758097,-181.848026318117,-523.782744232996,-463.719805596992,-504.783406474685,-488.411409393635,-453.576589501297,-487.373486110356,-460.119148230562,-493.562686461005,-376.575023122959,-413.964728924622,-444.241590908979,-458.182721988994,-493.278259674648,-365.019650307714,-361.28086116603,-428.890847734685,-432.914153788638,-313.677603362179,121.838164602543,-382.862174157609,-542.635053761219,-434.525980497435,-560.928298903635,-472.339795344463,-442.64191976763,-534.696808297557,-458.964519204725,-535.814142705189,-502.788224245545,-492.3040632844,-412.186667131142,-511.421404962769,-339.037608258143,-495.995874815893,-485.628761451129,-377.34409505758,-296.282110293833,-540.651472227728,-358.734083458974
-1024.86895687318,-970.549333789709,-4132.46307446709,-941.213700681226,-965.277929076149,-967.773784995514,-991.764364782151,-916.448632789356,-1082.64812512412,-1168.36994588854,-543.067112906108,-1041.74040897959,-986.702787728418,-578.676051008039,-768.135537673461,-683.975346555394,-506.138109602714,-631.881836841051,-330.321160130724,-648.214169135363,-520.466235735746,-660.20280820035,-563.364581425032,-434.352423470572,-128.387207183893,-384.27033452843,-467.773327541866,-439.655756365863,-421.670003746559,-445.461896535422,-442.454490877579,-432.050721831888,-466.086956333544,-399.922235059508,-421.398093982132,-438.631065277396,-440.975224102103,-473.749409389607,-381.654972063178,-365.608763277256,-432.807241967231,-440.402843424208,-362.589695736073,89.2492397593655,-388.880564930017,-641.159907863841,-520.404119743825,-636.227335416526,-555.989414982483,-524.420048466733,-607.079544930647,-547.780273496678,-609.177085293485,-587.152776213569,-593.669890024435,-506.566818989553,-586.589924267561,-433.176627337188,-561.774514596122,-576.392021489283,-477.354871929253,-385.3741716915,-618.849113865414,-454.005863435656
-1048.84963144766,-1022.72686639613,-4198.08962159678,-935.95792543957,-835.06213822177,-962.677636522165,-912.013597399894,-788.243457948867,-1064.82295862812,-1033.2026058077,-251.943641693465,-1136.16131078451,-1038.17590216726,-404.43844105517,-734.463435415386,-498.888808556944,-491.34332560761,-536.720045778566,-144.317728061984,-559.557987384729,-370.781527414357,-689.442640851139,-444.077591832538,-323.041517408953,-120.648468664182,-270.532666445173,-507.335115222214,-401.912045908908,-368.141939699542,-453.179445804303,-418.550130263209,-417.922829001516,-464.418174707457,-443.935669504434,-440.449499881091,-436.154301960628,-437.817468571508,-456.01132368699,-414.801064668646,-379.221573203474,-443.931263421749,-454.05473403493,-405.830136225036,43.0553423354552,-397.494371781747,-691.436266780872,-600.347139703352,-676.834360583893,-627.079484481743,-615.823891787001,-651.463183111868,-641.415188462245,-657.290341391908,-650.870760898782,-690.859525839407,-626.916204738628,-649.901015647532,-542.305574413025,-621.16103209066,-657.21256000576,-579.994611424458,-502.15317909936,-695.221915979146,-559.821230053044
-1043.61029171054,-975.96178055188,-3995.55975607012,-865.065317474204,-578.285035475085,-905.791861942241,-744.519492744458,-480.739585942067,-979.725341126298,-694.265669904676,76.8834144887735,-1245.41482801276,-935.568712869576,-133.338712345242,-724.527976922493,-386.952236241516,-515.650189161074,-530.083429411287,-102.231408662637,-562.863723991115,-376.133938272563,-738.518591118716,-433.663079884248,-329.347182282474,-175.751180016064,-272.274270447854,-575.767592079207,-421.909757210716,-374.703694465741,-484.148742535972,-430.963507139478,-419.758206852744,-440.606805572915,-487.044895685948,-459.091673172559,-430.187570819127,-423.819848874604,-407.76174425601,-437.968507526937,-388.645841930263,-421.312071584375,-426.522417351553,-383.532782574206,31.0929911086205,-366.089715662248,-637.352367166943,-563.697081777082,-624.726788138739,-586.538164823331,-591.427192057311,-607.728950130121,-625.48372390906,-614.820935389876,-617.54548979432,-669.820090369961,-642.712049489737,-620.958490252886,-567.985223181163,-607.849266996272,-654.351213349977,-597.677353882149,-548.170768703856,-690.202434591827,-600.27825646564
-970.452274384312,-744.114464772101,-4131.39220387728,-706.579795215004,-188.22758889719,-894.281152970103,-620.443376112461,-71.4079046890218,-956.634699897409,-340.185149166821,412.929014546526,-1353.42237257217,-810.176743531479,158.067634627909,-714.813709092993,-311.206765848678,-503.22330562251,-532.774266612359,-84.8775615305875,-549.331933710959,-424.726932320448,-675.759904605806,-436.419067624321,-375.097725134829,-200.612653998768,-321.083994462252,-580.481313548957,-432.3115229596,-396.272692658267,-480.753768557468,-421.977117509959,-400.74620035014,-358.230051901467,-473.717572870229,-433.933926889886,-391.891787544801,-363.128208488183,-300.201737971373,-400.476025018982,-347.532909616605,-345.712321612204,-337.271017314839,-288.828544507367,79.7624591191484,-277.940615478229,-495.209551907413,-415.611637152606,-493.098648119191,-437.059376190279,-442.868126199569,-474.903883079825,-490.408480759425,-478.910495684923,-486.191282723323,-528.031673866834,-530.756441126769,-493.60637488097,-484.876300422797,-500.857429889607,-553.951777843984,-509.962514526409,-489.517417434553,-586.468300520405,-546.470145623181
-861.781780360069,-420.321542644886,-4730.95261426952,-518.269837630521,188.519374959838,-939.094451519925,-616.654739695598,220.28773795465,-1009.64265331837,-163.887796697399,640.196397572299,-1358.36624124789,-776.973776847173,344.089572589156,-668.009743523764,-213.864980039962,-407.695513730987,-449.6208255153,-4.99580158855431,-438.801010134159,-359.81654450319,-477.680121881278,-364.411937272922,-337.659928816537,-157.479055047485,-329.005109140705,-482.9390949864,-393.201040228162,-389.975606268411,-418.620557553886,-375.947757614435,-366.324084238342,-276.652355600942,-411.521346436331,-378.852432356567,-343.432881142008,-293.541426567251,-191.821520150188,-325.832495485045,-279.345329581991,-277.219140923723,-254.219052787816,-212.230437241438,128.711656035291,-194.453488339219,-365.723959687313,-274.24550573364,-372.850766327521,-291.092455616694,-286.505538136861,-346.340771934336,-343.294705391329,-348.589407271111,-352.839188308605,-376.333301195531,-381.06031104845,-362.423364082692,-356.161956659717,-377.335230109875,-430.769135620853,-385.958983712575,-380.615204402474,-458.73734423161,-442.586779048121
-735.614230182025,-115.546114173421,-5151.2531161282,-343.708793162953,440.61590607764,-954.199271346334,-649.242219978282,278.550180994981,-1021.39319863737,-174.414519709823,679.117435279186,-1206.31418357982,-777.414582979245,372.895291953444,-565.122749832979,-122.433818292374,-251.432350282147,-295.218999773422,52.0252704617026,-267.44967362544,-210.953379771567,-241.706640929241,-240.746487322478,-240.414729201751,-74.2856371418129,-281.050357584833,-323.9898404749,-317.728811706565,-345.291946449838,-315.405939673499,-310.831086118333,-325.67960817096,-239.880574437156,-328.248071069844,-319.263187885269,-301.332311893239,-253.776789389847,-141.929901936267,-254.996937725024,-225.912389385938,-243.171590854939,-219.743515581745,-197.536261477594,135.647434339434,-152.730195563256,-290.44665734927,-192.360632517378,-293.863103712038,-204.96708726182,-186.959787693978,-268.167100200207,-240.657425681917,-273.923931740816,-262.503460598757,-273.367120959767,-255.847273351818,-275.418603165794,-235.126250762883,-292.987671111493,-333.877689795875,-277.882702292117,-270.229439976029,-357.39747310734,-330.0310755535
-484.58040096459,215.424286275775,-5469.1226059226,-90.7081656585632,641.421207069674,-807.121392856998,-522.73648596927,282.142101934074,-860.671876730162,-168.194639651392,608.934430768207,-925.073303040446,-668.451991627956,335.76347895076,-414.037136654733,-75.675250939833,-67.1119681883221,-130.658053538411,15.3969052729675,-84.3988781908251,-81.7207871981316,-23.652428842222,-104.694624138538,-158.468107942012,48.6616598097982,-183.797756074278,-135.086107404467,-201.277340755496,-243.828003592273,-170.729375172541,-205.14021859053,-239.1833805786,-194.412856228189,-203.153959962235,-219.981588374399,-220.839203503821,-194.413269766809,-110.50130037995,-156.576671435912,-152.509277038619,-180.348775269729,-176.293940436508,-169.127169578234,152.624237337904,-103.45183341808,-193.293701484639,-106.90242852853,-185.80074777784,-118.079440530234,-93.6041743212297,-165.372348661346,-130.103875209124,-174.655094282025,-143.964616301275,-164.631998793676,-133.660269067944,-166.069568650451,-111.695671195838,-192.192334794248,-217.293173719399,-156.761571908593,-146.939018227947,-235.171959694691,-191.437110813564
-38.6296771263938,617.36167650816,-6971.18507365317,311.504015466774,881.152214836012,-443.962536265507,-168.113918320956,476.958415254357,-516.318836617104,28.6836941136568,604.068515992309,-582.266895174068,-406.809524814574,375.03352751314,-280.510957967883,-88.1156001164469,119.683351655326,0.928608188791273,-65.76031163759,95.6450547099802,27.4875098317268,182.993224395419,46.4398336138505,-84.5782196135162,211.228497531907,-45.4707993319691,64.6209147366628,-40.5030940495501,-86.6208249321472,6.21463064225813,-46.3176369388908,-93.8681957749956,-99.0978021416737,-35.1624610082239,-62.194564533057,-82.6118747249644,-71.993853715337,-40.7592231231445,-2.84268524656763,-22.6329016950681,-56.7953194132886,-77.2406438539714,-75.4653292713502,221.12409005869,-9.61203895210798,-33.6239763399746,13.8555067582219,-25.3007638905339,9.63347899868553,28.1937276306929,5.77379642093453,16.4656663807054,-3.00023782452127,38.1671745410806,-15.7572926763822,5.44780379788386,-0.1952301615487,24.6776579744706,-30.1027703597302,-53.8506503256679,-1.0387067379941,-4.99530641861389,-58.348600993765,-23.2536024832437
473.902296079539,975.88095439972,-10086.3519751383,740.52773004158,1104.88734486635,48.8831874424376,267.753492992761,834.021407110387,-97.9757878016786,340.053837568105,756.931905510041,-235.855678803858,-86.9940371620327,518.32169254116,-219.404633924841,-188.99538346075,285.910224416086,63.23849750909,-140.938212092946,252.836202805807,149.181384304968,357.319568260022,203.325766107481,11.4138683180993,359.200732700831,96.4188747722184,224.82907851116,115.899624067553,69.9532030136432,157.655552854846,108.97056951113,45.8841628018207,2.19643249392931,108.730142033943,84.9096359132905,52.7428287139542,54.4342710110848,42.1200753863793,144.689498713065,109.321076498958,68.7814918657498,29.1366853542733,22.6478824391602,288.077744150253,83.4429202511878,116.58499956601,120.900756329142,119.077517709946,132.486095763256,137.265070490424,170.084400189996,146.087287310698,165.516912030059,207.769509775475,119.68346448885,128.578965095693,154.530330588319,143.791929967542,138.11971672099,100.585905581514,142.662011528206,115.527856304429,120.105566907228,122.903198527441
872.449946204246,1181.22072874006,-12918.0826111791,1032.83203442221,1234.53003837164,546.79853858558,630.998717194064,1105.4455422914,299.316901089064,577.019105101725,962.23442449655,123.729104108511,184.77229346181,643.512547481278,-153.788635494336,-352.602922979744,429.677863712549,67.7469110409149,-213.485851720416,374.168593552111,240.398090237134,471.913867957689,329.508690515755,106.770798552033,445.289744746935,198.943521709593,312.179854575083,220.491008651346,169.608834032096,243.558523424712,204.506485252613,126.453816849998,69.2605323548223,186.616408416819,161.292871433454,134.882994567681,122.265013209787,92.3315965775948,225.849173186622,183.518762641196,147.037276159523,84.7780239869923,64.8133140639511,300.571955162453,125.178112722258,206.424740390652,204.838948973027,218.009287138952,229.319233133135,224.232958515182,264.808811144873,238.630719398482,268.631598192032,313.686704818445,213.491623759756,221.873929955573,255.796110279665,234.898541965545,259.401882881757,211.832121046209,244.40397172389,198.082685733982,255.218108604363,226.47509307108
1065.6596829179,1233.49341711981,-13268.475296123,1128.6883062537,1230.33035601481,939.55014180182,868.662689707003,1083.87946408654,631.275346771007,668.679323435585,929.530242001142,515.323577140929,382.851529947801,588.145559674061,14.627649286022,-478.525609882768,533.799790074627,66.0251077807321,-293.964588887596,453.8725794045,242.43396311197,528.478607035155,399.599113140005,165.765398664786,468.77782817882,244.57038925539,341.853615865927,272.256194640736,203.299963901499,280.073201718175,245.179220718562,158.300485274702,106.261169188533,223.946326345734,190.25942309459,173.03911429981,145.995476939869,108.385873233476,261.439156942316,216.096928736627,180.88084207662,88.207176059727,63.9029009598811,277.74969935791,116.481330771791,253.709249937729,292.547384849754,287.202818200482,319.345577277615,321.153606417633,302.131552730291,322.794219491989,309.317304914614,373.137292886678,291.584097571375,302.63485474313,312.843339982005,308.821061345275,323.072636208329,283.666601824753,315.170113329712,256.431462351698,339.036831673555,302.864677688205
998.11098181798,1084.25052634642,-11464.6162098098,980.083380916036,968.97577835296,1092.71250266717,913.931289541924,676.380857893468,822.253267743461,612.338977627546,390.303252879384,848.509096083621,504.529822762577,258.708975693187,216.445304814682,-527.834642611556,526.402942819474,55.1122047103079,-379.811083798226,450.091663227564,165.706832126268,496.422053996346,401.467113547063,172.953354737597,427.354263592065,224.852723589147,311.079621624571,269.199488206501,174.997905322005,269.855485190955,241.993049213314,149.635751511991,98.8765243817248,223.126508026537,189.974528430176,168.438953874178,137.412316636982,88.9406131290193,269.286020078543,221.726219199604,171.359565886565,52.013658661548,36.1209010098842,238.069520640778,67.2602192305046,246.80980097512,339.283237225607,288.111986599664,360.11741977993,390.625278906987,279.106634302006,367.901102114657,270.402482548171,367.133961116747,330.494892595329,343.162678934448,294.77761613016,333.911714045293,293.979804849306,275.063086843628,327.474262535488,265.570134291384,332.00985434331,321.424062553742
665.812646259872,648.408217003283,-9713.45694764173,576.210469109488,364.586294521616,940.121507545843,709.21846812893,-39.222951784102,799.08808002456,372.711272845121,-558.974613599503,976.095015758517,518.180228301323,-297.527877383198,308.468067161475,-536.960937301455,365.345141919923,-1.07566430600837,-445.021099289403,325.009452559741,61.6318264572936,332.618744791846,328.368695392082,118.076507676338,321.437460293961,140.577067419788,197.155347675756,200.925184641936,89.7894010231035,192.078624792132,181.700069705662,89.9133841682409,31.6382215122245,155.090800197775,131.122481840943,105.004528932339,82.6920240593179,26.5150795959532,221.977812084626,171.823359408933,119.764974855472,-6.59740751648073,-25.4079011174273,168.454024901201,-11.0440209026079,154.517208908979,281.706908105489,182.950799712441,290.285452466269,360.464133529357,175.760438345624,317.13485529336,138.530918879886,263.639308674251,280.661652332782,302.579804024392,177.30212024603,280.343029613321,159.561450505826,160.944020073927,248.743029771362,200.73374659769,209.345231112493,251.222676373399
188.11890620653,31.8540810397889,-9075.03428701279,66.1118287876019,-374.117459136882,574.768467920976,311.825426902064,-764.516234961892,551.962326537181,-58.3501980606738,-1415.5289557221,824.958099887714,366.005224352615,-895.191780769877,248.613076906239,-535.101186046549,107.272588794272,-108.091119499354,-476.101526000755,104.34099999399,-68.494511775315,83.4119952000406,176.515136620375,-13.1597860858889,175.079324009159,8.88759109475385,27.1442384971516,81.9952685043066,-31.3972863916656,62.785705696649,62.256388088478,-11.9658541811365,-68.9247378119197,37.7996610390932,6.88860445061688,-5.26256194117027,-8.94787232158598,-59.3775672422725,115.89902636656,56.6859136293277,40.6230724300306,-63.6971885085337,-117.646811517102,67.0103104835529,-92.3686776125451,-2.27664553924852,135.295624855576,14.6204895916964,133.286828330481,233.088499137851,19.0945576703947,185.232759463305,-39.2707327290488,100.680759794769,155.442587622525,195.695261313556,14.6334150959032,176.129676134686,-16.3314642258624,1.17482007356098,112.473836137335,95.9498518058612,22.9300556421497,125.979198859017
-279.666011691176,-508.134033455554,-8638.14847346712,-371.671891958659,-905.215203756598,139.344346613107,-174.379427508583,-1223.66671566714,102.394351970071,-605.831318429856,-1749.64000004233,430.819703884518,-11.9646566581782,-1342.97226882688,93.9200432304456,-540.534031283967,-145.470310399553,-246.651013382419,-505.677106600112,-135.527250588861,-254.08173354552,-128.250899742676,-28.7357469361814,-202.763916500716,16.969620525529,-136.061686715187,-128.969399664897,-51.2426506886596,-160.73797798754,-70.5572794047174,-84.3401781891079,-136.219616071366,-175.351407590996,-76.138785033041,-142.273543677364,-131.509075285099,-123.10373104401,-147.395485916797,-8.56730954634345,-89.000694784242,-64.6645280851913,-126.42895605179,-229.320769650917,-54.1499050941241,-166.135098094309,-175.447249777832,-41.2865873739102,-156.514462081158,-46.7051737283739,65.33581252558,-143.796165217361,23.2401197410002,-206.754403965587,-65.3696163383588,1.68220649103694,60.4271193951572,-136.150908883965,50.4136577198957,-172.63800837826,-150.727896327335,-36.7164615499008,-12.7457431407617,-164.477556701938,-17.5175874005345
-649.492316194933,-822.853566947728,-7572.17442240518,-675.627759785595,-1096.01438383777,-263.50861195545,-629.90437948167,-1374.53471158822,-432.335468721446,-1072.0603437368,-1583.50048365168,-63.1857192204297,-517.963913395181,-1534.94564249746,-51.5436109769631,-503.87268728239,-302.217020457304,-335.087298111631,-504.849395906066,-294.211457666009,-414.461605572825,-215.03887379464,-183.274913534029,-341.599370362774,-97.5905733042301,-213.612049826231,-210.490670410433,-135.431830480265,-245.256863027371,-157.265242956615,-182.375766258042,-243.298568263174,-262.429141535147,-146.66329297418,-250.027596440395,-230.674980389894,-236.473825474249,-218.116679092565,-97.7529334811571,-201.589062532981,-181.08084116433,-203.503287947284,-333.27802526989,-167.828021753477,-223.590911015925,-325.858313370092,-203.702683692781,-308.653821153993,-218.386467167488,-94.6037674171274,-282.315754041088,-136.497217350724,-330.725311033159,-211.826081968497,-147.713121296497,-74.9646258559687,-262.484619467266,-88.5594601450579,-288.855097103257,-288.757782603109,-180.236640547408,-120.266526571662,-317.737866731877,-164.359518735595
-864.800852942323,-909.006678027216,-6331.39392941299,-790.363650347976,-988.560780261303,-532.558162421006,-848.061831133665,-1225.84433069469,-787.994923395269,-1156.78869170179,-1147.02741304627,-454.421616718872,-815.098821599615,-1389.70892358092,-97.1559611004992,-287.827677071771,-336.8363459434,-264.550232479511,-326.550585418911,-325.395572250619,-395.62950927682,-210.400587292844,-196.652974457506,-311.344321329733,-121.318316956488,-154.370826538797,-202.830687354255,-116.355515747923,-219.557238330519,-161.647238613258,-160.321454920069,-267.185584184065,-276.66092440955,-154.298188988298,-258.796014897672,-252.085444760685,-288.746114827574,-231.157766809988,-116.698472621513,-221.489251931687,-250.980698190622,-252.018838802426,-378.063958316168,-227.115850162745,-221.953323951808,-417.902971200057,-330.391121788661,-424.168465861355,-361.630007106198,-220.945075252468,-364.639901683106,-269.636422154845,-382.21499555269,-309.493045029567,-261.650700917422,-182.221529632074,-336.898450209618,-202.189384578369,-338.298437241197,-374.844747575833,-270.268999391984,-198.298348463052,-389.969659799732,-259.193671630695
-891.087400581115,-796.64369838404,-5436.39353251902,-637.35954466391,-642.14140712905,-603.540196807275,-692.929594577276,-739.982816212038,-801.819373159004,-735.769520663849,-539.547679872231,-622.04007945177,-694.082057068601,-863.092567392264,-46.4649438317801,113.89668853505,-322.990284234843,-72.1920971251229,92.1315233693104,-310.215110373053,-204.474455252565,-227.819346099561,-140.810476896285,-150.001857504438,-109.303958673152,-18.9087883111289,-146.329691243268,-27.9764267045966,-91.1082323935996,-98.0738951580527,-35.5687067169461,-178.17547054273,-176.952774662525,-110.552470584327,-170.281187402081,-176.697775406308,-229.410508336032,-157.853676288691,-74.7397175739394,-142.163536466162,-219.137336094657,-213.630610630789,-324.193877731157,-201.102221734956,-120.281612836376,-408.17273612427,-384.36042197222,-443.948569524309,-413.876840638257,-286.240932398109,-344.825969259593,-330.48890901575,-339.320822396857,-302.67937979948,-287.465246170321,-219.784677744543,-303.069928820063,-219.239672790744,-286.515510021164,-335.695496054922,-229.730808479404,-175.08082146236,-332.694295544992,-218.04257137897
-756.650283394642,-554.713482642945,-4468.60399459587,-286.939735749925,-197.842156284608,-519.665963100676,-316.779856595387,-71.3377589319968,-611.517750615131,-94.1813474089242,153.613460496302,-593.124463708152,-389.251526356812,-115.613531371804,30.4161566529259,470.683299963549,-332.914355643205,72.9109233521399,563.951307645492,-342.875771941441,-24.2803688745882,-303.929694913457,-146.605389756132,8.80355183098523,-144.440652429862,70.9464967629476,-85.5795841722617,49.9179374198111,55.2731530717113,-15.2621016478086,106.541899910401,-20.6106094598278,7.14741866318075,-46.5221648346786,-39.1517203707281,-33.7016279426814,-72.3289629431032,-18.9870379427829,-5.78118134604875,-12.8942663906783,-87.1620611561643,-81.3846716787455,-188.799941495243,-108.951771638746,57.2746155696433,-252.510697565214,-285.340142834263,-295.791718204536,-290.287462990148,-231.273178331875,-190.820469440291,-252.34715754264,-199.593859234409,-160.83467548193,-175.033355239257,-140.170090261452,-147.521751132328,-104.23824590786,-138.247572766556,-169.972470823138,-52.4973044980112,-15.7879286653089,-165.12363059143,-39.4162019444245
-505.695095660803,-293.07225281406,-2981.03032955078,63.463657093197,128.592641698327,-345.512070876123,28.6215956576305,435.949850362471,-389.678329986441,364.985290741215,689.521590268354,-427.581657188098,-179.877246229993,503.825265913953,114.579793388024,602.915135629436,-317.1140083274,113.338145480631,821.871954037891,-374.735294470892,30.9794622120669,-345.978779856458,-199.964580637145,101.041055546899,-202.614282579768,79.7993434787608,-30.0491261681068,86.8870274700713,140.274998584084,50.5138024070637,196.726406478656,116.0322945178,170.84380071621,10.6147630561219,70.8422572530417,107.143334593139,101.079296689433,125.496363958888,54.9159282633114,94.9861890513775,68.7749010762042,78.9466864920726,-59.4813857778272,-22.4151320620795,213.462078659472,20.1194943660052,-24.4635464475824,-11.6096593468814,-9.92784992032082,-33.7713485547196,50.2759939658495,-38.6706336472961,-4.27916340473719,56.6535248132326,37.5033007050226,37.3762390413274,52.972478968803,81.4130185295043,39.658275774542,19.3299670293802,152.608352015526,194.538437322897,16.8347992938384,162.990121529651
-193.019780046739,-87.2341811869269,-1401.11107861626,288.038807473081,234.047631213397,-91.1108437081218,274.368625355723,593.921856604852,-100.120541564209,550.001780176486,853.932145565999,-130.892143350989,28.0963272438843,777.005908361486,258.991907818395,592.129375597201,-179.399608981213,167.354358543045,791.207897758689,-283.082079206062,23.2269812874949,-264.312582397929,-186.61847855984,115.144338735127,-208.520509761232,36.3634001169245,25.3740345136175,90.4793544759531,129.937074337409,82.7992080117928,209.527124949638,155.701537737441,216.811318499697,39.3616413799829,113.040881848466,170.641751221703,193.039948747196,220.482355508286,74.0217886425177,129.484520278151,150.979610932781,180.398699326943,-26.1547950190242,-8.88412586296704,261.802296593157,273.653090877803,250.403263824144,252.171480121645,267.334636115705,205.274133122598,257.497244195641,189.622647713918,164.63914577627,236.672946754384,231.129016107912,206.358770021948,198.80811313232,229.982824011204,169.189005666863,144.491505248336,278.260122627139,324.963519383101,139.150318513124,286.55785262308
31.1911043034712,13.3040225165975,-298.840099392515,337.00706341006,153.876920552575,170.42671409945,419.595940091566,462.46309084938,264.540235236566,588.747432500578,670.691561120269,237.707003102933,356.100668192966,775.975267119442,469.184540660535,576.143904610415,63.2519460651078,314.164424440251,615.607541525955,-51.4123974170419,62.8849220040854,-70.601118478906,-63.9678550900309,65.9002573512675,-144.216158303321,-26.6202063698122,85.9689605073933,78.6336385585703,52.1628534596659,91.6957510300772,167.927199552052,108.29626457185,162.200643734409,39.5144040046346,92.9759335029105,150.148828464594,183.385018800641,254.006825311873,51.8836402032486,103.252835345305,143.753163215559,201.938662394319,-72.5465204437732,-48.2309180532837,219.202981211903,383.009883907507,382.783225186598,368.482154974276,392.753720765031,339.309892369932,341.808181142916,305.650658739862,241.903147730662,310.880523629669,317.614464252538,274.955937641894,251.805967441267,279.110201862361,219.653131075702,191.90856020091,299.77787483222,324.231858310051,193.399850654969,306.390181486368
28.5250039874819,-15.7570420751211,502.050956108932,188.27683217289,-30.6721732855564,272.759541293602,382.290247527157,171.965769440692,509.966620336347,517.276934501471,321.651601908028,495.928214873509,607.717090713222,641.16477416769,631.252293653976,541.060687356613,283.880133739179,461.568780725046,463.959884523585,196.489075406587,171.856387949961,156.990904959437,101.713787734959,26.6661278163376,-39.550566513725,-65.6078829035573,156.204434349156,85.7930510664641,-10.5919177214791,114.261481406426,132.133008061211,62.6981317835597,108.337705860047,42.4420447565916,68.2783949611293,116.989976495361,147.010295038862,249.473922078509,31.9143682233579,75.2611364133315,121.088680173024,191.37930095391,-100.998710615613,-67.0109442346004,168.405096007601,336.745728273329,344.015459501738,331.51997309562,336.930280965485,305.371633796729,303.794973373786,270.454801736502,220.472981878809,275.341577158524,277.309982996865,231.391222806878,226.469050271545,220.213683316695,198.464642364398,157.920813310329,220.026089283695,222.231838412504,179.945709514633,219.899729480662
-109.162401427862,-61.7919055038553,1421.65719738715,-32.6359550687468,-165.093956427209,155.575358531812,171.707091486601,-110.337276928662,501.470733166305,331.03110145563,-11.0420607199689,505.922702723173,591.037214846782,421.543990779216,614.030414271419,421.54390665806,372.489716011272,470.860821634788,383.770024405832,316.356052801157,263.819391453988,322.866489399308,207.561005171325,45.5165432425066,59.1883263324797,-58.1624853761107,225.407295063002,127.917939160356,-1.6211229768903,167.225016504055,142.152738621788,78.1604420884948,112.462219508208,74.2194603266122,81.9205017943625,127.980158166997,152.709382119321,238.412849345758,47.4588254456421,78.7229123123099,137.980846080944,190.52508415605,-67.0204411563801,-50.5163134500597,153.605319990836,215.84475085634,212.664015284242,218.395905786381,185.393254012309,170.134667877023,213.850509374434,149.213059492044,157.208088665111,186.256831639413,168.105364285077,143.138310813863,170.867773062942,112.535669307057,145.78235171445,75.5596005381158,86.8621702022229,103.511303247813,126.336768240855,83.2170369159852
-143.986796072697,50.9893341056298,2343.35042562281,-85.9410989240027,-107.586365873351,-54.2454434341283,-21.6602552667828,-212.462188750779,337.310836155991,155.027875423285,-215.681056270573,316.385544254969,411.037523879087,186.630942803522,406.053124908855,234.256471429084,298.53796633955,318.083213690956,326.897352722883,264.310160189284,244.368463110486,345.780994955349,197.199346345531,87.9961718409775,94.2045684850291,-32.2230087494311,259.975034247647,171.331380492086,58.2373990985585,216.722004179878,181.748900042166,131.875275409989,154.285507636906,118.411856023849,121.594831430541,165.638771536718,192.194251110285,241.443580877557,86.7407465040284,102.536223233797,177.534229305635,201.200439192042,-8.17044069160703,-41.6200796294993,159.514155374226,133.861097229402,126.861881886023,145.432958358528,100.17545702476,91.8047946037507,166.067272539585,88.4479638009739,131.537057223446,148.26320955492,120.64136986065,125.09609386212,154.708937816741,77.8945531411846,130.642220991062,53.3651779464675,27.9549562714789,75.9543802003505,118.433819614151,34.2503741216351
25.648535200694,290.748151376936,2961.96325026827,95.7294882689254,46.7715103804466,-182.406618909715,-46.2672741305358,-146.478098527395,180.601860699753,121.628745379039,-302.914239245115,82.4014435069022,253.355375784633,59.5513843870729,124.608162044183,46.3534997859715,115.170195972456,108.4309844443,255.414679155888,122.33884362438,136.935580434526,228.912471884744,115.082899511896,138.838173988556,44.9293476112587,-8.70203846609366,228.894657585989,179.778805238347,129.596784118419,224.890106942295,214.688040228823,182.582965882238,202.84744180903,138.938773662352,151.731176276426,187.488031005077,223.342919930697,252.489106853051,118.594100731819,125.890638077755,205.703871126581,204.800744040572,29.7984073193018,-66.3385088043491,152.837860375859,159.634274441566,179.711414000386,193.804555950279,182.689994374228,168.789619075707,209.974679156583,181.545019126281,175.539931143098,221.153442722739,212.849925979917,231.949312562302,218.370721831849,172.749092836915,191.907843117504,155.154762837067,117.12570088336,170.619327058484,205.685722951344,133.352364374519
292.778593772705,440.167430621117,3411.48839641366,328.100665307937,75.1136352734047,-141.121887688238,62.659241715285,-97.962610239257,105.174332015671,201.661272239982,-355.558488398053,-65.8770306534764,168.210348847377,75.0056848266726,-93.4384835901962,-70.4725253969392,-62.0199527143307,-13.9789749602715,204.918770589593,18.2756629457086,82.2255080266226,80.5260239400969,78.0401985335701,255.672872633101,-44.2707518652561,48.8366705438949,140.950050395012,163.668798953289,216.247929447387,196.028083736302,229.206056293492,225.407665704074,244.47096378461,127.052472244006,155.895878619143,186.489254350127,230.562535000151,246.85721033428,125.909869658215,134.541310735943,215.557845748738,190.606742797391,27.1069698532495,-120.347780554482,113.819924372967,265.559287736549,310.502245524226,331.827033319018,355.177054506723,327.36440556825,322.151177721687,357.264244613319,268.18104712126,363.902430714383,380.085924648734,392.403396508022,340.156750562075,322.12819707981,303.967484831736,316.495745158327,276.70507790109,308.133943025749,334.972379492951,283.686289328214
513.182160926081,431.625367982568,3955.78739663244,449.535618813744,-8.39421122706075,31.5797558746489,207.247616754127,-135.432404718886,130.448177471068,295.161686709803,-345.049395524637,-69.7026614060177,170.825426617213,160.307473684146,-198.35502841413,-48.5144685290967,-147.045089151322,29.4114150669068,243.955424020587,13.4892136773252,195.118555345289,6.62063469288706,162.507985166196,467.591772572102,-120.044638331968,180.527050545942,47.454258622475,155.253743371607,341.50559822075,164.514734940313,244.218399921575,283.797123614943,275.510659019597,112.718022734416,153.533482527472,195.140259785635,239.485002080505,233.237299290322,124.910942935297,139.211411056018,229.497605997532,181.034644488436,8.42203081816297,-167.339874483134,71.3309549996068,391.97802825531,415.603842076426,479.521277838705,497.772491334973,464.249794564664,461.317152861514,512.047881303499,388.329713804238,516.880525168319,537.72033062574,532.194659637832,475.422184313204,455.027085353274,426.813594728862,459.392285222611,414.591892287129,423.891196966614,443.368521327829,400.397334555367
644.356275713553,413.52248913055,4464.24710249265,484.159589969636,18.4527836467804,222.924111593314,336.63563389827,-137.551668972096,259.167207592109,345.919788826233,-169.796648436352,45.0343038830154,293.820687751831,227.011429763502,-229.36851388353,99.3581748490745,-159.79353160354,175.444460934696,351.335773455838,56.7345148250881,405.584813678083,3.51677118123185,293.596931403359,658.3416539279,-170.341603488318,322.928006651504,0.455273825584108,155.560272523096,473.382121169081,158.230838989798,276.233296598708,366.614254558485,309.865199201072,129.346563572405,175.769685063994,243.782236900725,282.39205133918,260.573934305915,151.857392940497,174.163457150307,273.690164763939,209.029238109463,32.0464184716612,-157.630378633485,88.2165293850848,511.596253687781,503.923215067651,603.63782554636,615.886149943921,599.229590558895,597.411143675206,654.231561279169,512.841465930746,655.964170396822,684.271437759035,673.769018908674,594.288655076877,586.602130193384,534.343316709322,576.646605158401,535.251837123227,538.968156787558,528.583433802081,507.506734352463
691.440652079999,450.31375214215,4725.18418913896,478.946412668058,193.452442602963,340.009424214197,396.207294638162,-59.4013409714854,421.525912512867,310.33831690369,86.5178266178114,181.543800189538,453.615410266337,200.912253541859,-224.577092895857,239.555164202485,-162.664913125676,275.599907756345,398.51710898015,67.6582491186058,506.186084708228,-7.87511438308236,313.388244347309,644.250293202728,-219.272180535276,344.929373389545,-1.64042765274247,128.94356267473,519.276147053166,163.29885411291,298.651312475851,431.430145806438,354.017524647489,160.309183486164,209.575249931786,304.218620914125,336.923987461657,326.365749407713,198.75396513387,229.088940061791,328.225624191613,257.338837155321,103.32810783643,-106.965604472252,161.997083930035,580.644181012959,588.449717553619,670.20752386717,714.725934215384,733.167941028577,662.055372446617,774.260713201168,565.055897506548,723.320358812424,783.654214789699,799.452999060417,639.022017375382,687.080408325718,565.368803876687,631.802346467322,617.460641699296,632.196447003078,562.942592583765,588.731950370182
638.228260414362,433.085111297165,4904.40370237587,407.189445841764,326.170825248281,369.539187289285,347.807798812016,-1.44738935850462,516.95199015423,208.384239708453,231.651058870693,277.360164403525,512.684253370505,98.6195543833042,-146.524172395624,285.103884987224,-136.406575604734,295.625209473922,341.785163817788,82.1299483512497,440.452713959725,-29.5177367265014,227.744995923022,464.979021589222,-265.768608680097,264.80787253459,10.2132974238689,77.2338763943093,470.642353745646,157.591632512574,292.379745392666,447.408022788168,400.868933295853,170.841307828848,224.36280981422,330.822314379673,365.858049546984,377.161239029327,224.283739035421,259.47670414029,354.17698337463,285.160144980333,172.80410451197,-76.5949349822442,225.758403329846,549.654591573345,586.256269917584,632.496752454007,701.689436391078,750.855646532761,599.477181407078,767.525689996609,486.827997317493,656.917171039409,742.54117671259,797.344690526961,554.03149171601,661.355669068612,469.468199622401,557.379478279369,579.229448461119,609.977171138239,485.405778864966,554.269761272837
499.561642124261,309.002118302091,5202.18636704132,279.269876596152,319.603770044955,366.976088943291,256.78913159208,-2.23971637464836,549.624466726931,163.794948443633,231.623326317467,368.267412563973,489.452273850247,37.9097405572422,44.9418113832852,291.533428693989,-25.0032561257233,321.169898017077,279.23580601751,193.045475030252,356.527641198194,42.8755647775793,206.85952890165,384.092331042083,-242.029516244404,240.39704866044,55.279273637151,75.5320415060305,434.407542131942,176.056419055709,301.500069977334,453.713457768483,457.327630475549,189.284904695595,245.313277191547,344.944218658448,392.567294095083,415.26046739208,242.043527654944,277.93614276289,367.610810755517,305.720017239689,229.113176673219,-67.5404715590474,267.660618849447,455.803368319588,466.025762871128,525.277821954414,558.899154310222,612.002485158009,478.791339526005,616.156605911138,360.22257908786,518.791227527938,586.829562459252,653.04216023401,409.977458118754,524.490880225557,328.200846216074,408.112781145551,444.683020424598,478.011832288483,341.775394731054,419.819393038519
331.049901582985,134.079006212561,5427.9871780439,142.199689517728,224.667978152631,381.331429906477,203.738601913561,-29.7711260949454,579.081250266471,210.794605249516,138.968242533277,490.108242151544,485.247944545852,35.9143885081065,281.222915369602,289.182251328729,115.192640796224,358.200157277791,239.983995713157,354.108565332324,341.900720410095,225.969564146848,313.759157263723,478.236021243269,-106.222000902094,313.613958452839,168.807602158058,178.541194418523,447.095091766437,260.728106403446,358.772778550066,480.290189265298,517.268589189988,260.085528792527,310.246381246954,387.770202260402,442.276373187286,473.952651956017,293.226173250922,326.086421368919,407.03094547688,354.345164379882,292.137632859429,-36.8490164145423,330.585533437641,379.324989854632,305.395262211763,427.14345993484,382.10668984866,411.949056901818,399.26077945287,421.742567235032,300.28312318105,415.914706672145,431.652732456256,473.56940892725,327.78819764454,382.121788638009,264.043250539791,302.681620797375,322.326860730177,341.323422205538,246.04856242268,294.616594475122
135.407071048201,-112.571525889321,5392.41795214147,-46.7204766128515,21.6176920375846,372.693052361102,132.704941231931,-135.443599026006,555.574217703173,197.747697141705,-47.6238433644675,594.701092628018,469.53337675974,-34.8058798917925,477.778263533506,255.00410956945,194.098704074403,383.024751996439,181.359531309597,463.311429741848,402.05348918528,388.442487208649,484.480162856315,599.248247110768,65.972834021842,442.250628487112,306.091721936217,342.632598889272,471.876054340279,375.254827214362,437.987575605437,512.840298136684,547.234786021822,349.850968840029,393.997762165837,445.136774696021,485.549616693155,526.661373308383,358.460575924399,389.918828644537,459.395887603404,408.938190146399,343.820588065046,9.7281698710042,402.559144860594,317.705299009751,132.720227681575,324.427761951706,191.013532446825,184.283675102058,324.547247290138,201.626216746677,259.069577557993,309.16562586343,261.283124174576,270.388411419788,266.389697402454,221.11401731125,230.697667954222,201.784817928968,188.202989701024,197.364700129532,168.041829002416,162.320219099273
-134.199857486589,-522.486575090077,5332.24105742089,-375.31142520755,-378.313222559069,243.706302912044,-78.9199419111679,-404.083286568808,369.74456311442,-0.634133646969625,-301.04233600866,614.139208425644,328.415347754549,-217.586364093827,665.312307463395,266.693056923789,259.243770755763,495.147647947119,201.170728540656,560.484450978756,589.178099199768,469.137080143958,675.159446756523,736.385448229124,167.09208942399,637.343620327697,386.024691099934,465.05736632356,544.659016097858,441.467926407381,505.203242452064,552.518878075016,538.530269710533,393.951994582009,441.778773981454,483.363678975792,493.620140990541,522.162081440086,385.890495812781,422.432958424256,478.539870380733,413.314965313788,344.976470517933,19.2980003090244,410.883853298062,204.68082419461,-99.5484597041516,148.790386397922,-73.6266548982389,-125.181767366673,159.218017255901,-119.730088891305,108.145479465864,82.5801320223634,-34.2219734655353,-49.7898157946942,86.6643081398689,-66.9849479233167,87.3142848544847,-31.0007659652355,-81.4192616890636,-64.2631699051988,-22.2508528106977,-96.0008721449789
-416.883021874517,-992.544831049195,5451.16770452436,-760.131021204746,-887.343648495323,16.4818176838501,-386.216107036694,-764.059349150232,82.3165707780458,-294.072803462982,-508.812118557009,573.245712768737,92.4966561029795,-370.678917415016,885.544775573104,419.936276633445,379.542274305,753.445594117977,440.843365277249,702.938467793061,873.120517903233,539.486868198282,815.064219596392,965.315717087105,163.67289842689,808.706678900133,389.943530257473,462.831690182327,673.550903692579,422.225274113162,525.189724036463,593.416668998742,519.776410879719,380.022976411724,431.003333998909,488.052845779593,474.40502250879,466.8152983137,363.126750040248,407.269877072354,447.816242182003,361.248633220876,300.802809528497,-27.3314964096955,334.888676767473,51.7725906139809,-334.183392108996,-52.0575672289139,-342.872415513258,-446.730857377973,-50.3612850365705,-469.95636458758,-110.278110104246,-200.65249341709,-381.994680893075,-423.772478781698,-163.938955980394,-414.392395339298,-118.593320383634,-320.471146589181,-410.706324284412,-390.264805849338,-256.589900886119,-402.022747099333
-506.500154895964,-1182.64307649724,5452.04594771617,-920.131131708835,-1186.87169602942,-104.068713716428,-528.138899820912,-960.989737215502,-33.2638632000373,-421.889328446911,-528.433056368659,589.085865990445,4.11475900584572,-301.396293078729,1071.49857678652,668.790069733884,478.708007204272,1020.58102360654,825.189785385544,801.664913952811,1084.60179532044,598.00029726951,810.950062157374,1169.39135439274,90.1589408237128,765.701809298353,351.162752258157,344.9816402185,723.929221722124,347.531972021661,464.793861106371,590.288346354041,518.153746702115,334.506018066429,379.421378857284,454.412537274798,451.13731963725,426.115989863294,321.3146343087,366.858257822683,400.260452553574,314.970498587205,264.933680991094,-79.9334751357187,259.409961720735,-12.0368212021877,-371.660881156849,-105.070961365207,-395.539109075175,-545.523841456592,-119.160007442304,-583.13501350911,-182.653762325506,-286.291551037689,-492.766062821678,-569.769827250727,-234.043874970959,-530.999966006067,-153.363114828038,-368.969035303017,-487.340345642654,-494.129983796233,-263.114614741978,-450.122950417541
-308.216853534691,-935.559326017768,5070.05647692832,-725.883764077788,-1093.73759086755,16.6440024202,-342.182679302599,-835.473143384048,185.812638421879,-223.218113537981,-321.832005397286,698.53773174858,243.720700414089,21.1170276841931,1127.98542883479,888.793710127627,461.079347883045,1124.96198348396,1119.803690668,760.671994790215,1117.366212069,544.800176108207,692.342822025689,1166.02627358235,15.0977533115257,525.771820736887,304.210832585216,224.323901388878,601.281323458504,283.778080756337,355.206100197473,524.5737997281,534.440429578196,286.543112229914,324.494209241426,395.297786802062,435.160408769409,443.939978108415,293.431255520356,328.794710649319,373.44636698599,322.816426308838,265.411383388213,-87.1930118540959,262.230175739154,94.2843884236003,-118.733373002469,68.7427355994234,-129.30842324558,-294.620909453538,36.4754082894122,-319.140550406124,-13.1718168576528,-59.5519153123923,-223.777702846673,-326.534695708581,-14.7827789739179,-274.006443939564,64.4612814707691,-73.0319449971422,-183.252274343804,-231.582187567096,32.6075392835963,-133.50256130674
-18.6562057152604,-546.712789600421,4615.2720412593,-430.732198404959,-850.120988531611,236.436697826889,-30.1598929761969,-574.228774561034,519.658053570593,112.349178144005,-62.2179570113583,764.66438581579,607.637741661171,375.64654089429,1032.96573922418,964.032934236639,370.068526742697,1018.91162153589,1167.67866268727,614.66596374455,999.07244522375,383.037838202764,563.949780538716,965.880573472272,-17.2966344100826,327.922602418283,266.733443003244,198.608883056076,407.610975763901,265.899834512661,277.637575622866,438.40536705826,540.739361103946,255.47151263023,291.716897976779,340.865494292662,415.501669676215,482.731530369543,278.255671079147,296.984696132712,358.060438892327,350.767796040649,263.066891100728,-69.6410878076361,299.660640513072,257.270323484576,230.475257260183,308.311374916389,242.133701652393,105.052955801324,256.359738838421,96.4807627586451,222.277349439058,255.999203892594,176.595861389832,77.1990794995099,273.265902352136,102.533045016984,323.200033384378,278.450147363027,202.473892316655,131.10594778319,349.501998843378,236.949891064094
146.784012331587,-334.892698801044,4309.25007977064,-293.912318266894,-731.556773827664,356.73239232929,125.307293496782,-435.157888910855,655.672173587205,286.01213254533,82.7425156165353,695.784972903386,744.280523267505,553.043720581025,868.169455687074,864.487776335957,329.392713697559,791.050260784781,1009.74660104865,469.6345568631,807.890691280396,249.316135356249,465.300393061375,740.624712451413,-20.8352537912044,310.047358866053,248.885560621073,251.220790875261,313.376483635658,281.763153781973,278.123677555329,391.632097380486,524.990411300793,251.879844153869,286.784941374757,319.514019759249,395.610831990655,493.45417219351,265.779045678217,272.754442357071,338.363694650787,353.936484048648,233.743430547202,-62.6909801182612,300.398001346859,306.908080859699,409.437962045829,400.028506306533,418.001510226257,339.977763623843,339.40389245204,329.405834604635,314.858723335016,386.462690818828,372.829150617402,296.773950556083,382.108621541049,272.67935198056,413.980948263727,401.523986084041,345.267041682819,268.728975738256,445.657287656276,350.362003691442
229.386951658823,-201.407519335656,3539.94856783401,-212.307039434254,-589.766949724521,364.830949817953,142.317023812267,-370.217965204494,587.432943918524,291.876672550123,190.215850000284,584.182270153839,645.695331194758,602.622746035787,749.398222636391,714.217492245967,384.889523808956,597.606351822395,813.180345104545,396.317595496268,632.245304172526,222.372855160038,389.118741412704,609.560568447172,-16.0661029622874,384.833653813399,260.028615589127,310.319298448234,358.815749625144,312.609791141116,334.934794214495,407.660826562059,514.027181446198,279.520506092421,308.007761434353,341.332468795669,399.72209461471,489.831599144946,272.338059039391,273.542597758152,336.907862200095,352.369112165776,222.850786776699,-43.6377645121166,291.968620194039,249.193552587978,407.948778327791,351.857990317174,385.692301065974,373.522545115163,302.839622666885,346.411207560044,294.023050397965,354.652685393191,358.454978991106,312.833556935311,353.367883113745,251.115612946085,387.750333818147,369.621853092763,304.12227734001,226.404482078548,412.820811217299,287.081512121761
348.734346572701,89.8451487764237,1696.17407483787,-2.18910252720036,-177.707920844504,314.801459963007,174.067750856368,-212.896559373983,471.719340489734,275.333497039891,382.025581597401,492.784252447761,531.223365089441,633.119079550685,671.071647540248,633.072338366884,450.577884694113,491.755863374763,668.956045603264,369.436285117805,507.466998222903,240.029020200904,326.379762826549,537.098730440125,-6.3836003245934,415.647655701179,285.009109840401,336.600494824547,437.368695115318,337.333221498472,385.422000319992,449.676778071215,516.953271626956,320.180325513182,337.861514172834,381.677996579163,418.758969454344,495.473275109717,303.511777185306,298.475473025742,362.725579785503,371.193041303662,257.628145175574,11.4180172130426,328.240988467289,234.530846181386,422.651546644706,345.999126076566,379.514119196597,411.471464689016,313.169565101043,367.577846224587,328.342406373488,367.243297293026,367.141639398523,354.25769325393,381.133876644559,269.696437561467,411.351185493062,403.220303008945,321.311778665653,244.284079795875,444.662664648347,293.920843106471
505.199995704803,517.670139403592,-501.334772341509,297.944527646095,408.259935670728,223.706943736743,245.772166887073,48.7763592603403,366.367874587431,275.845941216758,616.654123283829,372.160186666036,458.016837848695,642.48365289801,534.54816260351,568.523742876283,436.61514441052,376.276786874253,522.183317129196,314.294429940165,376.736313347219,229.655330314112,255.953433458394,439.008780846486,-8.01295520861908,371.093746318066,284.798117432307,325.588347014048,442.349736892354,329.960924448147,382.007404730559,459.989278090151,504.473938196373,338.695726469909,344.466783907629,397.795603498774,415.407337322835,491.218388548735,324.365817031037,315.308181191085,382.926229113915,384.545433535708,296.830661439755,68.9653225910256,384.166349783245,331.935612853996,535.573568638103,457.55545006739,501.628761974593,533.740690845158,426.51429747174,488.888996737986,457.572889387114,487.97238615701,489.503944979252,488.011149496389,507.779410101002,395.865446818702,515.803129274603,538.792692585889,451.128193987849,362.178473439376,556.820727324109,411.268026687288
675.362838415852,932.576282602249,-1536.27964322818,617.347848490105,944.127628315915,165.744532646512,374.747150656301,402.014831294777,312.340769701627,357.229675621889,832.999754667414,257.839127206735,397.330780340882,652.340940588918,334.944901228214,406.680677217877,366.657250450102,176.086100296781,297.74648986855,208.771209499315,174.298587139398,200.080640664389,155.31833510818,285.414541944264,-40.9724164792309,285.041437790351,242.671536493539,281.641270357999,359.328968146958,288.381666642407,329.957743584487,412.889356376092,451.691573242346,319.371009589065,316.266246873504,369.563165988553,375.844926248081,449.254096611204,308.778963612798,299.976129030484,373.750739292035,358.464889220919,307.850867849958,88.6715690713925,397.666671227943,446.306269867292,628.541497173463,563.692333710061,609.269307950458,615.476772255415,526.379161854416,585.759898944302,563.222802577272,595.794652014679,598.257193468065,572.316993148182,607.159193258098,499.939760602816,597.575295278804,652.735473566817,570.726181619831,448.512647262449,645.223756999171,515.592841196111
868.445941692863,1278.93560699311,-1010.11407443484,988.138330996154,1369.38909766798,246.945578088332,639.382393788028,873.692772363768,400.544636266043,623.824842032732,1047.54565585142,286.597099073468,423.855781253826,713.263986047602,164.800642634715,135.902221400329,314.941920882008,-67.1196105184544,-6.79412519680798,89.7822217304614,-97.3844655519091,181.430536030813,18.0000550852256,64.7065791275245,-96.2031686040299,162.30249073637,186.731058877827,215.952313012652,225.610505524239,239.138665677632,262.78395705742,322.423575681833,359.999711237291,282.623387972572,277.379700054663,310.407712854747,317.774141228537,374.066050837544,278.980002099499,265.425361302169,346.51744906016,299.081648443905,309.352532449984,79.3014808406412,352.880148999571,460.064367532122,595.278035351548,541.14708380825,575.876128741083,574.81120619526,507.404157952814,558.051636272287,557.284727336422,594.200998520248,591.719305530767,538.87669448703,593.950513577474,502.222206764522,587.655542039466,668.20309924752,600.512937402689,455.034270293362,655.68150854029,548.985934404411
1055.42206830739,1529.88140008971,-73.1918030268439,1368.8653481966,1658.53308097453,468.594377415313,996.759206604943,1351.85981309329,634.200953520373,988.544866198554,1224.1601799217,487.980090961417,578.945081147366,778.722255735036,70.5312340500753,-154.531962914433,299.087287745726,-275.975579463888,-328.640680657613,-13.876600352296,-376.348574910625,166.475592519521,-145.362720805556,-223.361914868759,-149.793166650497,-7.53804468380051,153.557636439148,142.013431481697,78.7973645281216,202.284699671762,197.372635082655,221.228115981113,254.562458484618,256.658437776999,249.176835234908,245.018623433019,264.336175020379,293.623657579146,261.400869173403,233.990376625556,317.10440025408,242.12682646149,311.298577772201,69.0569350177092,282.25193760071,368.498505267345,466.465549494504,418.196576197929,444.368466567019,467.427637202415,401.156700428093,455.994241856948,475.323514793795,513.550762373471,511.241426259747,463.784455790452,511.225744075784,447.821250599118,513.092331242048,611.005029098177,564.451004969764,437.767521257408,605.267679312794,538.461831355794
1185.04329324412,1624.6401935863,238.721584508379,1618.16463324452,1724.01622233106,731.094753305978,1274.12661518645,1617.87174254616,892.524662818797,1231.09693769414,1238.85967151912,722.266413989887,761.571441962726,775.144217220247,13.0918839238764,-359.639482300282,280.555988093172,-408.625754724605,-567.060698713319,-96.8875242432712,-565.401487633609,129.28644969083,-294.743848925478,-484.270283278698,-190.572898539582,-183.003192170394,143.273226028273,70.9566318462828,-46.954129268382,175.58960247239,132.095706393246,140.558767494029,176.100556420094,246.477085199563,218.39246284803,189.051949357584,225.598917237037,236.850177346612,248.080597855286,200.367628787117,286.220706917916,217.956276771036,285.164425244964,57.3352802936123,226.206471994251,255.490778607483,336.654931297398,300.982925878972,321.942029768371,374.172025302724,300.824020254473,371.803723987399,391.990406969947,427.887062495992,438.955101734619,420.468420374108,431.038621875967,401.042176152179,423.571906306869,528.587314549626,511.552055702906,438.49390007177,520.675653972918,509.044824966548
1216.58935734155,1520.93544224321,171.616315225334,1652.34822524529,1538.20172111172,913.316136263538,1355.90126417451,1572.79234320269,1030.22710390053,1253.48994417662,1027.94489730779,806.760684737169,841.070130846168,701.444324042056,-83.5777035685579,-462.174519554007,206.719853378342,-476.897473180581,-663.618444624088,-165.124617519889,-602.206339779156,44.4181230195834,-383.501626142959,-583.661649211664,-228.1737659738,-297.063268748046,122.763434192769,7.50402890059669,-135.718172738232,143.59481494349,61.0759815625203,83.9133756461522,137.789850971283,232.437999418765,157.172433051632,132.492454799814,187.829079905747,209.95598360841,218.36854062046,143.185028640422,241.662891488849,218.132820566935,213.837686967806,24.6741304661748,202.344458081762,192.044402441386,272.668832252183,249.738552324666,263.053805287004,332.690227284834,245.397544700308,338.310745371177,322.448749539355,361.019554444314,397.558946749865,410.140843678837,357.153093416684,377.73096000928,321.960951986959,430.744186600886,456.232607837209,444.395863552584,399.40828461863,460.422707046546
1112.9394728051,1211.42991814101,393.296656024677,1475.56591507468,1173.25726551028,935.416925397912,1247.55632271048,1293.66463791398,963.571276794146,1099.24469238572,684.808630267223,669.56227147987,755.974744305073,580.883773658352,-251.728290708551,-551.236619939974,72.8812592401997,-524.569247658505,-675.03580265935,-219.234571329901,-530.151378979403,-70.2359177587549,-396.704676264221,-511.222557264459,-264.4214579679,-320.97162823374,92.1580491879807,-38.014959713435,-181.998706355224,105.950057639492,-1.3202672132769,35.5335006070222,111.149863902086,209.86837351355,80.7967769323607,66.9516490032899,132.193450221749,189.142351696193,180.460980730792,77.450480329306,181.204693585856,206.456861838121,137.457197732136,-15.5325283244201,205.800331075404,198.274334282643,290.042412359406,263.576192184925,261.759618718704,348.862499612691,218.136414869565,339.34067450582,241.976354905837,297.460590984998,364.489461719054,404.671568015714,260.175751058021,356.083652567216,188.710674775464,307.485173967011,382.097118278408,422.754555709905,229.325855916096,380.958657191101
896.070101455267,752.82793396426,849.383113285779,1149.72231864705,735.728165753038,835.220015380339,1029.81484637137,933.46364170648,749.908122086414,852.672538040625,374.447136977136,429.885775243236,545.568385394878,437.117863751203,-402.999896676075,-670.324634529399,-10.4994660601018,-549.931371869268,-678.850727582389,-202.006931053853,-422.435089602368,-92.9335654072508,-317.389793663568,-349.516195141639,-235.948261998907,-246.964078471785,120.292245660419,-19.5475074445454,-145.00852907074,109.538822465792,3.86715243617132,17.0172629398743,87.9231998156286,226.048871889488,68.0416003777873,42.003092154199,78.8047980174717,160.445472471221,186.994246160706,71.2562157958598,136.654619983459,175.627202388126,121.526914929608,-17.7113784286057,234.850210086206,263.30420887209,367.693628272618,318.399463923649,303.239431731291,413.156801833637,212.1971224729,362.273674125338,168.716153296338,244.820487376585,340.763902314813,401.476339301459,169.796784967467,329.894449836336,57.4133649765021,184.0890171296,293.806307080249,379.821963866233,54.7687420703827,286.767281335726
624.467878504234,255.733965688134,1115.11339848139,754.503770946381,298.391732571745,697.523606045244,771.328852099791,593.480692460725,508.678098724939,577.30504244738,146.2443698869,223.894199342521,285.971824949713,276.560562823051,-442.928749772777,-765.041257760354,56.7921588008003,-520.448069260568,-698.912757920594,-54.6956714562528,-321.425039431078,76.6609528186229,-143.153114263721,-181.082738861979,-87.2034699816832,-108.53966550659,233.022738864879,77.7491314404173,-28.0381687919246,176.995566302335,90.8685383053876,40.809412867776,66.8114932409365,299.918723556049,146.929555314994,87.2661453918907,48.5108888303952,110.564177644311,253.381757767905,141.269877259169,118.768541069459,130.813969618595,156.741458369435,5.73047918692627,267.39995798319,333.165803637942,445.473630763955,362.69226747988,361.601226143036,481.537666584631,218.287596758738,391.119009514596,132.032537037925,212.180797715842,333.681806613173,401.261972393702,127.807152921593,307.377991767666,-23.1994933299511,95.0626944304239,216.658609767472,340.568288641739,-61.5979901316224,209.564313057478
293.220040787153,-219.268328558114,1269.29492063313,311.801819709626,-125.82132598429,505.718308010076,447.474507623475,260.906157111308,221.846305233667,265.729940128499,-78.5558491929247,-21.2478742782269,-31.2988421451965,52.0591324464572,-429.529609302158,-808.587199616788,191.441580150489,-452.750436906665,-754.510015592197,156.788809160614,-262.781678245613,340.010508779295,52.4240905377923,-98.0296845942134,108.41812688063,-4.12174554000857,343.739308256643,174.359636199427,46.0604517660316,241.092373353638,163.213712790285,41.1199307870523,4.96713216036289,354.728300460489,225.497529747098,127.4441189451,14.3260497635792,4.49376733178918,303.811608749572,198.193834075243,90.0205297666889,57.3288309786619,168.095916523293,-8.72207438408956,253.958563585594,336.403274410986,453.594705952547,342.870695219851,379.028304628511,486.837939664748,194.26609937874,384.261482232247,96.4331988782301,168.381252896835,311.174903182361,373.734252938968,96.153125761615,272.146226969646,-79.1211583779159,22.8283399809553,150.349597703467,291.862491903393,-140.030187737968,141.312394220931
-85.4058112979685,-637.955003247403,1689.42338316991,-153.30192990554,-498.881769332521,235.175306300341,38.1657408075002,-76.8349647326393,-174.512904704944,-93.7199859340686,-285.209904509836,-391.803525675724,-424.800590911683,-229.581823596472,-445.301377086241,-792.766762362406,254.711334519197,-360.963516423654,-797.201119243384,313.86100734377,-208.677221425074,514.626251448378,201.391219242788,-100.501516221448,247.126540844341,40.8351800298271,390.235666627897,216.494452441847,16.3339873926458,258.850185930522,167.98496102821,-5.81655763983723,-92.4838893163527,343.043439119829,244.660330464522,119.158724230876,-19.4563339035007,-126.193691234648,291.632085838936,197.945897385135,58.2370407126527,-12.6364081066495,154.550715337856,-41.212053990187,201.607409088395,269.425002805281,390.474677948282,270.549633755494,330.541696167062,418.624794297328,126.945821895351,327.545432708161,21.5431337138966,97.3773176744053,258.082685509628,312.749080937161,30.1330463353693,219.346318585733,-154.733617652219,-55.6323936860251,89.7784823662196,225.99896670694,-226.919555215161,67.6484344100318
-372.166280666476,-882.34038842663,2314.60772252894,-505.185564047862,-703.534053509017,-10.1105102297177,-329.331501634763,-318.496760160479,-551.983652517108,-400.950127808042,-332.951092501271,-704.813922432338,-769.309306965251,-429.338632420063,-445.498145945202,-677.485908332632,234.560169251152,-229.11081020955,-697.160387505767,374.848819519584,-75.9796740049471,534.592462054129,300.077225195466,-56.7298003333492,316.363570194206,113.087111536226,400.544174234393,245.833472282715,-1.31116554251311,272.159369153977,180.800522582377,-10.5944899373236,-132.144835844647,316.638693782885,259.241192189781,136.024026538036,9.35970613130251,-172.727276612619,262.098518154556,208.090287768706,84.9127176249829,-1.07047292390261,181.166234485395,-7.27429189776391,175.41993264602,186.457100872486,314.755864560234,197.521886330553,260.589969588484,337.191213859148,55.9204325246594,266.285050953177,-64.7569484479334,28.7927409450868,210.590167555106,265.229363477305,-43.4071999547093,182.761570571283,-227.331725864355,-115.754966953981,52.5676611386108,182.938464773018,-295.194601994759,17.988710827736
-418.039967291059,-832.98443079483,2756.35627057635,-592.324290569803,-657.096055785817,-104.494006592172,-468.716943164785,-350.316261824397,-679.370052209849,-500.566401474898,-199.598333255332,-712.262116738821,-869.543413768034,-435.62146206733,-368.486606024528,-472.797461718097,183.747778388444,-94.6728093683346,-451.207549057815,349.325648566184,87.3605101624342,443.430572084357,331.766294596488,64.61572772954,330.719896347742,226.368977950311,387.595498347139,289.452415976835,83.0311898101923,294.898139479457,245.736879674984,77.5785555211236,-68.6529767028955,306.039371619764,299.83117546167,219.607758506185,109.303337470356,-96.7298909490207,244.541710020552,260.440635210732,174.134992009483,100.478466553794,244.114708984803,98.3396421654797,194.662843966151,126.341614672185,265.390163394488,150.800998227889,218.696446893822,292.166877830565,13.4985829578188,247.064734906847,-108.794288693397,-11.0111801121929,198.717231805429,265.418144575915,-82.6235454476511,184.809190823736,-244.532370123828,-126.233780943345,50.8144629263027,196.964755547164,-288.814880172386,24.0874699824329
-213.998822268119,-536.729747554688,2950.91321319412,-409.453799874892,-417.06030335828,-21.353164318569,-333.088260627097,-192.826974161319,-482.357422267611,-352.346293289537,-25.0275251640019,-424.884560060013,-652.942917076114,-299.895204756316,-228.259241902791,-238.231990499179,145.870203061377,-11.7154878835036,-222.366538507352,274.38906476615,146.270029093277,333.117262272905,281.852225676183,111.68559050541,303.142432555508,281.480666436505,340.795953237369,320.627230818724,197.183537701802,296.462362257404,304.944071484801,196.770624801452,39.6352928145044,288.637656012521,323.889619156188,312.072192064176,215.384324343318,33.3604823287611,223.587823630132,304.222151952273,262.839906717515,217.993559617127,286.642922800099,207.723013927151,224.470488433138,98.4669636237129,236.681548570761,130.785673183542,209.080872296837,273.799485340246,6.70557740034578,261.464971434095,-88.9638071901825,-18.7708100113976,209.6912146299,290.978989162435,-75.0528108717451,207.893570325117,-186.053064272903,-83.0119954691473,74.1568678886749,247.767324121194,-194.877822657968,73.4521559346669
102.128020160538,-207.825312420708,3155.05789952147,-126.68395942305,-158.736047647161,162.048313091286,-80.3597818321874,0.0629217232728219,-125.220136047895,-109.150021611789,94.8575838863072,-71.4872213394927,-270.329715214031,-154.584727837271,-75.177772068301,-24.2640052538807,150.388450893896,18.5120199873664,-118.957472759236,197.304323006032,55.9813032499219,288.708608497976,175.488060899715,-24.27005243177,268.609594322541,213.95633161754,281.632975188818,309.308053250556,232.27831192423,271.847157394302,306.162880262298,268.625903478622,131.771917399575,257.323500054764,304.27279740591,354.471797018002,280.440407970889,150.554747930603,194.525365439125,301.959548074214,306.262973262621,288.345592900827,292.033462781015,273.774797687146,241.675577116565,82.9340708392807,195.247189385312,115.354378150151,193.619701525034,234.170027324716,24.6738427006611,251.392072689829,-28.9495431698637,-8.84570563269995,198.006973547121,282.011081556192,-31.4965893991828,205.825655126959,-80.3601147268858,-10.1959324447762,87.3255203907117,271.863816190788,-53.3723211798981,116.455083269336
340.654450058461,-47.1078083138885,3420.38389076689,36.4428288374647,-45.7477069762272,301.173794499662,71.4183961196031,81.3437580999615,139.108004332011,24.2145529136241,188.786480595341,142.861659100911,17.357070843647,-64.9997725494558,41.8617531856646,129.827899044703,182.766648805558,17.4554709693855,-80.6194868806101,128.225268058389,-108.926401222552,308.56048048319,35.8185294431555,-244.118742466082,242.070469499191,75.5700935827284,232.879779723688,248.223064913272,193.239280489466,230.338949569797,266.683956124068,281.181093747093,213.710742399627,216.836961763577,260.98769516706,346.522807205236,316.640503440053,248.396611758759,162.364656625842,268.524941805315,319.445760010502,315.658935013597,284.543084522422,298.898744769005,258.658943043954,59.4677388210709,125.729200417526,88.9733277446292,146.581648566928,156.940263689898,51.6940608794539,186.802655291377,37.1110917807692,8.14579650721027,144.278585691881,210.757291303551,30.7454237548339,151.371996529047,31.4883198427754,62.1163299635696,64.2061296822416,235.58208648416,82.6148222213271,120.548122560346
402.053442151823,-59.3375064365553,3557.83132180546,-1.43248780138504,-75.85574090244,292.186256696033,48.2043146670565,44.4188883481819,202.556154239022,0.635145157659639,305.404770308952,185.686354811065,106.905337791637,8.41211767807595,127.32815760182,246.991375379818,217.756942490127,49.8807242589587,18.2739834621263,95.867187726783,-184.675355827359,335.856393222022,-63.4781209872316,-326.641500333199,224.616581624867,1.74424182540896,205.299018723935,182.16575451452,188.456395174472,189.721732697468,243.167171424392,290.065470943568,313.951466307936,177.954073773721,234.685032320106,329.720517435697,361.305256729519,344.036015974363,142.326285361739,248.454940797846,342.125335855843,347.296620790741,294.512202671624,316.336509407289,296.931203817773,66.133952566959,74.8890995663108,89.2993900553936,109.92942160573,96.6875024375132,100.4716778088,123.794240583147,111.46080476683,51.95267904543,102.404688951154,132.956420573703,112.813207550451,89.416242588175,143.682752181968,135.603646582128,39.8027704961977,187.838254957244,197.233771807228,115.894004040885
309.951759563462,-122.303124346462,3549.37230467326,-173.867496545104,-133.379363987235,142.139803406254,-101.31618283039,-47.2887679659282,124.687773542523,-126.236943388598,402.317043187312,130.875380460628,84.7940264506487,82.9072659276982,214.301684676657,383.092672608861,236.668601289998,178.844389233695,194.195454528987,130.584790906566,-57.4348809217006,318.313109174779,-34.4932117395342,-192.265763811111,216.176880648525,52.6473114740297,193.70840809637,156.440124939579,249.811427077611,167.705542084188,243.763818857907,317.438729886862,391.852512766798,153.003118433463,230.009789146,318.525806244223,396.426508631501,403.088952794878,143.176477427119,253.500008675049,361.425381256436,380.400512216164,319.218681895063,330.468482512359,322.750311522108,136.276698025373,77.7651669458754,137.065543396623,115.828494223706,82.5241947203875,164.874128084931,106.092043199745,181.945215280082,110.35529794185,102.387878303044,91.6714838274523,188.589335270245,63.090035072936,231.759505451596,195.580126344388,39.4080087623944,162.681983609571,269.640360403121,122.361240060684
138.454819000152,-171.490389590844,3565.64122429009,-388.295031743487,-155.756249087008,-67.719146248474,-330.727229438885,-169.895608711536,-19.9290886053726,-353.322966324778,405.400777741838,33.163641744752,5.48523696684926,86.2355157394438,282.955258739885,491.348926996104,195.802971234299,327.134634125464,314.789954362011,154.786070912333,140.330476283904,211.38073030978,39.3085753949038,-35.9798108581231,181.239243512675,108.181533271189,159.967727860185,133.932024810713,252.19596854867,139.883556148243,203.43088164828,290.272693132647,362.443666703443,126.599856465563,197.080662323955,267.13850293788,348.18270271689,358.590047062189,133.415540319086,229.976041480339,318.842351497735,344.631359575796,314.622743122972,298.703134488831,263.853138230442,197.949706884377,76.3808393025185,160.068889731776,105.112653790437,48.8161194193453,171.931965776408,76.9502254117102,178.531443949661,103.219934080354,75.9954684770584,34.237902517779,177.254810519592,27.5439557555009,220.304399554099,174.935012500317,10.5068876127124,103.57067875801,243.872697439294,88.1700324371207
2.62516193782747,-168.765529747029,3616.87144207613,-531.053566466969,-113.236236741544,-225.381749553409,-553.159141020494,-268.912555039163,-167.878710191968,-615.992143001467,344.023213752283,-51.173767847176,-131.061899284619,17.3218592791823,318.925075491544,487.679872990201,108.855737198685,376.760148058997,292.239170674174,117.300150473936,203.004999830227,66.1703171572229,43.9266907929884,-42.2238282112887,127.291390245874,75.7073710500861,103.435578143236,86.8129879045772,118.997440930381,87.6964312147125,99.8634700159417,161.873171705145,220.792661116363,87.5438790335036,119.16068761112,153.981221684395,206.0855131906,221.04656585483,90.1980474219276,145.480017033427,208.779606511998,217.460609050795,253.367308711303,209.673287158657,126.353155140939,155.345410196855,2.78654527234129,87.3151160380352,21.6516805037826,-54.2453332402953,78.3580037590602,-19.7403811430403,78.6655173260839,-3.06515472217711,-26.0891414124479,-80.5032978004525,60.5825784428742,-63.1920536463727,104.035414866555,61.5114080225193,-75.9203522818496,-23.4847472020252,128.321710988629,-11.9331849862285
29.0535569424916,-14.9851673955237,3559.83556690977,-462.256702843327,67.8554501422678,-243.79143037477,-606.314020524639,-218.641365706363,-218.174633621008,-690.556579336545,301.968615387921,-33.9284789684122,-221.291279099501,23.2433561523638,380.292248103284,449.798428881355,96.8804467445475,380.285078927959,274.219352372615,155.574021981905,222.176100555563,61.3665961789558,129.030977188288,-45.4681996473535,184.776057013228,102.876566843561,102.103824631507,105.358627871036,-18.1389733359668,65.4842952779293,19.8037528465331,11.0520660463832,55.4953485761161,62.5184633639805,58.661944598723,43.1473158552084,54.5630132209969,80.58682607258,47.2513232127085,54.7766509030076,92.2639916660831,71.6788149402126,165.737376076469,115.931622421467,4.63587387251294,24.9864660149952,-120.397843201897,-44.528543949333,-100.757256533316,-183.230017094935,-53.0884609130776,-147.935588032175,-31.1524972840501,-132.271995462449,-151.290757156424,-203.980878451325,-60.6647556016638,-169.980476948342,-4.90872293084187,-54.3080851428149,-162.799731324014,-157.689180170951,26.2113389567495,-116.388131335475
234.939671343808,330.928642202074,3412.65032264124,-143.765674152881,407.877035109267,-129.496615001128,-401.524488058639,47.6729043116006,-108.670036885802,-429.472484758845,322.215683182659,104.155727907362,-126.459013899052,195.425358900957,493.537931568118,544.55589698492,226.05378577062,464.611506564004,464.68648026625,372.42155682684,434.221227231911,279.718496010751,460.880053392647,220.153072994388,433.242252319818,349.997153740832,199.557857157576,265.429539847031,6.01648839822999,126.810630723792,47.5423402364941,-54.9349514023745,-45.9676794443935,71.0937687121922,68.123921499599,4.5136318208823,-34.0434236149761,-3.08808484420356,41.1817955993492,22.6141124888779,13.6872684353847,-19.0683566673348,107.09666908104,62.1132779485892,-43.6287182808849,-105.134762171339,-228.844682953564,-155.020468050922,-207.276087887177,-285.568279398611,-144.1463478185,-250.321147493597,-75.9731273142531,-208.459825312907,-237.737465538837,-289.842090371193,-107.108380200479,-241.824022531396,-23.5338361528973,-101.834078036157,-205.098219431258,-243.119200809647,9.2594523827387,-172.672715484374
498.587510512989,725.958917019083,3321.54529955714,267.825273410283,757.299641522029,17.2499711990081,-56.7125693973833,415.630990538823,78.8324908976965,9.32095382682956,420.109915490781,248.218946115708,103.735649417505,418.628358757328,564.316326731176,743.108797807499,380.395630959951,588.934328718933,740.639406679934,591.95570144806,737.727589243755,544.222597760007,811.603513010112,599.505216666212,711.670800513236,667.051786761109,318.197661538106,458.29672350644,157.566767301275,220.379544681829,142.137602291388,-31.5258452420314,-67.2588233149784,87.4917885262065,112.941428000484,19.6280456361145,-68.4908003312551,-49.9892837188986,53.0913775246387,33.7630323530389,-37.2732066884752,-63.1528967055668,90.5978562726778,28.7516550442872,-56.9329402705155,-200.331639144701,-306.238811167467,-232.858804388716,-292.270797412743,-367.449070897648,-200.952120684835,-329.003041213045,-91.7525946162311,-249.685349232636,-300.265285713396,-363.510370967325,-119.812569510889,-294.758897355882,1.29951573007165,-108.111101379543,-231.343663485661,-302.395444651005,39.8345971869383,-204.644556808029
676.777564431466,972.577071681712,3259.49631811045,542.645276516317,923.162946962925,86.9956005621831,204.850988919489,668.384807999027,189.294731163089,327.437922910649,543.106607896764,261.347108249106,268.561711647021,511.85545066313,477.343403104834,822.129950223064,392.822005545102,582.638246296565,759.618718438754,577.902551553522,770.541664239455,614.15498300329,821.080344842613,672.142648552717,778.736764019097,749.109667443463,341.871825539824,492.988867866531,261.173824420144,234.757200167057,181.884019382398,-3.11942023005693,-62.452974121852,68.1818604082895,114.173754749864,15.4461369772773,-100.351975462402,-109.739883138758,32.6763814637554,20.6069452296797,-90.2185739754525,-117.024181226678,72.9030826403823,-28.1861896775898,-95.5552197338124,-276.950405092187,-362.347231129949,-305.446413370853,-359.738500600599,-440.459458375028,-265.274453646565,-399.315968742505,-141.786567432914,-299.789221962036,-367.558724991714,-446.976883844663,-159.325034017643,-356.473028067806,-11.8751918275028,-121.970822627017,-268.837127970476,-368.61497494566,50.4377376338125,-243.41360498952
718.083549727588,1037.08867980841,3085.88292980746,606.274765156991,895.037008260314,61.280637590556,280.165071702514,707.14621806344,175.563820295004,407.995558378237,565.15886710322,145.719624289459,284.659069039361,436.373818093152,246.925653706367,696.263954069398,245.13396321006,402.86149966568,500.498690744623,363.073386710998,441.37395473497,462.252828118356,501.316591236939,368.271588749091,602.764869628561,509.600059054558,242.964113962618,327.217908610637,213.814730559241,132.965227988922,105.64177035186,-35.5618719633872,-90.159360139235,-0.261607553170721,39.4456441133695,-41.8611081333607,-157.080446878032,-199.743387936896,-39.9639716693046,-48.6893849871433,-158.29448188069,-200.259183953591,16.3586005758117,-108.219561971696,-167.308387471851,-318.826257319774,-367.507759099959,-344.544601808456,-369.126577776001,-455.220284861774,-314.01874534177,-410.141539770143,-196.434067579806,-327.0588099566,-387.939454865708,-475.660392633965,-191.817028077745,-379.513631535602,-47.3500374112092,-120.983122585365,-270.059620239347,-398.055118061689,52.5718932944328,-247.261033918425
668.382571802891,1028.05490597923,2851.90276420225,573.141115945646,808.380783839944,20.8713715057039,243.457908464653,609.911891291144,132.193947142616,352.493956842149,444.873223482945,42.584209718743,261.987727786214,300.05312433351,20.2146012732917,540.885527938568,62.7586913067694,220.824532487978,295.222431714856,166.687425755333,58.7128199715838,262.943305669966,167.673984186983,-5.54634499220471,374.592848504006,135.401476446936,105.568763821,107.87593860999,46.6705871090678,-2.45087533392042,-33.6568802691015,-121.561341514961,-159.650120823923,-81.4185401633249,-65.0507369795167,-123.864083632524,-224.359941962106,-296.31597044839,-125.657660839595,-136.383772969113,-232.791165170873,-280.408326754943,-64.582578257112,-172.323735091814,-242.670091161878,-290.625976004986,-287.750619524738,-301.539804394635,-278.97091733406,-348.990960260907,-285.032547701919,-294.572703972536,-179.835457868372,-267.182944294463,-285.895182971411,-366.054916233523,-148.712340979913,-285.047419905853,-24.3442478420983,-41.1850659516229,-165.827900220682,-311.04065439332,108.043681593762,-150.032100821335
566.0303194081,974.748529948696,2711.38590495433,526.991084048486,716.7657121608,30.681016801751,190.978969949436,457.690815428427,137.987707274794,261.296757636354,260.774151864702,52.0046044145343,287.011148521083,178.798179829541,-78.2770975559194,503.44566790971,-59.8227490548022,193.074341928335,287.56451601801,91.4568649236472,-69.6546356585675,141.586432710339,30.9313188729177,-240.222833791861,261.303911476177,-134.053215040297,20.9019156697754,-9.90648413008877,-155.550919243017,-77.7980981715502,-147.782162254665,-220.058001956501,-253.99296431263,-133.906404331997,-137.899744934399,-196.140929109812,-284.171216618543,-376.305375635368,-176.714534015438,-193.604653458659,-302.752960516549,-337.724270802502,-138.5523731267,-213.961039467354,-309.482287117111,-236.509790928355,-185.970663730468,-225.260092686504,-154.222056751794,-180.024065424441,-207.791397037241,-117.284301887187,-121.939957709768,-158.502491708214,-117.230444360204,-172.982953606403,-67.0624172189368,-112.20736255865,43.9236062549295,84.9711775667874,-3.38882500118146,-141.026019107025,183.187320186484,1.66937002109675
375.559831298302,772.846417143141,2584.51080736265,404.968754313668,547.59156234394,60.5847670891506,129.571715814701,241.469549244669,152.645989190966,121.549204896924,50.9713780122368,115.811474001569,280.399563134869,18.6798856567449,-69.476947154139,491.646670555957,-126.917876369717,246.043167412171,281.944323596374,62.6838828892372,30.1664934710287,52.2438344148483,40.2479767722359,-337.050275656936,234.295293081067,-196.469062668099,-13.2197626005427,-19.0113860332267,-298.769881690446,-97.8820665809458,-199.256884009019,-300.651920621787,-360.710408048984,-163.585084519106,-172.916104693092,-256.613794088719,-339.558071741527,-445.270079236223,-202.859931476485,-226.706172409361,-370.67142213057,-395.456706752339,-211.752401275873,-275.381733249761,-391.203527887707,-279.169143440619,-215.473763908134,-252.217067520686,-160.50668064385,-140.209309195086,-218.352945354242,-76.5038850476978,-157.875582376974,-150.994418141164,-75.2787862538313,-97.4137832258583,-83.9987411929966,-46.5778681077683,23.4828615605289,96.0132699600723,37.2994780753957,-70.9393805229411,134.549333144244,33.6698556600148
94.6685958145127,400.431814674116,2268.45114505659,176.18866902707,272.58763852121,65.391257656906,46.7293280530074,-19.3189393220793,108.796346593559,-74.6457413287444,-201.799987074764,129.173647327339,149.518387570515,-228.189665356798,-47.9503624013149,355.248102314524,-146.83120500451,206.836180147931,126.473540126679,4.93192892865345,107.135523591224,-58.5672515792889,40.0827280563733,-319.264552725983,182.525921216362,-115.612128784315,-39.1137796577677,-5.47830386801263,-305.151952367868,-111.760064456477,-198.349017301586,-334.570093413545,-444.605185450414,-181.636939870821,-190.54060990595,-297.852434109078,-382.864347914051,-501.279273006976,-229.608222340391,-264.143669352169,-426.010737889919,-456.350160304451,-298.591224808181,-365.110028454378,-494.794929370032,-458.493151422303,-437.153556476969,-428.231851310484,-368.197174233431,-333.718307605045,-373.561430853046,-271.772959133903,-327.218024185054,-314.091887097732,-262.099405388695,-256.860763859094,-248.120747538017,-204.347266684078,-140.528334672752,-88.1512126284559,-138.428284005995,-216.653760478181,-80.3415855185147,-143.422185725249
-174.810787039965,26.1459977653396,1827.94132140892,-37.4857122075428,-2.27590380975119,53.5260661717316,-15.8637278746036,-202.409036186904,18.1728148521069,-232.683918194185,-429.232842208457,75.3399581512447,-43.3980809919766,-468.977891230821,-53.948412942573,111.533105162978,-113.805719168718,54.2804146969914,-105.653200170726,-66.1537891570168,15.6446268112288,-138.568840018117,-39.7490004533482,-238.677858182502,88.8552769890762,-38.7247051408204,-56.8503675490327,-26.1195656894773,-203.078777712895,-122.968892736682,-172.949384484175,-303.586496887045,-449.316657511778,-167.559022536694,-189.158825597122,-292.332677289242,-380.381812539469,-505.19212116751,-235.773328474071,-290.923743756406,-436.027598638813,-470.040866954405,-362.431281322804,-415.119985046995,-563.637135268713,-626.645232055532,-684.753279597874,-603.089461873577,-610.495258672208,-599.306965103026,-528.988815878896,-536.759985829348,-474.305758587481,-498.690011926602,-513.286628236874,-504.099469962545,-415.578063705811,-442.017100619749,-303.747021086874,-305.422238307709,-370.06883655585,-434.499696162018,-293.095843262165,-370.828564618103
-372.869262694329,-205.277473163283,1464.12205869137,-145.266476920526,-163.793859761521,8.7703112242041,-42.767850222346,-224.616968754782,-83.821011538748,-275.023786960844,-510.661828119176,-22.6242786869634,-185.139033064618,-585.424551661165,-81.6193696995852,-118.237355825313,-88.7367060951103,-99.2550011804836,-293.946590078481,-125.175170687242,-165.949080892254,-166.051455964859,-161.388431603004,-215.537414308216,-7.27862997449443,-81.8919666867772,-75.2393219993934,-98.3400003359331,-140.364821895856,-135.631927837826,-170.564103263293,-252.287516788894,-383.904519370298,-139.106644052654,-179.718936180779,-259.855623515424,-331.937826410485,-442.184105562191,-212.763356269672,-283.984516839883,-398.072402348322,-413.343004887053,-359.751147210488,-371.779746196963,-543.796676692387,-595.544471016383,-728.515150664126,-587.572231969895,-651.118807322233,-685.07365624663,-505.735634107902,-617.382722937273,-438.499450958027,-502.725921699679,-575.294181271345,-588.464064975611,-418.316963826032,-513.899525157097,-307.015266529716,-343.291838174019,-422.800564270408,-486.160995455583,-332.099362394647,-423.860624223321
-558.720653447793,-343.231227348345,1017.3099351544,-227.172768539387,-231.455173673933,-127.105839356385,-108.590599290968,-178.135044387571,-211.94185622386,-271.895220741523,-451.341629904279,-163.342121758197,-282.229290331178,-600.749335036322,-122.071691884591,-269.057952806835,-140.827114595229,-185.832536818613,-397.065103339102,-183.135283410211,-293.71048367669,-207.983994367788,-257.394766141504,-292.930974506268,-95.3009997692657,-229.733483061213,-132.841267226256,-205.130648417473,-204.032385742596,-180.252555972172,-218.991290100646,-248.797273195159,-327.305582788933,-149.734206025525,-193.477857247537,-257.064421182758,-286.079497583675,-357.348119589235,-198.542609649367,-262.187982474738,-344.085564070225,-328.422904193381,-304.61895332436,-264.820597541457,-456.01636874776,-349.570845544813,-530.003263197791,-360.629545892114,-447.000562271836,-534.33031175564,-297.043635332798,-454.66970093812,-244.828136514695,-306.978545908296,-399.56869851983,-441.142367789718,-251.933860707958,-361.622227271169,-170.889543458617,-194.796452017824,-265.436576217012,-325.961987862995,-217.773383539724,-279.400725671008
-777.904314925166,-500.048758693641,97.0796034604434,-388.516539179183,-312.682204295123,-345.544313206643,-275.531395787655,-221.916504353305,-381.898657749623,-338.69448569804,-395.182315498686,-323.133703437157,-407.257100196982,-622.67039201573,-162.754506825282,-349.441419838368,-236.315665582356,-234.836957184786,-428.773256078296,-248.184868894933,-333.206573457954,-292.231090446569,-304.113266790806,-386.663478141463,-173.791370570338,-366.618300216049,-221.344165261035,-293.265569993553,-313.178482245311,-245.425282800252,-284.034196277604,-286.624220987854,-318.332085432001,-192.708370156727,-230.419653077803,-284.902802518099,-271.045287690442,-293.895542252794,-208.182346037778,-253.404320384681,-297.73518322649,-264.45030487782,-245.165836358571,-159.124611752014,-355.381232045993,-53.3850148781515,-251.714261912703,-72.3942233243226,-163.320434978174,-294.613578251427,-41.2874896550833,-204.20682360502,-37.2986870019255,-61.3302749077247,-149.778451409054,-204.578826268814,-45.1985455200444,-134.079587443084,-26.8647435076971,-16.991287698433,-59.3996888670761,-107.177742320718,-83.9195919387088,-89.4075013237717
-990.749405525569,-680.476496294684,-1185.29006744085,-599.720832900038,-454.737387534435,-567.714375203205,-481.298896609973,-375.967448422142,-554.755349369803,-455.591870266249,-445.716053503099,-467.851225451817,-549.620885218593,-680.343472512602,-229.265097685594,-392.819249333354,-327.468821419832,-315.118237577573,-431.595892141581,-340.491146324659,-370.616661146103,-397.24232590036,-361.555000077289,-439.893223983336,-260.220282348639,-444.16363554179,-309.565306450834,-355.810250021283,-382.516108508151,-305.768349700596,-339.746973920085,-324.085918146458,-340.244896025219,-236.645685945731,-281.079106151359,-314.81543165117,-286.030880707239,-268.702300025612,-236.430935069743,-272.530525939168,-282.647150448301,-248.996712146862,-221.090017338468,-102.255863265357,-282.24818423904,107.366839792905,-79.8445824749165,94.9313745151725,3.48024601524592,-136.063207046698,110.411720317815,-51.7646466990364,68.2303168131764,74.8796726897139,-0.762755959718348,-50.4050108288159,65.747673083501,1.78337400285841,28.8425349434364,55.1193735065476,42.8608588080334,15.7882744020465,-32.7974960127815,8.44349922867924
-1113.35746770738,-775.314887730875,-2109.51378503203,-713.757442412334,-560.003606283625,-722.358826543026,-568.140433780271,-478.231408651502,-650.395906353847,-472.162452506724,-529.734016018095,-582.827420009458,-609.530824708577,-686.798723847536,-363.374926337492,-426.69864662882,-436.028448979728,-450.183420863934,-434.828514345302,-485.117415417064,-460.935408876699,-522.969615778635,-488.747403188981,-466.271567160897,-382.443163687123,-514.322574175022,-398.615027761691,-437.688423475202,-433.521639332585,-370.765519530252,-402.496578725126,-357.2011921494,-365.64646254955,-286.38104733318,-344.492944387504,-346.01648957077,-319.204029182125,-275.887115889898,-284.50998231339,-310.892305882802,-302.42957380293,-272.04981099636,-223.255468702958,-92.3374566058362,-245.320297813382,84.2715496425733,-69.9765095510583,70.8185615318166,-13.7662566719636,-117.626634385815,94.3865288572461,-57.1445480418679,48.6617817427129,50.5832613888023,-5.41876312139434,-32.4672622982848,36.1137864039392,-0.596038861669481,-14.4833632354342,1.14026434883298,17.7454471749752,17.6250296722753,-82.6531786669787,-11.2700808173294
-1073.0583563226,-689.030527083103,-2214.68600616108,-623.237866814311,-498.424332962993,-762.828629958038,-450.737668516532,-374.444557562067,-617.268659455064,-312.195288883487,-504.234253941071,-629.1919284917,-539.797906409489,-571.433678713154,-516.075751417099,-468.250965528623,-546.67094121928,-581.228926553419,-432.765667907428,-636.853222826401,-542.281876265763,-643.658317997987,-632.789890385195,-462.419561184229,-507.178279094989,-597.796751765443,-477.295867128034,-530.579133671921,-491.361873089293,-431.489486827909,-463.098456082329,-392.558393787667,-374.633528973842,-333.495473232123,-391.223602569809,-375.702989603728,-343.26705011652,-292.682988488557,-328.108074893716,-330.264988870796,-317.772774207977,-295.76259401701,-205.996144889705,-91.4165794974548,-235.37612685917,-35.031502636891,-159.417879968188,-80.5882206524223,-146.79420106004,-197.612914417916,-41.923595865471,-162.463302988447,-47.8190581143096,-77.1574403477179,-119.399476535653,-110.133900230864,-82.3779005121122,-92.3438031116515,-111.653367607852,-125.396586807807,-81.4766513261973,-52.1341631631591,-191.118493479218,-103.386205602248
-880.756599193852,-467.293638299589,-1874.32765275848,-396.594792636226,-306.809711776963,-672.662455021009,-233.972096023602,-130.085227464513,-493.845663072623,-100.954976722307,-374.168818694098,-562.948927206256,-422.414231794424,-404.785577905691,-580.817395190566,-533.485334021525,-577.170374451495,-642.260325419494,-439.18332123361,-710.423716535767,-554.764713825059,-684.992136614416,-702.849099355694,-426.714770488978,-567.260769523345,-651.392453908222,-515.826177031073,-580.343398775778,-535.365036286064,-458.019688540957,-492.561688573947,-428.468930104004,-393.797303424026,-357.508711409284,-399.673904400728,-397.191875272054,-357.771128810782,-328.965630806191,-345.178510563886,-325.033516812256,-315.6587566938,-319.783215146455,-176.881541954732,-98.2793015422569,-265.77074907352,-164.513506605282,-280.920804701114,-259.839784874283,-301.636971202583,-316.210276806058,-209.166053330554,-296.697764159602,-167.766835965847,-228.208180978471,-277.330535598886,-240.629766967863,-223.648734491641,-223.09944418639,-220.664020846109,-273.17688956363,-215.866697007405,-172.46909064537,-308.731229185229,-230.406231429661
-617.074137073248,-229.18189954727,-1715.75722013499,-174.06500654709,-130.867902700449,-472.1865617887,-63.5245790211974,65.6615775284634,-338.511551319659,22.0174538782203,-257.91543407608,-394.258985441304,-322.038622027771,-289.880032547701,-518.233382119963,-585.094761138625,-498.785520470121,-614.246450910227,-457.562059337469,-676.962046045809,-510.420945806831,-615.527441978491,-681.647527953064,-385.674942491943,-538.364859677037,-625.103136837495,-505.358886340677,-553.008214381127,-533.980145893243,-441.826016574715,-477.722570683967,-443.346230964152,-442.755576984201,-360.011279431244,-385.444640950529,-402.382009657931,-373.812653013874,-385.014644207393,-342.833145319615,-327.543406504923,-310.432185962224,-344.873636251334,-178.601533190039,-121.772433630872,-322.348561019102,-254.987389347752,-358.257460568934,-371.866753526411,-388.521839183001,-388.026385248048,-316.752777354085,-377.598183093311,-253.414507918293,-321.229037515815,-380.589503042363,-346.960891424784,-322.79563620913,-322.916790857486,-297.245251262224,-374.292354081311,-320.477892653452,-292.80019422241,-373.716996607262,-332.091292366288
-345.013292662823,-20.3384361774993,-1818.3223766882,11.3666401736299,-10.7190229762457,-213.87578216091,62.9215775944583,155.480240413422,-150.534101479069,104.162008802487,-187.513694282157,-176.114457240422,-174.163113830101,-188.828753458013,-374.937854383996,-525.172446332508,-374.446222462204,-499.443238429669,-411.787894465389,-577.787954083104,-419.288972005921,-499.93805468706,-595.362729190691,-332.295533963727,-438.02541905137,-490.710244213044,-449.787349049295,-434.610534383487,-448.380314930572,-381.131076253549,-402.481089590263,-389.779026439015,-444.338147850163,-334.084770484565,-350.44950182874,-361.196090810096,-348.327018464737,-378.747329673661,-314.123529118942,-327.276262888684,-281.297451055136,-310.226110193194,-195.230471785234,-117.303567844782,-321.338433754669,-252.148892261348,-302.425318020579,-337.70911589321,-331.085934017889,-317.176818752795,-285.784818398316,-310.52511048334,-230.53024218978,-278.394146365406,-319.312448381302,-307.415436230342,-301.146776433069,-283.060080712198,-276.126751357374,-339.731746247021,-284.858288186633,-285.760269317273,-317.801396377844,-300.896977976871
-133.14521265935,136.991686775843,-1848.85848356786,160.269132177356,79.1441064419009,-4.84869645941614,179.95881612233,184.613563243245,27.9259442723473,215.707394310802,-138.256102652202,-3.79774586769458,26.970413881732,-34.6353163904515,-252.003615344241,-369.53417024579,-300.618795625026,-360.313360209101,-280.213845252141,-508.350369793266,-309.224843536354,-461.285674169198,-501.682022067918,-253.677860913998,-332.013869571416,-298.408440923118,-378.95299892544,-275.863427422764,-291.42751535125,-302.046654383573,-288.056819474571,-282.196899701794,-346.173564411896,-282.134711960926,-301.161080201443,-285.650248543404,-269.489018958278,-275.314057510779,-264.859115743045,-302.502304442707,-235.646785615997,-212.140158183084,-204.412275902922,-78.5972578038006,-241.271060719273,-167.127985828472,-154.652245042662,-196.510188770195,-174.653469765926,-145.890487446468,-142.674561631201,-129.587363026354,-107.175251531061,-126.954876070851,-128.467241802203,-126.388476114378,-163.188402995694,-103.705224372559,-161.973950371745,-185.590712058842,-110.532046863106,-122.121045258927,-171.841419941205,-127.20055617544
-86.0408130591607,153.47373397692,-1713.23374356329,184.884086367041,73.0272814083807,36.2314555250222,195.251326868996,122.415421162241,63.0417150809333,245.923628062563,-166.350578907831,19.4783076353867,106.076593389546,75.6330915569717,-244.741030145075,-305.971342678739,-331.189789709267,-320.474814239111,-206.259770445072,-544.007752467065,-270.607188749375,-566.492403798223,-487.72896145629,-207.552812345121,-317.584829453592,-178.866411515202,-355.737246651576,-203.806833272234,-171.534448891258,-277.094337336276,-221.771789973221,-220.373311690708,-248.324427150964,-253.168833102267,-287.080212639939,-256.456698474525,-232.194930922402,-191.344182704947,-247.893645499138,-289.775407990454,-244.196811350126,-167.432737020786,-234.084858255826,-80.3318471574289,-177.963690323286,-98.1664487766695,-64.7590056235665,-92.8001013551259,-65.6339710651227,-36.0042174059585,-32.5489885173139,-1.82430782969554,-9.25050527284234,-8.66078377705804,13.1661933454055,24.7471427665365,-39.7342113091174,51.6454336058483,-69.651662902213,-57.5727517866893,37.6183114600961,39.7355193428129,-71.7819072675852,31.4733050545081
-219.103966719407,-22.5430679565181,-1626.36345976007,27.3120512806361,-110.241847902778,-74.6676888288831,39.4490622428161,-82.8669529127671,-67.7443292675791,80.6347705496994,-332.350357817427,-68.0662449301684,-23.9781932044147,4.84376817370628,-313.297591089118,-420.546191448741,-391.400652229727,-382.321269643239,-291.607701369102,-594.558504198082,-316.882327886366,-693.047606925428,-519.398508289386,-239.600496242086,-380.821538250553,-185.555105449364,-382.581415104353,-254.113523130105,-158.191090410187,-318.566852221771,-239.505964347222,-241.822078247519,-247.079946171203,-266.193252839568,-313.865798251292,-292.000046099508,-282.491307837275,-218.468912794107,-268.593477543561,-302.893094278192,-311.831608626614,-225.854650850806,-271.080720777611,-129.796643501394,-170.604840897997,-79.2426271598299,-53.4253623042501,-75.2836081276096,-43.5504485796645,-25.0330948052212,-26.6206015918472,9.9725637989087,-9.9930720943888,4.9312783821078,26.2915888604076,47.2645883217506,-20.4351120759367,74.8282891015569,-72.9353485161751,-39.6997903191399,49.7666496915364,70.5406707694677,-80.9610858366115,54.2704475434729
-414.214436436903,-308.520548806332,-1654.06641582816,-234.001354972467,-408.965592799347,-184.940622794175,-179.388993385225,-367.811535210618,-182.810064507222,-175.387731589169,-567.805195552073,-86.0111749938088,-167.580252555997,-197.135477788319,-297.543216190528,-538.494278495045,-339.231804904473,-375.991195285699,-426.501611826921,-474.903512791988,-312.3818719574,-627.478399565998,-421.601529455185,-267.84157889708,-360.654632606786,-211.191110505973,-363.35257077437,-291.173978892557,-173.351111413664,-327.234099164946,-254.362223227964,-262.120861248353,-282.400377180216,-261.198184894063,-298.557966478637,-299.88989477839,-317.362814601275,-283.509920180328,-250.079445689917,-274.987241100685,-334.779359259174,-273.429734866916,-242.060277393009,-129.846739960519,-134.132509204527,-31.1049754160999,0.289790830468606,-45.232463381497,-3.29767893103872,8.74877406611038,-28.7062266821253,17.4028722625784,-34.1257904464874,-5.70541242207835,12.6783317644059,31.1793555946052,-40.0922457766576,47.1452680999994,-111.741845391253,-60.9144346149723,4.24012998024243,29.7616661194488,-124.3524799757,6.52879612129147
-584.380469677043,-581.320254422364,-1607.0932181751,-495.922212123355,-665.417350117105,-212.936201410838,-331.627755847054,-608.681292970407,-141.556848242459,-338.826762007316,-740.282974462651,38.1265934347509,-112.170971084744,-348.749844496237,-135.395195918775,-472.435421777605,-156.927940321324,-198.763871039128,-448.712449098614,-171.202129757939,-168.393363295053,-348.739241798111,-137.867891184322,-174.227157290189,-152.758151459565,-136.375137004952,-230.503565803726,-190.527147580274,-109.142400350507,-220.768265218068,-171.406295055188,-198.943677889502,-250.248148436754,-187.745625225257,-182.893135461508,-209.62341522669,-236.118163466364,-273.476764463723,-152.08824244232,-155.167712533429,-239.408762471159,-202.565135233323,-121.612207140561,-26.0361448013295,-12.691152191054,88.3205100610151,138.640378332452,59.4244085033948,110.982057815761,125.768291266333,43.7406437096678,99.723146586367,-7.61016296613587,38.7054066245345,65.6906206889969,76.283024120418,-13.8217255120333,79.8032274469204,-115.700181791722,-40.4362256506756,12.7099552761439,30.3407987798166,-134.856208366812,2.8279114479337
-751.914690757286,-795.136573486014,-1398.68963168155,-726.909447421396,-823.435776483396,-248.413097738784,-441.130655509103,-768.148697090016,-57.342093232781,-395.59129709559,-834.525403059725,143.450103985392,56.7103384857827,-374.333789100756,35.7227533723441,-282.089471071558,20.5820406295988,17.572797189162,-346.187195785977,111.725492038125,-8.64960185463272,-61.2331777106376,149.291090287836,-8.40457359373595,143.998123767836,4.79439275520559,-44.5968499341043,3.17995918465427,24.3810557622231,-41.4443133998294,-13.0451444853381,-65.6212126680964,-150.25788648776,-77.7122956436956,-17.0545191235231,-55.2514864820132,-73.2912696344311,-181.877380948624,-33.3186441374482,12.4814401760357,-74.1898241185158,-47.0371321163547,31.8796054420352,130.665794689196,129.794792195998,199.402941943413,265.939595520538,161.606843119244,216.655317271855,239.187140544558,116.970665264494,188.249230380104,19.4747681149336,90.68285000327,143.046922194658,149.254836364742,21.4165625229318,151.50181124098,-116.937546517533,-12.2241529240791,57.8541837966283,72.8657507480143,-148.536124546733,40.4943327914484
-903.910312120226,-943.970723616046,-1177.71640884426,-895.056070964663,-956.189614927164,-384.821316322942,-584.184842913511,-889.20194139654,-140.267060222544,-469.732113129566,-941.837466493399,46.9534850898673,74.4275451544163,-362.673036838319,45.1299079634111,-183.48964989994,73.5215013025587,46.7861429603327,-248.595577580787,180.675725998985,-42.6445829616455,72.7047703026049,233.668486141669,31.4319184920982,337.644726288057,67.9614520135493,87.1306089952179,150.175786128597,135.214559687117,101.022916063884,114.074964903039,72.3197861765428,-43.7131616521075,1.73004365456024,106.318637512421,88.289801833271,74.848836522957,-69.9523438650624,31.6479710976211,138.515473470228,69.4544007227629,99.2525202626095,143.77836836483,264.185897896393,205.325837449001,208.397624387381,291.46603266507,165.076101365918,222.051007777058,253.809032400753,86.41466127756,193.89763474247,-24.6573193262517,63.1294505054291,156.551704385959,170.136941524558,-12.9755669364542,172.369293942922,-171.933584014509,-47.428294129492,58.0614088306447,88.882523930511,-214.102226948185,46.893339284023
-925.85774213196,-977.540877820422,-1055.15089003303,-932.725932766918,-1056.03357688787,-554.345668250325,-740.067909050937,-962.654646894701,-405.077653320658,-630.772690698415,-1013.69590020091,-221.456508008446,-149.914442739951,-387.049534480164,-106.55644926248,-259.947646392596,14.7003019250038,-145.503790171773,-258.486287146192,62.6076581190566,-274.40417722091,78.2716451121409,133.073608127477,-95.8515946504657,344.588072583572,-1.96828815700504,129.785948548246,174.899745029444,173.563766376086,144.912226314223,147.809044263612,176.38060102931,56.9269224667841,24.3488435574712,144.531451060412,179.116516822682,172.043460283453,42.7746345065219,32.250332439207,176.483759395705,158.504313707946,198.73432280905,181.09165167382,340.2871835388,209.475697746735,120.050595951371,221.945487296986,80.7722401118848,141.992022985589,179.345412915145,-23.36894654361,129.534816278437,-108.535952148299,-34.2553780746199,94.8247781078139,129.804887840025,-100.467059385105,121.184433388688,-251.228815741548,-132.812274554678,-0.264855269575758,60.7108191701186,-296.413463908607,5.1679737014307
-774.530462449698,-871.673236671492,-957.900640405626,-841.792533555441,-982.203102713798,-624.563503589663,-844.227572932505,-928.255992010881,-673.51978036771,-838.408158251595,-855.495655827552,-481.010589917021,-457.658589653319,-409.204930820222,-263.00292276833,-361.885693783489,-71.9912982780099,-328.879333968853,-303.798165763642,-47.3653758298129,-418.629672449087,27.3119323702371,56.4212237916574,-143.819020975621,232.606814928029,-93.3252486293815,96.1379569818359,101.651819313857,152.405322737744,92.2264341183573,101.571883715829,224.816694788676,153.638348735315,-9.10995067736123,95.3682144033385,192.477830252563,219.833725149016,152.593029556196,-15.3520667983855,128.591876696744,187.892177083312,241.560894511331,141.730116947234,342.581252822635,176.380061489883,-16.9344896348323,95.7554225982596,-36.6591046901303,23.669016495607,60.9965471908444,-133.441804996881,33.269019677548,-173.955623990687,-141.906090848171,-12.1798650425356,44.274967615334,-184.428787225333,22.1355508491334,-302.700572202076,-219.621414734913,-94.7455501086415,-3.42490512417169,-347.052088520204,-70.1077733579718
-538.406496045526,-686.502985874222,-818.325649700131,-678.815174727545,-660.740378570051,-545.365378915389,-833.983491526795,-748.765622397649,-772.891359845846,-951.12817078251,-436.56504981143,-584.880083611922,-630.197716772759,-349.390079134672,-283.277603481943,-294.378626452765,-122.741893787641,-276.96004076826,-185.089151984523,-21.6538609097441,-211.36080391079,-59.5413862417423,146.997045587111,105.513893089906,106.798363998765,-71.155592898275,-7.38347326312563,-11.2646292257152,107.221149600191,-28.2707802327948,11.3761884670904,194.547188066257,206.66475140885,-97.2775615774001,-20.1207931823902,119.901736875646,204.920755493027,216.481917583545,-102.940428284798,24.621122103118,146.483002082405,211.376657511036,49.1032406840879,268.347858310808,116.874431566978,-176.732765013391,-70.2314012065692,-171.079379863388,-127.878950701981,-91.4372250679735,-226.833745525631,-103.395431676234,-227.353903588036,-245.623761194867,-158.419685864186,-97.8283974164016,-259.66565065043,-125.747148944713,-332.475797273942,-303.523564260635,-228.797087715778,-122.629731504222,-377.142790140128,-190.520674202519
-282.817235888285,-465.374520631641,-695.700947503386,-434.023485118616,-182.193830399476,-348.667582704396,-627.441079613537,-394.690796684047,-653.485870323736,-778.036791337475,61.1563775650062,-510.159454878993,-569.309414074691,-144.009429583373,-163.328826364257,-45.1910885782238,-108.184817074764,-35.1459678787963,161.457773010528,78.0395895774166,237.801177403568,-162.054774889207,314.5125428547,521.370838263917,-0.534102607274879,53.2252027991904,-158.257488083091,-130.900546841719,76.0160637676022,-172.418989159265,-85.2272623188274,111.517500720488,209.686960476562,-207.240706719217,-142.865270165652,10.720726211813,145.986703188624,219.483021989637,-196.634407440367,-76.0947378653159,64.7917565931379,142.536139621876,-35.6104186797211,168.235003529511,54.3257027894911,-307.096698109889,-232.794303906936,-290.405158304962,-280.576920922909,-246.14000062954,-298.106275933651,-257.54727501037,-270.120742140587,-332.791354315679,-313.315635235215,-268.456618923264,-319.991329188512,-296.556472562025,-346.645821032226,-373.462785094723,-375.656421027808,-281.335772892138,-394.998687182895,-336.571094209348
-30.6564993950793,-217.059679607875,-636.600785892018,-103.324978201397,289.081931514301,-130.439295248903,-245.882330129817,111.434788748048,-421.748757903952,-308.655728713556,502.978484950815,-369.892665761603,-374.620922223085,188.72969025605,-22.5948612815236,198.996904694976,-41.0739440421578,155.94895649602,502.394632804,123.307398412241,535.850289181464,-242.836872754863,351.142867015988,740.390946133434,-115.141968707298,118.654296771434,-301.802824801501,-258.908240338559,53.0453007692922,-296.656538601298,-167.904607007612,38.0827448024045,213.958777423732,-284.956024693326,-223.019233950744,-70.7096410887394,100.546833136942,206.391538993383,-249.517698613132,-130.073165362399,7.29298697378278,104.528760598944,-60.5580427416004,107.658859461224,23.1615362035252,-333.210584986531,-319.788517170914,-329.817341434884,-356.696650295131,-332.386194998612,-312.630852143008,-350.3906073723,-262.698846800996,-358.198180528918,-401.073808267351,-381.507536483464,-329.779763563039,-408.985761576225,-321.74938131454,-385.612501535047,-459.867402736829,-398.602992586896,-374.706521465884,-434.346793515939
165.179410507833,11.0393979714136,-585.717742594271,211.860670024019,621.396452450725,7.50080653646951,134.736837469248,616.493086384271,-222.321924783653,202.210361956613,858.382459527574,-285.15975691977,-206.42050037578,500.907267865755,38.9637921481503,273.273369032697,29.6116064561793,153.212871790848,563.6581965801,93.3686087948254,441.440895755421,-242.428440845135,194.201655902981,554.24742378519,-208.034386542917,-5.53248936964341,-368.083062989308,-384.320598036866,-39.1107985556993,-366.956998236643,-250.612054308412,-25.0781762756449,225.750248871391,-304.750377848946,-263.203617163512,-121.89505237728,77.5702361437974,207.01855663339,-248.995805197503,-149.040893228563,-1.91111350451726,109.243380808923,-31.9098574408186,96.1822839389026,23.0203365832276,-254.057049539571,-295.399038391666,-276.228622595166,-320.815039071625,-312.490041991788,-263.347821151678,-335.232141549365,-198.559733867234,-307.712409684577,-377.545758972177,-379.522667709977,-282.032704172832,-409.084044022688,-259.513581915363,-327.167891469551,-435.058588610739,-406.471527143759,-308.91288274202,-429.346550586504
276.959351121647,164.623014195177,-504.573639434599,408.334229650336,743.684649785789,62.1155234204718,373.346194459165,923.468888620362,-78.1305981441661,511.478957584669,1046.7703363071,-243.2358169843,-97.4877362919149,632.403323133982,35.7726078089244,199.427933134965,45.4450716260162,22.3552303182526,370.205068988908,42.0171306236062,104.479706140726,-138.271851248233,-21.3110214394603,134.256488495562,-219.141176456194,-260.155057155277,-333.47234512558,-474.514675247885,-275.113656310875,-378.300469557503,-360.967954673135,-159.991256180179,159.135340155171,-289.241002775024,-296.385819831617,-196.528220101912,5.92536089078563,185.551330971439,-229.381247989674,-173.743700928881,-11.1019296579488,96.2081582381573,0.49576290074014,90.1163324485407,23.4120524822865,-152.831657952338,-192.121302357995,-191.025305559285,-220.059642418783,-223.193352378386,-193.463173232791,-247.903758018262,-126.667113531469,-227.85008199082,-284.950524464631,-295.079593565859,-214.286661300106,-329.62242690132,-198.024975928888,-241.647048260919,-337.167251898215,-328.588537397088,-228.826276999477,-344.121360134882
330.572827724181,223.481829999851,-440.006353209512,464.008165732771,636.591366544414,90.4047021011638,458.04390033789,946.041332335259,38.0196255057605,593.987557294047,976.550916249487,-181.08230666402,-16.9208425258971,578.635129961774,23.1053289401082,85.1605453249249,-13.1398119048034,-111.501058499543,158.844697922306,-22.883048170684,-150.124375520664,-26.4203231538103,-164.018789512989,-160.885490560983,-191.969549659847,-456.555741290816,-259.139746460011,-518.43094951149,-594.303675254521,-365.812832225752,-492.311676157914,-392.706806683678,-44.0200129785025,-280.83310821092,-344.867633830414,-320.857645354974,-160.134183099572,90.5417418822912,-238.505593784896,-231.463104977373,-85.2430766000444,10.3557595393555,-20.9310411884175,37.0890605776437,-7.08622067336965,-93.4269190874632,-86.3509502441692,-131.000482820236,-130.338967082264,-136.950646279662,-136.870314595952,-161.323421156146,-78.3912806598111,-161.429204918276,-197.796281238921,-206.390177781587,-152.880396305144,-239.232934913156,-152.489117007689,-168.700142841591,-234.930452165888,-244.491838087874,-156.253728645696,-245.146083728151
315.994545862935,158.228496612509,-417.579848478185,366.842413522761,336.865320706828,87.5111813819586,389.866795338444,714.376780962867,72.216608333273,505.584430512558,690.596770259517,-127.234711109347,-8.17534181982183,433.841180994385,-4.40256661552416,-33.4575355149811,-100.309460618175,-218.018594696827,38.7872605644402,-133.144257734388,-222.791765565532,-24.8119481265499,-262.433295381066,-207.844096389234,-254.209279878622,-507.367415793898,-236.639728720416,-546.185201322912,-819.523097511804,-375.495410348345,-601.974333728991,-614.699939691507,-304.349843478498,-307.939053765202,-413.492564454332,-460.95697289094,-367.786807922177,-78.3540570554743,-298.40591197379,-332.256380400915,-244.534747309322,-155.122496811342,-149.290196739718,-111.244550897239,-102.492681310698,-89.0803932054392,-69.1823535789279,-120.530969421552,-110.663991820455,-118.418743712418,-101.270043761403,-136.994632900492,-47.9213117866376,-123.741988624338,-160.430674202138,-177.08145411199,-103.633775974541,-190.332699304359,-108.676996652941,-121.190874909163,-172.935384326118,-211.477643173039,-93.7509284222716,-186.111496683433
183.27996318132,-59.6650141819166,-388.033700967413,107.05026626726,-76.1897995351138,9.90966327748906,168.379743727936,295.85946908018,-26.7167832703126,257.853711842686,300.061928202151,-148.050841199386,-120.706228484017,222.452193671334,-92.6677253960081,-161.023834125928,-185.146599192053,-333.921774217268,-62.7692682398266,-304.904011188569,-285.030992508914,-145.578083408779,-425.221579418507,-206.379304162025,-458.112063699225,-521.350607865781,-311.180406122604,-595.890414403886,-866.799242692123,-433.2169829331,-667.682493655722,-732.099203136827,-504.183214377567,-378.981966925076,-502.50720746507,-586.198966205431,-548.062354974627,-287.203148350518,-397.536510316103,-471.250172360468,-460.181304283064,-374.505739336824,-383.979350388643,-364.976767630484,-278.695436846119,-157.614196204774,-192.944601019234,-186.338734979731,-196.981208678174,-207.506135032752,-122.244586232694,-214.716571079034,-63.9053517450645,-153.224625703799,-206.086593270901,-248.155293023797,-109.286700080243,-228.150918080749,-100.225715736234,-136.581138464094,-190.436625250538,-262.502667724338,-82.2759534546185,-205.350971287912
-26.4164299660045,-351.055602707595,-326.792124212962,-217.934963640321,-482.443554162634,-107.23798636808,-91.703361461644,-184.067738347042,-184.433650634439,-64.3121890843945,-116.287317910242,-224.891042862829,-284.51398416523,-50.1336387044062,-235.431313162065,-255.953858016958,-302.172347090592,-454.92139797482,-185.550050867084,-526.00966659585,-457.02395180898,-327.814063704024,-659.593481542125,-363.587387939843,-707.599448255233,-604.879458485122,-445.101306749071,-649.265224752016,-819.144097949317,-512.403568182616,-687.425053796172,-767.34867535258,-615.599003566946,-458.474415166817,-577.509463074548,-671.798441891948,-670.522257365631,-483.875889794548,-482.922430903993,-588.550305100672,-646.66352435457,-572.385942592039,-595.596715392228,-613.076202430484,-458.666451612563,-275.891078360619,-363.880701789869,-303.211221089084,-337.053937824588,-345.175231004347,-213.055462314068,-347.761994617651,-155.185174251215,-256.407922431435,-317.92631684611,-376.998399297184,-195.245109942773,-332.246070491923,-171.065974158032,-225.915079602937,-278.92259711502,-373.13800469306,-150.235713401516,-287.536052711808
-167.188365078271,-520.869528601413,-275.760732485069,-429.632467587413,-725.933312332955,-172.386091387593,-236.225504508001,-534.063555882901,-286.67800568278,-290.840063710707,-471.617492709567,-293.5027038229,-384.726969274215,-286.55666497756,-391.370156804173,-312.80868878332,-482.249751653623,-585.614754155547,-307.0050517877,-792.734293960267,-726.133102100492,-534.957881517923,-913.822727347044,-719.706240523621,-907.746389881395,-735.266542148626,-579.808507518559,-677.558206106659,-780.694182349775,-570.874030033731,-667.332819513895,-768.759565885679,-674.61773057051,-494.786709841215,-596.544161830703,-684.552307082425,-719.585368702553,-606.119351339596,-508.639952246957,-616.449633673373,-712.872351403309,-660.172873376335,-647.956912175099,-709.042553983968,-524.951137023709,-339.704858722841,-393.035488433186,-359.039337880824,-379.544520070056,-373.664825150571,-286.310126372442,-387.341974095534,-246.394147601259,-326.899040179347,-370.309919715338,-413.625685125331,-272.914407703649,-373.622509155592,-253.353505923411,-288.876666484081,-322.901888271244,-419.208728197681,-211.447681702981,-323.049870777688
-163.107759695249,-448.353529711714,-247.806782513389,-445.845770148394,-730.823030286341,-176.353525647707,-271.292014456459,-653.133857280238,-320.94741284903,-381.675250890421,-690.453743617466,-344.079423142516,-408.947991502321,-417.840703245053,-548.114012495658,-409.450923859663,-681.018067200353,-766.677088543407,-444.776750644004,-1068.09928284145,-1049.86826863884,-736.048661528559,-1177.52121971427,-1146.00728825249,-1063.96706172866,-871.413180307878,-696.864818760828,-729.368274049122,-784.768082035191,-627.159127145586,-657.420914315549,-762.678841180852,-729.423609753508,-505.291227650345,-597.889085317318,-658.863789747529,-726.949827210686,-671.932353421259,-513.330536094093,-598.65057557303,-692.471962281592,-666.006179498108,-605.86821001343,-687.975458782899,-508.986607466142,-306.61930522231,-255.41740378002,-300.283009176029,-267.065874669121,-241.252534484748,-266.632434990846,-266.243207892943,-242.560292509897,-276.103331140984,-274.584379477516,-283.847058503125,-247.691031997449,-271.235407604154,-243.60604717575,-236.422652734063,-237.354402411639,-317.803831456043,-170.501173247123,-232.735353112936
-84.8350325867681,-225.501167783428,-199.135223093791,-338.860353314702,-583.575682772826,-189.482383362242,-302.411354845305,-616.984101510994,-330.155715128279,-440.875941756387,-776.990687667195,-374.196322032446,-397.756960167954,-496.759236920834,-648.191398876593,-512.155797161867,-776.760244017323,-872.017630350986,-547.741772873713,-1161.35144587358,-1198.45370175388,-819.244765963037,-1304.82265393136,-1284.39490486435,-1117.20025534707,-945.911712033924,-748.885868386635,-812.076527760733,-781.017201255667,-687.229336450785,-683.828016734263,-759.276123926951,-805.341683098379,-527.844404962106,-627.470311983038,-661.476911698207,-751.204329042001,-773.966861683155,-542.190286833937,-613.760577059417,-699.102603119291,-702.886404253445,-618.431509187887,-704.890527626394,-563.37007755561,-267.324640803355,-139.370020256645,-222.418750342028,-143.783452926519,-100.393984348736,-209.533613706821,-118.052105032217,-176.701328326416,-179.869272122626,-134.046328401263,-119.860363570375,-166.585970494784,-125.47024035446,-165.871432898072,-137.481113994858,-113.078272480514,-172.957092063249,-77.6783179902782,-101.797246228287
-21.8105146000036,-35.3442029667305,-133.632305417413,-221.327641364641,-420.08247301916,-228.801925660349,-330.552196719562,-543.412632806832,-309.912853922441,-497.321591828144,-764.327012945623,-333.820119822006,-336.403944858322,-553.825214398102,-580.453460804561,-431.571133041797,-687.898909415057,-657.720511840471,-431.761405043744,-892.138933851247,-851.21124890166,-686.68190812264,-1045.87953121778,-825.69074872443,-927.015196603555,-813.424301342904,-659.623845888044,-786.757020803714,-652.687754643843,-663.965352861208,-658.442654171051,-708.37963490589,-853.533838261416,-524.833538225267,-620.616013372779,-658.095390964318,-768.398182263272,-911.59028585143,-541.889821581877,-618.33682215405,-735.34856134505,-779.962086596372,-668.193828456694,-774.836297195281,-717.902029042431,-290.030186242,-181.032606157655,-230.258501164169,-160.261490261901,-111.335932349882,-208.270314232701,-108.388298374779,-150.692768169554,-169.813035749333,-115.969652779788,-98.5859141784595,-144.46932462391,-97.1874932759808,-127.719414866753,-124.874395199749,-103.152454905664,-154.860751967357,-56.0178621728563,-84.988052035025
6.95925219539518,32.9900627785854,-124.939632649064,-152.33434503622,-302.049408781243,-246.895014881543,-289.743569915151,-472.917855062853,-249.430732328117,-481.715158939392,-671.187310578168,-221.387674579747,-221.626749182935,-535.54398040987,-359.583305504169,-132.777072910025,-496.758852810966,-163.5854844876,-75.6334262928201,-397.402336561559,-143.719108492469,-404.661033475218,-462.315258763922,-48.2575557896812,-508.660176989765,-441.508483154899,-445.484616859323,-548.35560061015,-374.5495235814,-499.830298965787,-499.738042676659,-555.752374464853,-803.873257537797,-451.945358060797,-503.348310062863,-569.264914584623,-708.01526650007,-969.382149655527,-456.097839253739,-534.619628014195,-709.018152265209,-797.701531502826,-643.098367896452,-783.502123700188,-843.85351818705,-334.653312615294,-323.779002159712,-310.540743183808,-298.268411835388,-265.981486090299,-272.526975809844,-248.297168976657,-200.857329166933,-265.65875263762,-251.887709278048,-243.887574772127,-218.098989837127,-226.509029373343,-179.292472507651,-233.296199124688,-239.250283111759,-297.481378582853,-147.787276812438,-224.290522847492
29.0035565967054,31.5567774767752,-194.574494424477,-102.842212878058,-196.73762769029,-198.510944667419,-171.151769721158,-361.022760071508,-159.442532142051,-348.863301029238,-511.395916194329,-101.081172235116,-93.89805909734,-407.964320132406,-132.304550057881,180.038317881914,-339.659839824686,296.529871909102,247.039480753794,22.8019619565955,403.908366372997,-113.737860977262,108.491334263028,430.104299235622,-41.1813414349362,22.24322073501,-203.188953805554,-171.475527307696,-70.7540237812753,-258.832793995427,-253.533537339837,-335.7698275112,-644.355464541115,-331.938127840891,-310.295060227833,-395.3124629658,-559.530851973078,-860.301804844591,-319.456836388593,-383.177117801109,-581.095506812206,-688.884292558872,-523.026251745249,-673.857115525195,-825.623888302707,-340.44041036319,-433.826538241114,-369.198907918165,-429.346630141261,-426.881802685963,-335.93801779772,-410.001536593172,-273.308377102891,-371.783466346472,-418.900337853775,-421.165838717809,-313.669082330294,-392.969863303627,-265.852126162565,-366.235987019012,-402.806814284158,-466.599506223503,-268.083243117123,-394.689543366883
77.4373615831699,69.1083126557719,-278.772019270474,7.79393124621717,-29.8366653722822,-67.1623404827843,9.15116693181061,-136.045033850682,-25.7648654120319,-95.4576624223896,-262.833755421788,5.47633994714785,61.5429438081291,-173.12175569371,20.5105240051549,378.691084416711,-252.537702546837,550.347699540159,369.195027682575,251.119837365962,598.430319829038,87.3200553452534,509.403505419613,507.165757532492,336.92579115869,457.001604345182,-15.4133553087793,200.125550900199,197.066534704983,-36.6235014346928,3.58665984015573,-94.3772230535636,-377.955251961116,-210.153741297366,-113.81365495048,-178.801563456773,-338.768211410038,-584.543928663093,-186.62275490804,-211.645705089684,-371.862364844772,-456.027169290672,-354.919222557499,-469.75934421232,-645.74467175254,-296.643265420497,-431.125150336298,-341.851103741868,-447.617373466958,-465.941621234647,-332.417469246243,-457.996693650492,-290.118329758137,-383.757954900088,-464.71984132252,-473.381413331147,-326.284601650652,-431.761058783091,-284.029045330217,-387.220860505063,-438.426513286583,-495.332862670552,-286.189636886443,-422.682333207965
140.513991329653,172.466907541076,-362.436599917793,177.614841188819,199.934222540307,86.3751436963464,217.907424303399,178.066465109239,137.532207048784,218.573298379413,93.4775337530943,96.7033933077471,267.956403053661,145.249243713962,108.12302868487,517.07934535743,-234.587932494234,631.270770974776,434.089375180835,309.629991711767,630.306078704159,120.12687262842,770.753820248805,555.134616717131,582.348626891024,807.411624705201,71.797862539094,490.280905002948,481.560598531324,127.377320650958,251.274563844698,178.00203773234,-14.9267861440033,-114.850424775124,61.975287032456,58.0632271573684,-50.904957185077,-206.926536258687,-69.2571519821014,-25.4167967322334,-111.844646170736,-145.898373192739,-166.399281700629,-208.459978902866,-363.072129449851,-230.146097048302,-323.69282354688,-252.603703760313,-340.652121109741,-361.421770210423,-256.383572649049,-360.20796549838,-230.586071441631,-285.404975698406,-348.425069076761,-363.622151175857,-234.26633441272,-304.103214305714,-198.445294768634,-263.144086356426,-305.296869398312,-348.74606528504,-175.706308907585,-269.046073274779
145.200912581071,242.429277907285,-527.558336355907,275.259469982014,372.524657393976,143.350435990546,346.359401010646,416.777394478177,232.298944378294,442.797632633252,447.044322843912,119.929191566955,426.835678172252,433.318327301582,128.756585187946,614.866518171743,-285.8541292831,575.305670424374,511.558564666894,227.046575134238,550.384869401683,-9.67067558354203,837.719061602417,606.474943360114,673.889776264665,971.215834133601,60.8288835244932,677.117003210349,732.57833830357,229.864145107703,455.90500430358,443.965839899927,340.820886036993,-60.1918179477216,205.872510659502,273.966559736494,240.115270425603,152.741235563519,28.4016504374109,147.412245988466,136.798792710566,147.431219968253,14.2272240907215,52.5678662502639,-77.6958830990429,-169.508037640721,-173.945799286223,-163.417368390754,-182.13763733801,-190.83577129661,-162.420232808552,-196.637375188921,-152.250381158714,-156.413338594427,-171.352142029237,-188.428463371379,-123.927565164458,-126.949442903236,-93.9544756884855,-107.444069271087,-116.631888619061,-147.711964379531,-50.0720642853729,-65.0133121945732
20.1551913897974,159.26777217759,-797.009624186903,180.372054210786,347.751112140115,50.5061921627323,283.117087610544,411.490828583908,172.662774774242,445.780121776344,584.905854154737,31.234502838053,402.333967353323,517.89012162298,83.1620246992413,596.352754160902,-328.548419631143,423.532926048719,447.443021162877,95.0029652094085,267.300157073254,-165.259447363421,636.398161954723,343.049693838298,585.816607501305,860.8015180561,-11.3405757181692,701.436521860225,779.457781723486,241.358771234044,520.173866497869,574.264900719216,524.9587173336,-59.3778815697655,258.35228379578,379.436721205306,399.574155673953,356.673847455989,65.6063652785756,224.519337285779,277.682655744874,307.527108227228,121.654846522984,218.327119227994,108.199671559856,-142.3443523602,-60.4941242484375,-122.32753348681,-81.9214679189337,-69.8600705413268,-129.258958889473,-91.7227494210018,-144.580512430902,-103.986728155138,-83.7313765513285,-78.5949089890289,-104.380710059081,-43.4570219551088,-90.0389134835248,-63.8508600108904,-28.2206771667026,-44.8510029489285,-39.3952444007533,26.2825946666653
-199.516292355395,-55.777628046136,-1036.79762178873,-51.6612903394805,141.217588817594,-128.697460123473,79.8693571749274,191.896981504449,3.07249403237483,275.040016777684,449.116738086653,-127.524267245541,221.204111462956,380.401320492054,11.5377354017074,455.338492652865,-272.457740489706,268.354600676335,252.364126521775,26.3819018145331,-73.7986304764345,-228.394629086823,288.705026852416,-155.481184081451,353.156296944329,555.066141659088,-100.698030787381,508.787755515732,595.816655549938,141.627932817603,401.045624258602,513.844719409673,510.642876487075,-102.036652685216,182.244577333268,334.903176625462,377.832690582345,380.428124253172,19.5253329220886,180.132230976188,277.513879433008,305.412788043493,128.295979164602,245.344126057922,167.596762017619,-170.879099119278,-35.3717294540711,-154.033497410632,-96.3970018331407,-58.7674488810833,-188.565850574267,-105.704343750702,-231.349228792408,-161.455310537213,-136.028775228603,-81.5063859193799,-189.714925108521,-84.0112725156092,-198.390243640808,-148.256112391938,-78.2689936899562,-77.215806617903,-150.796760679336,-29.2763593890811
-374.840986797082,-229.21426983247,-1108.60497595618,-230.630512136351,-49.315773109444,-287.893573419659,-77.0174174865005,-14.5678471312461,-144.926909096482,120.488775141929,250.168898661915,-263.566261433647,50.0467745683209,222.266821851494,-48.5414336114198,301.858393206096,-147.154537164135,172.462682429609,185.201520601259,38.8401668807946,-147.293056753619,-208.516673440535,70.788395062895,-329.740680957309,107.093295718506,296.214713177582,-163.744698345609,193.47892872205,398.531046987984,-1.95803711012188,215.066210734344,392.350976423148,465.715479491991,-141.010245363402,57.9887160304569,231.558753866352,299.788470858884,361.623076745136,-51.8889667030088,107.043008245754,222.801394295559,246.777209146187,103.66367664296,208.851139556361,172.960176132988,-254.714274387084,-91.3497103755853,-248.562896913094,-183.048357503301,-115.96544066168,-292.400125206324,-184.766702697956,-338.877031783451,-261.839148986658,-240.416004081239,-139.907995482409,-291.375406976191,-166.178297211463,-309.370294955678,-251.089822757623,-169.196933195671,-157.792713320732,-273.003978889211,-129.613995703665
-428.262201162492,-249.535596723125,-1044.43962331271,-262.809946842459,-78.8636401684149,-369.109964783464,-106.646859746438,-52.3912453718448,-206.200366880164,80.0994886043921,197.071817900617,-322.07862248053,-20.4790149331943,204.282829105859,-85.1805177780278,230.839770112404,-41.0124447538771,152.592214585028,367.118269885465,104.245999680045,163.881796298601,-156.090721394026,146.206141800646,151.384141153731,-26.1860148443195,276.472350276618,-181.692512838952,-41.3003683378767,390.863995794824,-90.4580578336626,115.312080450148,363.415054360699,522.565606083758,-150.212025085253,-5.60401813564827,182.139644255869,294.389422377128,414.748666204704,-83.2165166753325,86.6874379750195,207.86322068579,235.354675223153,108.878472736359,196.347771219732,185.09885611639,-384.64369546024,-196.209241941979,-378.124439493752,-289.067111418375,-190.905149144154,-396.417535712217,-266.866031361095,-413.704486362879,-347.696585085028,-320.992840303441,-206.552182108614,-356.808185895931,-231.344371857822,-351.808514948369,-308.415344815101,-231.012573338804,-225.613322693707,-333.346717276107,-198.448438918202
-411.460878866826,-182.629176991355,-976.753379403276,-224.530574515689,-10.2784157979359,-370.710250653983,-93.2221361627045,11.1508016951479,-208.579797909869,88.8791962534548,266.588902730453,-303.435172946865,-23.9010961999339,278.310461237553,-85.4657830480743,247.240795134744,37.446519610925,209.58644954003,650.579749501379,212.585980240167,627.012157083778,-55.9652122945385,383.168153594019,946.478120126142,-18.254069589092,420.111238265136,-138.807951010093,-84.8311170476561,505.421804948114,-83.0454294047859,120.410176706859,417.008176217031,624.549000784404,-132.067292876883,3.5591314952948,191.663861740752,344.473870814279,505.587184548296,-71.7734722151789,95.722946382758,226.939956703614,264.695314271063,109.815059715162,202.128811477916,188.061657697117,-525.226254865145,-314.36411637243,-502.055684645359,-392.511597571323,-273.616237635414,-484.284473974687,-344.418066934847,-466.334742807293,-412.305546462354,-384.058455285789,-282.708436609955,-404.148015228168,-286.360978030294,-359.088563906062,-346.825658884588,-278.095428591737,-291.654227873138,-354.968145763512,-248.005566040864
-389.973838584123,-128.209229131449,-954.268965664392,-200.769088623872,30.9518143303152,-311.357584982592,-101.785935537079,43.6389092540345,-177.397568744959,87.6867247564078,321.244143157755,-237.685378116347,5.32138244623306,337.208896660788,-52.8598196729569,293.724891594947,118.767741465176,283.391346880787,829.499780146826,315.976822239605,892.66799911005,104.386312052708,515.508718964847,1392.29107845581,71.7923605105259,477.975306704608,-27.0910502048051,-9.57449051318964,505.073395362796,-13.552805970918,130.437428984185,422.711669593741,661.492266891405,-91.1729966931698,19.8191866194992,185.7680414113,362.624277639984,556.503132365723,-49.2940644183511,75.1531023221505,219.797827159633,279.527021740003,51.4028127303556,174.583512478561,160.329142135284,-590.554950854419,-387.728708352701,-552.610689895635,-442.660854675008,-331.32771726499,-506.572797986819,-392.134174041547,-479.989410788385,-428.119975262885,-415.62385814233,-338.380767600122,-420.859320582025,-316.931484558808,-359.752237548789,-367.381901323676,-301.206084436168,-336.209594132219,-359.138175630598,-278.489429941851
-376.229667123223,-105.738907647706,-925.600266317747,-198.154598379428,15.6773665731836,-236.193206686819,-118.73322176363,5.38488250062713,-134.672813353236,80.1049916157594,288.975751396907,-190.228364597167,39.0304305950583,342.954169622312,-51.9470675151916,284.529386452157,152.808108299582,261.193168553065,795.788757903772,326.653054947087,814.038140586734,220.724594502481,446.650239961903,1222.55298666274,135.805496658426,346.584628798145,69.0152996661298,35.2305249732486,309.135359032944,26.4279684065641,67.3982629280203,313.542683157117,616.324471124663,-67.6126829906684,-15.8173745562578,114.636488633933,308.868182979655,547.197437355485,-53.3965993809705,6.52492159659753,165.307427235872,263.561454334995,-44.3018507915062,111.804387018712,131.227406317198,-511.071676640674,-360.290950015796,-475.485111817351,-387.3995685965,-312.890255609879,-418.442921091996,-358.849653236062,-412.198100871194,-359.590904595567,-363.032805325741,-317.642732799267,-369.708432725877,-279.768207620604,-330.531835211383,-328.29665986435,-256.195932936742,-303.608070216115,-330.540728398248,-250.174529857301
-356.755643625578,-99.6651781363679,-869.316977265604,-203.524737487724,-15.006239884062,-198.625789331917,-145.61239867657,-71.9435366244744,-133.59976903434,38.1150092270691,180.441358127367,-215.848143741077,8.30362575549657,279.299024816245,-145.437443705863,165.874268732166,70.7526375394871,102.208175758083,576.461440043272,220.839942190851,523.059976970211,190.566095588036,277.631770472622,756.974007915124,103.309840539524,151.743435866592,48.9339202948263,-3.26419610696472,96.3705694000449,-14.0915638588625,-27.3216509362596,177.923601941769,551.156365412033,-93.444057027692,-83.4109988961485,22.9239911517143,227.692986710136,510.280075899897,-83.9606785583156,-62.2983629032986,107.799699936501,250.549442449414,-84.789102935312,83.154253887161,156.349895419843,-297.273090897028,-215.724991885365,-276.899555169068,-230.133709655128,-199.825294791473,-236.753239710997,-225.068090177213,-260.626050171989,-210.923019164383,-214.336564807851,-201.415250966394,-249.137562013022,-161.459472749348,-244.965146860463,-214.016480553523,-136.41327051588,-181.060458173464,-251.52512432393,-144.722532376936
-338.950706972512,-131.999310881377,-837.780918668729,-244.050946235167,-65.8240925620916,-207.619469619518,-216.93342905385,-178.556628115608,-194.746504172882,-91.5474383793498,17.9799515868136,-277.683477103546,-117.363542962517,118.829783109609,-287.801604844815,-26.4798347671235,-88.7167765283112,-103.809390649688,283.951833585281,61.8026366042769,229.950937327027,60.569709484999,106.339980038321,382.744895736225,1.28830348159447,17.0437761870302,-54.7756432179268,-69.9000131826904,27.7225948757357,-86.2150080839882,-72.9342284175622,120.503417429552,502.668963303381,-128.784313591068,-115.942543874022,-14.0276216015842,177.251860466259,466.662841536641,-94.3768108648129,-71.6884588633261,82.6410885121731,248.429986653582,-32.684680222744,122.136547564886,232.752260371475,-43.0443274671625,-14.2230864490884,-40.7689978385112,-30.9819762550666,-35.8609685363754,-30.9661043973255,-42.2550080252706,-79.739776352188,-32.7245010239245,-35.368992767795,-43.4494163693848,-99.2660116029139,-14.6636860264953,-120.611041063663,-69.0984935614137,0.691192688633018,-33.3260392277323,-138.130449527028,-13.3098702303955
-386.510426400189,-277.613998920801,-868.537769025783,-386.937510147316,-245.287053511395,-259.274432830927,-357.482282189792,-369.895305745187,-282.301181675307,-308.485003426909,-230.936927897764,-302.204672648529,-277.989231777367,-147.822521595051,-391.281122315818,-232.600858509072,-239.204234641858,-267.297726985369,-17.4244843179753,-108.150641980614,-2.93100537115299,-95.4693229276302,-84.3593535934185,130.226167556171,-145.656821331938,-105.325148233713,-171.220577325869,-160.409296207722,-4.10130220442895,-167.085858340248,-113.295616197583,67.6330495420011,390.352855317701,-160.626824087357,-136.825342496932,-42.9731508866682,101.927836314729,343.230841897446,-100.086391779083,-71.8512973998425,21.820285882101,167.209182096254,-5.60672242621466,117.608288460391,240.738165958983,83.0826283499511,79.9366957366293,73.1543457677554,74.5917094422429,41.3339053744574,68.3515525756954,39.6970077814423,8.00432358923617,51.7649461273852,34.1294100547334,10.8203412725774,-23.7438291901805,30.9098552902598,-59.6578801094892,-8.12343801202308,34.63089783851,5.57214536736368,-84.6758480226131,15.3021844903317
-535.235391087172,-556.780390292432,-925.950388491679,-628.700961861718,-617.028871711621,-366.646135942873,-542.298135172506,-673.407202969307,-363.349348450217,-554.248911694164,-592.406650553506,-287.909546279471,-405.021363567285,-479.946599640325,-448.068713995011,-440.196162505991,-340.416402984456,-407.043514052124,-338.973934151601,-292.821740330461,-244.776673845047,-271.708523418045,-337.574656681959,-162.957480905518,-360.463054866677,-311.199800417013,-303.092103711358,-326.342016199541,-182.982867231878,-299.793258272349,-247.769056708119,-122.345435118374,115.219393424024,-241.829858934781,-232.830661025293,-178.029105585817,-96.8217406391569,49.7529448559262,-182.064282342309,-170.159752647401,-160.399584461877,-67.1034122255264,-134.066830405473,-51.2205891214488,66.7349981652183,-43.6575568402329,-69.2336478216174,-50.9814780190513,-46.7424188900636,-100.02032329961,-52.4388322127523,-110.724443192308,-103.115990480003,-70.9751248529976,-110.496252383839,-156.402990207461,-125.722693050319,-123.040272402541,-167.951599456941,-125.014203931294,-119.318012514652,-153.552064250838,-185.947902530945,-144.608156618135
-671.977165307016,-795.732502587196,-949.565433846298,-802.469618285942,-976.043961967249,-484.735730798007,-675.980151134947,-952.876561134339,-408.226969725781,-751.725111797419,-922.656863845006,-264.683663381281,-470.786856877422,-761.083003217904,-473.99917135321,-612.452812811981,-363.686907573441,-541.687679026907,-627.974520524344,-445.709042594825,-481.606285056307,-418.430463670686,-585.69217659804,-492.956643215429,-585.807377515372,-549.920556491677,-425.857350988421,-514.618606233829,-450.4286383899,-445.117180160689,-424.962628206931,-391.40534605903,-241.113453566613,-351.014403947722,-370.80619749,-381.655172074229,-353.971798500691,-327.186458444424,-324.490766862941,-336.076582836989,-393.948925703965,-350.083140649948,-355.40709880191,-306.941130043827,-223.650803425503,-335.476259444527,-377.460692297358,-326.513462216862,-336.619541318543,-392.303784651976,-318.63450078051,-403.053550064566,-337.552843221552,-324.988542253048,-378.636098720329,-447.448733989998,-344.517756705717,-384.518693044153,-375.45303698795,-341.059843050523,-363.349505749148,-408.730653239721,-375.095662526096,-387.962112191351
-658.473761805101,-768.559066110888,-918.486738552576,-753.752625521664,-997.77130710927,-524.727848720654,-680.875080858043,-1003.08927879949,-388.585556962987,-836.262125451437,-993.583971491161,-232.210379248078,-472.382241111337,-864.648892336841,-452.719914862707,-673.228578711542,-310.549324017236,-616.016864472401,-762.842590055348,-504.54638923663,-598.345777961722,-463.405483983305,-717.208164030029,-694.274837717862,-703.601273958509,-695.350949552446,-474.604935123597,-617.286470879481,-618.765316014513,-506.858584044577,-520.743161666579,-560.904898786488,-496.794419182294,-404.711521339152,-444.898874076124,-509.617706346741,-513.633503328387,-585.81046224524,-427.392824292235,-446.484903711199,-533.062855739125,-515.207902683002,-516.210400019762,-481.065386384838,-465.784089799219,-570.644699697439,-622.531776900691,-544.113671556866,-572.938691229621,-619.349039147961,-520.078108094723,-603.914743451695,-499.868679672305,-508.065383028099,-563.559390650736,-634.284373682074,-498.867276798819,-553.040756216058,-494.665159116739,-476.629869112404,-506.154833176961,-560.685232535205,-486.211793480406,-528.76268354642
-523.07355876869,-497.207780771308,-854.062762958458,-541.078037292749,-659.563624487348,-474.954735991719,-574.630119206148,-785.980809589192,-320.585303281333,-760.338162750223,-796.516815560573,-195.663875755981,-424.02214144141,-771.367952494123,-401.410294633471,-616.290709076583,-260.939284551474,-606.733934416478,-722.714981319048,-502.897094240051,-581.169421847922,-449.293160026387,-741.307632037905,-714.569137554238,-708.523793065311,-729.886131105806,-461.515176844789,-636.024197013807,-655.984889450052,-493.856658075938,-533.089497231073,-591.601896569168,-604.695395493649,-403.464908300687,-457.111179689674,-523.67362210107,-550.652133408865,-654.237332413688,-464.063139621921,-474.1297145425,-551.930357378094,-537.229258647606,-576.120487699221,-527.041183199587,-582.670213130031,-619.674157471955,-679.210624333178,-586.124138207768,-614.95269729016,-655.550667703553,-548.05064694242,-609.274882639569,-502.600254457806,-530.353961748765,-572.230591643062,-621.110219286587,-506.304767116034,-547.468981095505,-465.521053745035,-470.047558597264,-489.187918108665,-537.561865562402,-462.945281337766,-517.657552726825
-371.068546954459,-215.919829972287,-784.626967543441,-313.447653328632,-275.78061673537,-395.333134060553,-408.118249936133,-454.424891502104,-247.921300932492,-522.731087419297,-555.38431754033,-174.581133475463,-353.001398325924,-572.16842968391,-363.537258194828,-518.49971551398,-269.508161650535,-565.669106336379,-627.213548162818,-515.772307907927,-546.248612994639,-467.874169807026,-760.523112088452,-685.457894440727,-702.392836548948,-727.93016417107,-447.683993137204,-635.186661404862,-649.37456390538,-479.134851415887,-524.214770174044,-562.069193462078,-637.409975324289,-395.627010635048,-466.500707471189,-483.701357533475,-535.89094778698,-610.8478134213,-466.46376513212,-467.457043453505,-512.716885544913,-495.452736383597,-571.630156851294,-490.339116539925,-590.303767923742,-507.655359136867,-581.670124639719,-485.952633624825,-505.635904134669,-549.430097307146,-455.649257122515,-496.958093461445,-410.620870723242,-453.162070983689,-471.565476307144,-497.090677379322,-431.466667749186,-447.878833390193,-381.790485813824,-401.157858360534,-405.420561739416,-427.509420695798,-380.353765060869,-439.644341697041
-246.514321654827,-88.2721993328565,-720.060564390292,-151.256458068678,-114.245962816173,-336.720227108926,-247.630057922422,-205.984136021449,-218.869757782105,-256.24314901217,-450.163570716257,-194.406529952007,-316.741736351112,-404.469731110812,-362.703538583232,-476.57763117724,-303.359956444601,-560.113571907962,-620.498412315446,-570.772740853616,-588.563160386397,-525.565214980038,-836.379736792418,-743.391892072461,-751.217007483064,-757.46497676438,-448.925677288848,-637.691003361664,-653.05088832651,-480.130151290176,-510.523050431594,-527.151339288277,-647.289336146129,-380.632748537535,-470.703464822311,-439.458613874766,-503.381875630542,-547.570664836859,-443.193894149696,-449.447656894058,-452.532142238377,-452.450176080953,-526.305075103132,-414.54867968535,-535.070394227117,-353.769119238278,-453.149943708553,-359.914040657302,-383.060998876599,-439.397665102851,-353.772659425476,-399.244929956888,-327.30260146569,-377.899570650696,-387.729600787772,-404.03062480945,-372.866784422248,-383.3203799627,-337.870127161924,-366.617563198672,-370.017328792355,-362.15373376883,-331.969676923154,-400.753364951004
-163.25987731654,-89.8980175266173,-652.779556845145,-85.8009581263474,-149.130098693048,-319.693574244253,-186.409333969948,-143.53830997197,-271.824359102105,-153.577930323114,-459.685719254143,-275.984009544923,-360.9011351344,-371.584910686165,-411.366469105046,-538.525293969731,-335.775932823513,-623.53714164655,-730.575488769388,-660.796473736046,-693.069005025882,-562.692550167135,-931.802798004991,-875.168864587943,-814.404518651823,-829.827466566204,-432.589176429445,-623.213841991086,-671.433941226781,-461.621824145661,-483.907870515914,-501.991927117624,-642.346367299406,-333.652829328969,-435.229385296174,-409.687322653169,-456.217056144685,-508.04800270577,-388.584402052615,-411.484280963533,-382.187516395754,-418.654134500155,-452.945449056637,-329.996225332597,-466.835989060726,-263.334783649259,-387.417520468729,-291.635602888135,-338.033389244823,-409.01000530875,-303.049835676658,-380.348312960822,-291.089860994508,-351.797150124059,-382.634001900244,-399.17695707325,-360.918763601682,-407.046122913978,-337.376839555514,-382.776099765395,-413.390563390308,-387.342977060747,-338.764117296553,-440.626521604773
-109.975749695557,-86.9815179019643,-577.613411577147,-80.9917235609432,-174.414134543242,-323.638364257828,-221.509901042748,-184.996769025987,-348.179030160938,-211.448440482735,-452.947237855419,-363.65510410786,-410.695752032365,-437.437697135053,-471.694551051028,-619.572976546416,-362.209400685156,-713.136737994042,-816.562691221406,-753.840012008854,-759.843085794684,-537.814856925615,-963.676446171312,-945.93474967656,-802.654001668511,-880.817945708385,-362.829708071682,-559.836023770272,-684.124990283473,-393.677962020531,-440.629467510939,-486.89094657284,-628.124366305442,-249.119054610344,-354.535340259019,-387.953576456812,-411.680230674271,-496.413535228218,-301.652488774938,-344.403281170692,-313.861310830563,-378.575064635912,-359.40541030352,-252.594511522838,-409.808755560058,-221.118843293584,-354.571831699502,-251.147591131353,-326.67361054872,-400.206010444013,-263.211893921772,-379.602516746943,-248.66924418161,-322.422927969574,-387.743811153639,-406.717384698978,-332.693281995097,-439.913872332703,-303.567273377298,-368.962875844319,-447.168014314946,-414.184999044267,-325.192257043717,-477.931223592423
-38.6891238463122,5.78092829229088,-503.15965650049,-32.9267058102048,-79.7241002651738,-303.240960911941,-218.495596716628,-167.438308216248,-313.885812553612,-227.607204798846,-388.448622169439,-344.279979141238,-344.047034866666,-470.012400380797,-447.446369077552,-582.684759899524,-335.119170665686,-738.071872863413,-740.342610495002,-792.923021225716,-724.6532450184,-463.481305803329,-923.002889305131,-887.085338061301,-704.12699732592,-850.962632146733,-249.505842045221,-458.853228729617,-668.151100730313,-293.752675745419,-389.60770725703,-479.877469172609,-635.457768449547,-148.500387787892,-265.227094232703,-365.294023690557,-400.030347627963,-516.59575047615,-198.743003705143,-273.049829933339,-272.014564123446,-351.127566892666,-271.672346122346,-206.162959821085,-380.432284777116,-162.402095117151,-286.909970384381,-183.55341187152,-263.843676206497,-328.92254741896,-181.200672970044,-314.593486954091,-155.512774156437,-230.444060234533,-319.507498462456,-343.189923257177,-236.614975302285,-387.667490950819,-190.014670944501,-267.167151242093,-380.650770865238,-355.903697662964,-227.015144047464,-415.231179420175
29.7986820228378,95.3562261571751,-435.568800261445,55.7813212612078,14.4012298777486,-270.603276824257,-132.835369014861,-83.2359568775941,-184.337356426667,-129.371139710815,-366.871275612155,-229.816877028274,-218.520456870724,-436.803363813687,-326.799320427073,-457.729944821818,-233.119659683731,-679.625845813904,-571.854896378513,-752.014940766278,-651.006428230537,-392.675159251229,-886.289722070721,-795.707973441179,-601.589014964839,-771.291104120328,-156.685977960994,-388.213442992237,-616.760351309426,-219.355851473345,-357.525677698842,-480.923843226772,-695.356242833544,-77.1875599695342,-219.588613402879,-354.089424688945,-435.995244678541,-584.187844919205,-126.549839109984,-246.66483297587,-280.775090968481,-384.461870678324,-238.459271921471,-221.051152570734,-406.26737093882,-116.658706620707,-215.06630914256,-129.815467767021,-180.618497669545,-237.527903170685,-108.962448270887,-225.659584806108,-77.9389390942163,-136.959174249348,-228.523640418787,-258.928766516868,-142.776473453584,-295.318566131588,-77.9480613277318,-159.96110959314,-269.931042633292,-271.914904632504,-115.115420563429,-309.143619338165
-4.89444871019845,18.2939184492489,-364.291625455376,34.0255584070747,-65.7258503301659,-291.37688610289,-108.863104228044,-72.2089246985565,-151.67576107311,-81.1719872416623,-448.172904266583,-180.793442316891,-223.175805092088,-424.435025723169,-219.926482539919,-388.464938954004,-141.878120195802,-590.646258530227,-470.54356003276,-658.36474156605,-603.369125768465,-380.65065731301,-861.564409385585,-745.529144248351,-544.075980753825,-675.787639062312,-135.892983131363,-371.727128822169,-515.795749983033,-195.195164420581,-344.816260642537,-463.727690138142,-768.452097413952,-57.352414925587,-217.512807818206,-349.846855988314,-480.364451305595,-667.486011277384,-108.454716281382,-259.467788928493,-309.288480123699,-454.72911888233,-251.510598728316,-262.132101793223,-456.828904369085,-136.024417195885,-194.203037754805,-144.898434795398,-163.63924241833,-208.249966271946,-120.890695777017,-201.341569828905,-97.4873238745888,-133.217351517722,-210.709345378065,-243.346879528068,-142.922685078826,-265.602740963111,-71.5819767882766,-153.519680043846,-233.675323750664,-259.365654442768,-102.421008074565,-284.231504227395
-144.66937567566,-210.853626373773,-282.075595825864,-151.01915745775,-294.549342635303,-350.644662302827,-235.232037896318,-192.488757026423,-276.444077917972,-198.69624966562,-543.761283472172,-249.957515436,-370.777872933077,-467.930090601733,-169.177381737784,-361.706109069205,-132.603166993911,-459.764995487859,-438.891895323037,-519.411922353513,-507.532144397892,-437.755573352445,-734.19423504111,-646.454034696261,-475.229145769204,-503.974308026353,-159.355438455798,-317.03730804248,-335.829350916136,-163.047473534816,-286.788759818282,-377.067431224513,-750.04232537523,-40.5406467891283,-183.031637526085,-299.1082504503,-450.880329643342,-666.935477029035,-83.6759233453145,-227.97844829132,-274.800445965213,-454.088141485762,-218.579624188871,-234.337382582687,-420.223472640962,-155.467405401801,-169.262975549091,-165.902185907685,-174.951436108088,-193.789954028933,-158.710219722122,-203.996546735352,-155.485594667985,-168.768851760175,-223.13802332562,-248.439855293629,-185.310058380335,-266.14852454024,-125.367612764826,-194.61841691771,-246.918523124417,-270.246239433054,-153.796891376427,-306.505415112189
-259.129291805449,-412.775379231041,-202.293192534354,-356.129714449695,-497.349133890538,-340.173239839069,-393.314803137967,-367.774102536551,-381.039134798842,-391.528344914671,-574.899372252495,-283.602761136648,-477.764130440022,-522.516027789844,-98.9694929720642,-260.448999876763,-146.251588201,-250.812072298581,-393.777938095554,-314.453383311529,-315.981685979828,-506.101692895604,-444.23355876051,-456.496299813082,-327.601158061874,-217.903816478617,-162.638178072691,-136.954781896197,-105.90952676137,-64.6796080314493,-136.835166713893,-232.467759557645,-610.547403043061,22.5165329640581,-66.6849213445137,-174.632348287841,-328.618129386553,-536.226177804238,13.0871252493795,-105.094746495256,-160.247813026199,-342.938949261621,-91.0218877108077,-115.679632685577,-247.897177813126,-85.6568154143495,-60.2292040249695,-100.537713462506,-105.142126595395,-94.0318008305439,-113.614477926055,-127.54068474221,-133.776164736118,-126.714200809542,-152.338854120205,-162.340322196149,-153.2402014796,-184.282338072422,-112.450752812693,-158.603149527529,-187.567077697839,-188.95331810725,-140.160248925988,-241.848666052839
-269.898067777076,-479.80911775258,-130.419677633303,-453.945068927165,-583.505271096139,-212.831170045559,-446.488454972394,-513.316083366044,-328.970294450383,-528.478784448472,-583.958265157132,-165.4239539215,-450.513541317568,-560.863574393608,23.2397519149586,-125.367928813538,-78.4931100904896,-41.3557808768553,-365.034901583479,-70.6238153636993,-156.153391516702,-483.824461574576,-107.50518989633,-317.725831216952,-131.892531612728,66.124213690184,-129.274103021223,88.6363272724135,51.7382924805926,49.428935136515,24.9750368204106,-144.045914374242,-483.670240760002,92.2959662286191,61.6180529343908,-57.0614181354707,-227.777135415082,-394.669103467343,129.379246403979,25.0524495126276,-77.3498053673389,-240.852379331321,32.4346198638823,-20.7420561394941,-70.9705001621867,25.0907264665153,80.4231236140401,13.3723666711035,26.566492229605,54.057052304306,-14.1007996594412,9.5350391824152,-47.5520284498571,-17.8927298457065,-19.3916838864195,-11.5263921577075,-55.4263842490008,-35.708460434933,-27.0564291819504,-54.5996128207665,-55.9597097611711,-37.7218449183052,-48.4284314267869,-97.0277584147307
-235.207556699368,-460.999554805625,-40.3552743849316,-468.304493776598,-606.61737361371,-46.902806187228,-420.972281918053,-605.765926980449,-203.160171323858,-591.094763189011,-629.377654270874,15.3736584066453,-378.179526029685,-601.133758858344,140.871472850124,-98.3009919361388,86.2726684668551,62.427770897051,-427.427433158007,143.030789482363,-133.098950661142,-302.798638073861,106.242859323314,-330.844105496211,22.5743425260431,178.140877760819,-82.5474062002759,188.429727418644,36.8919265662049,80.781066251231,62.9139098922905,-208.204526275185,-528.570450640856,97.5147792947399,87.2495779324679,-62.796408902511,-277.961656731268,-413.096029452443,149.484968965906,31.4677657803196,-138.9476575792,-288.938396800003,11.3090493719659,-74.9959666378011,-63.2257479467277,51.6465587426424,123.902409502245,58.7354686212847,88.9164739951264,116.650042377741,15.8100481642126,80.0952462492843,-17.8955365429894,38.2496097115798,46.3455775722079,67.6539470924601,-4.76520847196567,48.3309612624268,19.528934009154,1.67674802640377,24.0608665093704,47.62739012144,11.3588664202364,-8.4592565466507
-221.489380041334,-422.824697369003,84.6034345238847,-450.128308303833,-613.74361586837,67.237898994017,-400.012916444483,-641.816345337121,-135.24338473856,-615.513807786902,-684.508541208488,122.661560093242,-349.63293477734,-658.996200566949,193.45158573088,-197.24206614133,252.353565166927,55.266411154216,-563.545752757892,267.610235821458,-196.925806773716,-8.63268736111563,140.868155437307,-408.86441539919,119.59165066014,91.9028517370142,-12.03901746619,141.754230714645,-96.0004045166787,46.2597633672683,-21.428455787218,-352.739295324131,-695.369534182436,61.7831406414256,17.6279909268829,-168.752116480275,-426.0066819341,-560.080748076019,77.4759317710645,-74.2893145059861,-283.459970372226,-434.900955577688,-130.069990630874,-228.116141409767,-193.769944965689,-10.2012511779981,70.3967731319814,29.0007328827308,61.3458522384447,87.3641138378079,-26.5730293020578,66.3187456625926,-56.8658142700176,17.8942656692018,32.1307122667254,60.5364883577719,-20.8281312123486,45.4341469985332,0.54874051814248,-11.1269021808552,24.2731067224095,46.9891509536716,2.96869830822249,-4.2916509910873
-203.03848008023,-344.280155990441,212.655712040577,-365.187768030274,-553.961661077765,128.652316324308,-356.746675229026,-581.847959667142,-120.802303241196,-576.314782572807,-684.413777607392,143.641049606258,-344.553352981625,-701.085821289983,140.08876919549,-365.079947342459,303.978172796419,-67.6500739684349,-776.287825594161,243.460254283115,-353.425785924921,246.478803960813,43.3127486057571,-505.646067964636,215.674681078581,-75.7991880822754,110.528466584741,96.6630954879918,-214.797102781902,61.6494168805106,-84.0685631669777,-405.652056044982,-738.597552482118,80.8218338692471,-14.379231928592,-216.476186689781,-470.63783558869,-602.830734947235,45.062429823978,-130.959181934305,-331.362588059748,-471.137769936744,-213.615407937286,-289.964699727249,-255.115891146859,-38.0380100557681,58.8686232766882,37.0824023607217,72.5688280600817,105.665837276667,-8.37106721856516,97.1689791407426,-35.4794377676465,36.1052982491334,67.360882813257,102.670948332429,4.99819459141186,78.3092670575352,14.7948156403003,5.20319879489925,54.9109768896457,89.647241395203,10.9031101878183,30.4873678717568
-138.429426144353,-201.680446884506,310.319253251022,-180.674015086711,-397.208154314246,191.385078132213,-219.52831716504,-400.580405915769,-84.4161675049778,-430.409390628793,-625.3203588567,134.507741969975,-323.828668092492,-690.207432910909,-33.3823707950643,-614.001671100964,220.543707080582,-365.463940241275,-1141.00904812814,39.6198848640745,-714.423317991631,328.815921064176,-139.311467325004,-741.939312539734,305.974391471167,-227.660386168185,239.831447497253,135.598699646273,-285.485364368815,152.762015029809,-48.5452265636243,-323.639637423784,-533.684529137622,165.973603904785,55.940127041018,-138.115860763521,-334.104928907187,-429.827800510383,106.439506857915,-58.0712497887604,-223.353075308743,-317.546741578515,-148.076451808584,-186.884738044856,-159.523470793026,23.7596254272602,141.282847287627,122.517290651024,170.206892945217,213.434507370712,104.627059969425,212.699119524275,86.9016399758983,139.483362340674,186.559736455656,234.110612438213,106.606946642474,184.615944027533,87.0223455927191,76.6678844036168,149.817287542033,213.408308628002,57.5346446465115,128.646146972695
-35.2954353184796,-37.6038982485783,395.25590655299,59.9734757318347,-199.788848017365,295.718108856135,-4.90910101225218,-138.248330339808,6.65613765631615,-206.949457971518,-528.94821618278,146.982503022619,-279.57345767781,-627.324724624006,-234.165445788625,-903.143435195511,110.481049864348,-745.334593790228,-1538.59558934236,-228.123325936888,-1174.9705354886,268.368298563124,-336.679077356076,-1070.29735041006,334.15151969328,-314.0174186483,307.61239526353,205.828708521113,-317.887359152108,240.741254791146,35.0489278831085,-195.961409949965,-230.52381867935,243.393484328985,166.393934034014,-15.3006632738163,-134.055121499144,-183.825164630525,192.280149214044,65.5706589212201,-65.0175490621672,-106.687355010569,-13.7062498575873,-31.4206361788127,-23.8105740473256,128.055180611991,229.895074742325,218.076722707194,260.169439830497,303.917060916424,212.220755026502,303.858961081322,206.566681033819,241.270875900305,278.593335046541,339.191810527067,193.217963542944,260.377868231259,132.410782501863,124.843046348798,214.602744052705,304.694446486187,72.5584771364244,191.932512894467
66.7217384571128,91.149463782681,484.748777663148,276.826227562285,-13.3635950075124,423.369642359819,196.779340947935,129.815247629859,128.584825777654,18.1419718415329,-372.449875130628,205.65454714014,-194.728250178382,-518.012924695889,-304.033734873228,-1055.5012517958,94.2981407988805,-929.313368075531,-1645.58126141251,-348.472986028614,-1372.52419999773,204.701674806876,-432.014192890563,-1164.14945092663,294.683538680606,-308.160069001413,315.293585449899,234.840778020893,-273.680924506433,268.119650290364,98.0972313164225,-92.3174533432655,-48.7128188204997,269.220684388023,237.451881054811,64.4123752884856,-3.71182849779607,-46.9366797412018,238.850141058563,142.911647333655,26.984519262081,3.2244876861833,65.7043200369208,45.1383374276112,21.1944737781914,227.349824007533,247.980903109035,274.397152023098,271.269007528376,298.817670174361,261.323622660312,291.839422937726,258.330206125589,273.010817867086,268.426803932372,327.217523494571,211.66690623901,231.685540206634,118.660592160938,112.281729779016,184.422556203729,279.097018223507,39.3870175297139,152.655334776096
126.178632435433,160.770414167702,539.374982112634,408.212829806615,146.00277889645,513.63030358415,326.816518896665,325.3597372491,238.14260575234,195.35748461478,-152.897630244254,273.531437426252,-53.712363191376,-362.131904360038,-207.052557909748,-959.289132528176,165.570837856881,-766.576326437992,-1340.3200925084,-247.047037818417,-1105.14045611397,199.081627427446,-376.578053039277,-878.750641521076,216.964878668337,-262.580380096799,279.99222796831,184.626082477169,-187.508742222983,219.306500004936,91.5618376237162,-57.6635071770776,-52.9943557529225,234.822395645735,220.519816407421,61.4246389914431,9.70682335944314,-54.7058258763801,221.337459229855,131.123520518067,14.3603425015937,-24.6177753011243,28.9168908281096,3.96530050410596,-48.4079513775657,289.672165860089,182.064199149993,283.498254659534,203.312832827012,198.562722456267,274.323282513699,189.393558730715,267.919855439691,243.831774700678,177.396284686318,206.274239492682,192.88202889046,121.849734700962,91.8905051671403,73.9427040598175,83.3751466622184,157.016016361092,4.47173539153517,35.3724167761512
167.47167287454,202.498466887345,549.508046769252,463.656270610571,283.872529452787,553.02350018635,417.467955960607,428.38869811118,313.121108357048,338.433060173203,95.8203201408021,290.386243072929,118.82346880173,-155.644726275353,-49.9783682159873,-674.110489278678,243.793794844878,-386.304769748028,-812.621231270753,-27.5536883908246,-542.533040085166,225.428773925279,-223.972328854185,-438.144430222602,134.425621106983,-241.512601660166,219.132823887669,77.8210792244892,-165.103297186661,126.301779455424,19.1253358097263,-104.521197803461,-122.694397704431,170.139658742528,133.916746138533,-4.88561799615601,-43.8753664336877,-94.5408301970842,162.77244479995,61.3021955217672,-51.2760814097632,-95.1111813747718,-72.5637595154297,-82.4295117093966,-149.138975553494,311.360373558441,72.7415466551069,265.276506742176,102.002189126257,59.182938582425,287.748978232307,66.8737264308491,284.721975966679,212.182143313922,82.1322215042318,61.6717024394663,193.379987997953,16.9553379205036,107.80327965695,71.2226654247849,-0.398695731570537,34.4520560584105,12.0840309385306,-68.4638593784592
238.923609379775,249.877593071044,630.856524989078,478.910519158875,407.007376523939,548.889536533682,477.227133737089,476.159596184585,307.772194402058,437.152985612042,342.226476536906,210.131773316868,217.716036607117,66.8766548331149,47.4638184309167,-358.45001542462,286.133625239748,-37.076561497685,-316.610534359723,172.580558384108,-12.8921584707361,254.751623582292,-57.9480284819084,-80.3925461747167,63.4989446339278,-232.515016877912,173.459564172318,-38.2030627674725,-223.966943176146,49.2945707392587,-64.9570356598306,-175.01567730427,-123.470214420595,136.845643965021,49.8098330622342,-70.1652432759811,-77.1661769926576,-62.5227265103225,122.94228212512,6.85507440424933,-91.6319358007393,-110.325639355252,-134.738233590172,-109.971421419073,-179.408726154945,310.791146849054,-15.0040627023858,243.602024952311,29.7208890431423,-40.5918487116476,309.198511767732,-7.13601649872547,314.894705485088,215.541293528486,39.3203341722284,-20.7623965421975,221.97773335119,-24.7983037980692,161.080480871567,114.910469833714,-10.542871301609,-16.0543474431182,54.2423613381113,-97.250827228964
296.498264547734,268.44048392578,893.712377823456,438.488918800745,477.565293068705,457.234024499275,427.673008643969,472.2852307297,174.611845421357,405.076231336697,526.171659319481,22.0640798814749,134.435536364544,199.50953178178,31.9927261927718,-177.736996546654,272.493604137179,111.734757251199,-15.1768933629139,264.540485103038,280.412071769585,260.237105302504,47.9873361794592,163.115626053278,-17.645211050571,-230.912672031265,141.612056301693,-169.775744368281,-315.778972779987,-13.6180036111904,-151.319259082641,-223.011205146127,-76.700887849432,128.758411973026,-20.7783910630293,-119.390820918913,-86.7687388169377,-9.93545244774464,98.9652175104721,-29.6924284134923,-102.997144045526,-99.3063265321247,-138.570292821175,-80.6389055233263,-145.979820090103,265.640055472875,-66.4817134645104,191.393782777694,-14.8281926275671,-98.2825308470789,279.623992208116,-52.7919463227553,286.414739975713,194.680780034085,2.53496758511721,-68.2599433397278,198.076448295663,-60.5146542491323,157.273802409698,111.006914791944,-25.974086417701,-55.6132306251568,47.4539123817622,-123.664800632956
320.453239136012,256.180677946767,1223.99794706576,381.607851481165,482.044262381257,311.562932754161,326.229481852436,445.817606655781,44.849122817212,290.081603527952,628.562568039239,-145.529510741454,-7.60589798714838,234.202248258186,-15.24126810161,-116.368572968334,223.090643308884,112.993005269652,111.091209270899,270.282786509142,384.831697476213,276.535317548935,105.81075984213,362.21709091163,-62.4544740003814,-238.638716709871,120.796852222648,-273.500351252042,-383.255739613566,-57.4842662203563,-221.749893527666,-216.070776961793,-18.3789140430979,117.772690960584,-77.2148648824131,-143.880109965392,-79.8445793000776,16.4238259641272,70.2596045289553,-57.3412693632041,-89.077110834971,-88.536708923055,-104.314867432748,-34.5878093803532,-84.5525410740761,174.73677145848,-60.7280955526051,99.7370664192525,-30.3816462177104,-119.956957149133,190.801890465177,-74.4191419802483,189.343847874779,129.234525704655,-41.6556203328066,-105.794199386484,111.296850601188,-108.740792416024,82.0771381305125,38.2800501629122,-87.5784501872615,-126.375743473635,-12.5149030615322,-194.418619979163
393.094749031741,266.113226001547,1355.80275193213,398.678199471718,456.52255209699,238.703814383143,363.356542748598,476.484726716833,114.622460811586,302.053806320101,695.725798161459,-128.923733821831,55.948132940027,317.693870475028,52.4667887751483,15.1382069988446,225.531193619166,167.492299442726,216.632650514182,305.95308494457,450.446018493197,389.975076315497,210.69844077182,512.711323131516,58.1070299055678,-174.139322040923,185.564005398612,-187.492699999356,-334.328045948107,20.7307344353353,-154.903949839917,-83.2282767256168,139.751000424452,171.627608130036,-13.9268011857967,-48.808401705279,40.3377514340405,138.044358919937,115.23869003469,24.3106708383273,36.8173190607388,27.036115030717,29.7504126076818,96.8182677019783,75.7173236559277,128.127043309221,104.701417981782,47.7370553035076,90.1486760176585,16.3128684292371,152.365205854264,61.0730981342035,146.474642641883,146.750163731095,52.33620262044,-4.5180080383915,110.088596591972,-17.9077309187611,79.2859849228652,60.0889784593457,-37.1051246114151,-87.3053475835766,24.9570481018862,-168.320646486868
481.209308627194,227.876995413082,1204.30137556076,389.258691541582,333.450550610198,212.922240427215,466.001800221092,479.497927866825,268.914694551779,417.049399653605,657.217028300552,-27.1010737848177,271.489851130944,472.673029437909,220.117111243565,237.765984635846,315.069371616934,330.905018776877,333.890381678479,415.777262070377,487.026694754685,570.715981467153,376.812012710922,504.815471747958,338.702934245455,31.0770785430191,370.449652200742,142.360582822895,-120.105502831866,266.001177533193,116.525497921134,178.304116656905,405.230144155134,348.683831349071,235.20689657516,213.690712013867,313.030420657283,420.244604233745,302.300717080509,280.129859919644,322.074984560351,300.982823230385,310.384176120376,377.434432348263,379.278321408459,201.872827787813,464.957268517303,110.435217724825,402.511655087693,391.873663935312,201.589718274212,424.740930507873,196.777495546411,316.879586766394,366.720784982444,324.98397258655,261.917677352667,299.203831431839,213.622020879665,271.484476039989,236.594376923727,175.179946184962,231.621411742847,71.6471752742633
450.12763117259,51.4750304028803,975.666874884762,165.946643404494,29.8889028123206,81.4465195377382,333.284475018836,251.424726823111,186.553582342612,336.536413460466,423.605008806838,-90.0420158823619,280.972865810426,556.92060959161,340.329408835186,378.589353296058,432.281199860949,480.447097491608,384.411099269424,537.541848576821,445.327697457894,706.648102273067,530.917516591811,352.064568997496,618.201991228341,335.152638268001,595.453919923537,550.028526853241,220.657715854223,575.308493941488,492.461537141803,492.048854273797,658.94121714593,595.698846652258,576.129575407598,558.469392042233,641.63402811229,746.007766461688,577.007522061873,619.150612214088,683.406714814265,636.747360574778,659.259648744609,733.951342304219,735.431843898408,409.214121239643,902.515041135035,324.883410432668,809.240846409088,886.421385887834,295.269502537729,891.129833666789,268.866029098303,563.057761080029,790.313486760611,781.335287121088,477.213642898827,727.148393971869,407.514457969424,581.622508854383,632.475961969943,578.836884735761,518.277699608828,455.812311146585
346.873634294788,-108.867775528069,878.200186845204,-177.534362596173,-278.428985094708,-164.140715177931,-60.2938562761447,-174.832264158665,-182.086246503856,-18.3197272005223,179.762234036037,-338.758519591779,-18.7927160728364,537.439727231488,372.066240543353,422.083573457304,521.126240680219,565.532015403406,434.945232885111,631.164817455185,421.420078522575,777.244802868796,659.058244081363,289.112982157255,797.672805917649,647.127167545363,764.108419582299,850.008042980558,619.22456223157,825.827140752268,832.787010335689,817.043542778706,879.645997247931,814.956241585906,869.648403311585,884.50885412345,951.889870433504,1029.15895597199,835.049765657914,917.117964641307,1014.05106523944,947.117460695425,958.189791028226,1050.09901640602,1048.92336107877,730.326271662159,1290.16820984804,692.106394787883,1197.93010096688,1327.6327832752,482.931187279911,1313.2172319546,383.788197529784,816.826877568598,1192.6328037285,1220.52490939113,706.166116769863,1132.71458948885,626.5144689054,899.922481552601,1019.03657861166,986.569470284315,810.964276545532,864.185576965941
353.383405447125,-24.7004187003384,873.229377951138,-360.139491155529,-287.409384662785,-365.412479286928,-406.509970335874,-516.319470611223,-529.699416391825,-361.430047466633,202.147647771537,-545.715109768952,-304.642396731962,516.360766738315,406.491947775468,540.316853817965,574.637300911463,680.818188591464,634.997372208997,729.479980049025,555.973685779257,835.032238505799,804.726712578834,465.18417021043,896.837126625056,885.465987957738,834.905409869986,986.82477463522,973.25173450765,951.332560304492,1051.0069897976,1097.20458082635,1095.77044016323,922.9235173538,1024.4093425299,1113.5816232443,1194.77525573852,1253.30821821106,989.065705214212,1097.37948341043,1230.78706218702,1185.70775702949,1134.53758507027,1246.1229949534,1267.58845576635,1043.4059679818,1535.20235384469,1068.59642577008,1465.98575378736,1589.31415325399,774.632621517703,1590.27428605689,580.10870032994,1018.54739476609,1470.76554734973,1519.69257503972,934.521135752936,1425.83643354194,865.778100276087,1173.86523168827,1315.07739186667,1289.37272574165,1080.92649147392,1197.79308792859
508.965912856127,289.010120172257,810.738645585488,-296.337389999083,74.2997820218533,-376.151230274975,-489.05293050164,-532.415890549548,-561.988583338336,-435.778607538707,511.190697455459,-497.077145084461,-291.100727167324,585.213082419507,536.940280324321,803.857090239469,643.493233440165,916.559705932768,970.089468442723,890.351919961883,843.622520681647,924.748506398101,987.706933382085,760.328569342679,964.492729342489,1018.52244740396,835.580338170199,1007.76470573503,1173.9411654131,950.351423806507,1116.28151028537,1224.2270317927,1226.3258197164,900.248332594532,1020.14884739663,1177.17803150126,1277.38881705208,1345.24302380184,1001.4870016443,1123.17951465993,1264.63937727445,1270.54141138202,1159.8540782876,1267.13042293285,1323.53554574233,1173.18416236053,1541.94193749065,1239.77443675139,1498.97584286406,1577.85845437535,1013.35843960953,1622.87184653351,772.33053109157,1099.45924812176,1522.98296398532,1565.76712624367,1093.96893968688,1513.79974117121,1055.89839791206,1325.74216182017,1448.92955357019,1398.68661988506,1277.42261130322,1369.16180623006
719.136623488835,673.169950358868,667.221467556809,-85.952100140794,635.959190454054,-191.120613292623,-354.35653941876,-147.726423230558,-293.994408682693,-243.812527169051,987.852290380179,-190.5372626396,-41.9367056657798,794.239384917364,764.583510164983,1092.76315960689,775.605007432312,1221.84377250819,1282.06047350153,1095.28526166314,1149.37007639513,1043.87930006279,1169.33021556498,1000.43191866729,1020.1598463244,1077.79448565049,826.74436264924,980.897801295882,1203.38217356689,886.960058095286,1060.62529618648,1176.69407584553,1206.34542094712,818.942991042339,924.067515893341,1091.32180063651,1177.24805567353,1260.76018342082,919.053053480139,1026.8576246296,1133.89493554905,1164.41541842761,1063.61349435458,1127.21910740774,1207.82591649262,1108.0023545189,1336.4685390486,1190.62548916756,1332.77290600676,1347.33773465342,1093.9700545464,1437.1595516211,871.280975385532,1093.26128523398,1383.72401446981,1386.2319555556,1133.24851882827,1402.99484667851,1126.65641630763,1310.77779337467,1421.7493207513,1326.21112581866,1337.1930527126,1376.09968822569
982.301834520937,1100.21158525808,507.250461031092,271.981362104279,1226.26332183073,99.9996473507928,-75.7562055036133,535.19658666267,88.5061298541371,123.688765839854,1549.95318077594,197.339234027674,296.081657610951,1109.03662319583,980.224832813211,1255.13790882801,899.603241185134,1424.78837120067,1441.16227208873,1206.38164446963,1328.03660654261,1102.58979226819,1248.22303946957,1126.96258402783,1020.95614715972,1082.10433494472,810.116446341631,919.24593790025,1123.28453815414,810.185354937403,940.891973268368,1041.76374250028,1092.40679289807,742.376483328456,813.328696090901,946.257642455282,992.468063530619,1075.00599622726,810.15033403922,884.426530336482,941.07305708189,952.481286777373,915.563662676391,917.012653920946,1020.41502688864,981.918407359211,1095.14139083855,1082.85194787389,1150.72280438854,1094.88191869082,1049.68467919391,1208.28207099104,861.234581159993,1055.59672761846,1203.34548168676,1141.72847378937,1034.07605755934,1202.06204453357,1055.25963526507,1128.54138995887,1295.93327670532,1164.42293762886,1203.25643949929,1280.8075409953
1381.86114081567,1629.78407627043,321.211498500252,846.155586294439,1742.41631940942,465.109269588434,377.031196933664,1229.03386960859,518.61182198073,629.628451270171,1990.58817460671,546.690383728413,724.353496868396,1394.13723670126,1077.56815352422,1233.70000567464,893.011480475893,1409.83210544668,1401.32653478467,1116.29633288349,1311.32010112846,1005.57321671855,1143.31796923487,1120.90948615577,900.143074130403,1000.33443785845,728.553230337033,790.804188084587,973.753541842751,695.429451628365,782.500762602983,865.904839016646,932.50943622654,643.267027148429,685.689691281069,779.582873171727,796.033926018368,851.988421185005,674.107709202632,722.680779469048,740.097217857644,730.33649909023,738.35670013124,691.331117098119,828.570830353449,832.931126744727,888.978278516376,959.983541515955,985.717985527919,899.685893882793,880.621515385029,1013.92485195072,739.007388769908,909.19282628835,1009.65818805821,898.984753658884,783.494977812344,950.91808930288,860.096165064593,797.227376805881,1081.80544835146,938.262290365448,890.010391536244,1093.22509914111
1856.61145680627,2166.45493277641,68.3200253830958,1504.41005285659,2086.00188770176,905.559943081559,961.222052890803,1662.96031115238,999.134530943788,1205.98341652787,2054.97214123711,876.738315005028,1202.89242117917,1561.07631398158,1079.68839544957,1087.46054116525,774.540979805264,1254.87944334089,1211.17032079222,912.979962734484,1162.78805727423,809.059434748716,924.761368862406,977.500759932365,692.481263223472,845.348363397276,596.046057877151,623.606942524454,779.597311812334,546.89755295282,618.062125369145,656.074079090567,731.445459510448,504.355064867141,535.807646240685,590.121214796883,600.471393726164,602.769505669803,503.530215266403,542.796370179282,531.246482891771,528.882825507345,527.231283148222,455.233085222702,613.140695526077,611.36989204777,611.915335316432,731.839676398224,687.129229256633,671.161228884989,582.303295197071,768.957979170812,547.478136642318,596.088043138337,717.13373159993,619.8544617771,464.934213994588,636.637166145134,644.327287860356,442.546466365641,790.789890807186,650.361473192758,576.826043159853,839.936315187905
2187.53294642522,2476.86099872458,-185.364965407178,1962.28374990087,2204.37034355225,1309.21830624303,1468.41093086246,1819.46644536581,1412.30512462846,1688.9328500815,1830.36329263758,1167.33136175881,1555.74965087396,1635.73907128518,1073.19034994572,937.629588251913,671.435196268548,1126.77712516547,1007.64940989908,773.954780223207,1030.7903171767,668.655233409103,771.286700683996,790.679433815882,539.831266847126,721.281721745758,517.26891944609,521.307361939162,621.501478126882,457.720128918953,525.264875225771,493.301272867287,558.001344055699,402.659186911277,438.733768209829,450.376836950354,462.782595754917,403.00483858883,370.149397915629,411.099501877523,378.32222600606,395.220518986353,354.394078666736,272.60950027889,405.400679732684,379.087046806808,253.645095332419,422.721606366341,245.480701942462,374.944437033546,285.495677148801,424.204330704261,401.869134610521,252.29383488276,345.101563609248,336.357748767148,247.801222111545,330.273169572523,552.71620454975,273.903813475375,530.159580984862,412.866714346242,496.005062655832,662.2687488407
2239.6612075494,2445.68394748786,-332.489452898161,2091.22262030587,2136.19261811871,1526.14783324002,1727.02046387419,1833.78973464274,1624.33837132013,1923.91275513038,1623.7589975323,1318.32742843591,1684.58647541358,1635.06122622353,1062.28120412432,845.925596957071,614.502285343912,1065.22670450353,884.238170653655,719.119988930429,981.032845947697,615.440956300948,747.255485556572,695.144863870038,503.316215155009,707.785284039671,519.726591808218,522.410117630266,577.500638510912,466.6147720506,535.152894796404,462.244527543088,492.08630529947,390.491508498542,438.58918552534,438.423318920058,442.680249990477,348.783522131785,329.894662769152,391.955262935518,361.746015942702,387.110869482822,305.661777454662,227.0365620635,299.969383661782,272.482448450336,-18.9126007490776,195.470828882593,-127.925919742994,87.4637954891386,151.337980578613,27.20107377426,378.714932996998,59.4369706293316,13.9344383463482,108.682639296718,210.490568143872,111.947688130388,604.125885998316,343.216276278732,382.776650816546,317.992860402994,651.917479875199,644.991940970316
2070.04298609631,2153.46577832538,-390.105817529805,1980.7309151848,1919.22241081572,1547.59734656927,1752.10029922764,1746.7818290612,1647.79228253726,1889.60718193802,1486.77128171366,1300.63947071721,1639.4263669235,1524.41758144924,982.032856456537,756.352108708213,521.806926255881,973.037867314744,784.201014385927,618.344175125605,934.323043401306,531.47506957491,734.834255618214,700.308547117089,482.542145205539,766.240608372134,501.984867224253,543.350115996884,621.461342301325,482.59548763271,574.545716516025,521.507969390888,505.84396637181,401.548469547406,461.966848552825,508.098017211173,492.746391977399,412.246545376678,331.266799472148,434.841517171081,439.846109380054,464.945281736575,343.790152814155,286.842509038168,309.343595811566,316.566712315296,-108.746854701105,149.436507199194,-268.662823468257,-123.936236557842,196.028296781859,-334.46264662436,439.035345680426,46.8428838905002,-197.681652002904,-71.3016037165109,280.587115467572,-31.2478255035742,659.496939040325,456.023019209929,294.58685460784,295.083462975148,781.100019409916,679.843771308805
1797.89101261114,1738.59579282028,-458.297363653339,1751.32628786868,1559.42952581235,1467.36787007243,1639.05491372531,1513.04120978583,1558.35451566392,1678.49949358367,1264.64250292486,1182.84119973349,1478.92551407879,1298.93577802861,819.24515007929,587.418917314886,369.592042642721,797.997239762135,599.578146150383,440.729245496763,812.15600736854,366.113281399021,646.832086021007,695.36899444656,398.358251668979,821.46568648831,408.614348196697,522.338795048876,669.22325568613,436.901612646102,575.537958908948,570.451207591626,521.439800464764,366.105255563815,440.006829241694,557.215028392465,524.344260147404,478.99035926215,311.16756600672,446.612076837572,499.889435130528,520.638548292852,366.15096324903,343.330189107705,346.447808914795,400.71434165572,-115.657095081983,222.165051526578,-225.561278439176,-258.524599209091,295.292603088859,-556.206829744062,476.297220315023,101.110938829403,-285.084975039372,-204.807015764741,326.593881044858,-126.523675085371,590.320956823818,396.102294071069,167.963054854974,247.938844051347,664.904143345531,626.591263948052
1489.59149078785,1317.66257890919,-548.118450589281,1476.98994034383,1138.20229243119,1360.46268919321,1461.70442859359,1174.48070235368,1414.57007481709,1396.9802442732,950.53880285661,1058.02826874004,1254.23754781144,1009.03999272045,651.593937582009,353.063932826824,243.901320838397,606.179568391016,334.845412707195,320.132256072953,654.287432263653,228.460651927383,577.64009643862,618.513698584339,331.007953383588,870.784602019367,323.384864525751,520.462613881105,684.813004644987,389.235630819254,567.199582405094,580.557145559924,512.392029340515,320.492397060819,411.95350189258,560.843601906048,526.643960738781,488.471461784942,293.024807343854,423.588126980106,508.859509190792,510.904924422013,353.148558727089,354.569220855585,352.522631169266,412.392211506492,-167.43674632882,278.769385125239,-152.36579290955,-352.413634649615,322.850859378636,-587.635914597565,425.718434817262,112.767296230301,-275.526574697693,-254.793631657681,276.608308155078,-156.259514055435,419.440993290544,176.230351773913,0.268644422129626,195.496245879186,379.861400979857,482.100297871272
1163.23482288912,961.286724571134,-590.332124840839,1209.80374808275,787.553015274307,1255.87211242698,1271.72373854182,853.298837628084,1279.42965053549,1112.20988876977,664.733956865555,987.706462016934,1056.17181841686,718.249092303998,560.461166244702,152.171487807147,216.07676614192,478.423164705726,104.30081920955,350.906845595331,537.350244331031,229.686373841608,649.972047956558,495.040356680215,385.338838447093,927.272786190476,329.015426004707,606.535750710416,670.975743982267,411.972046259571,595.041722592602,573.532556884329,482.320377383178,325.001759515909,433.772893100876,550.433441550821,530.488059161376,458.234891873709,318.899393477678,420.033403331402,507.024990274606,476.51243795723,357.688835844662,355.940593038335,345.450941360895,345.950091167067,-244.574214479919,259.747547028926,-117.925780167679,-395.075091539832,276.119068795753,-472.904605174357,334.003107802118,98.7585692778516,-187.787699670255,-206.34883090778,196.236839108081,-101.787225488822,277.791384855546,16.9600171146002,-94.0282034574549,197.986836761676,171.005023829984,345.744239210756
823.600292322692,656.537920889888,-584.60431136592,956.448317793685,534.342854979595,1135.23736602118,1080.73229608962,604.251683292912,1173.15351407174,860.49218032045,432.179437911118,948.012843340319,934.289175384266,473.894881598837,543.119111817287,59.7765434778889,279.691765335294,441.415856200848,-0.725857257430824,492.909063464971,478.342330001454,361.030667324089,828.825598020953,359.448529301188,535.377509696343,944.778366383803,394.431552548366,733.084778878412,622.475688573269,474.240478256033,625.920669795668,541.92253735094,421.635334673428,358.808414792539,473.746783623943,529.220605009546,519.638206671175,408.592553173989,360.397797869705,436.733042294204,503.902784629788,445.896961321342,387.010975738999,358.92536841976,339.906558470958,266.328295299696,-251.714886472485,213.506459695755,-76.1011276211728,-329.953602107483,239.336562120046,-285.996071645485,281.115159837555,135.858203578256,-40.625961898537,-79.1369026337397,195.815398172687,19.8520902503687,243.09258617741,65.5232559871878,-25.4943932742008,252.176579656342,153.33463891855,290.678637011566
482.597377160907,356.326992332237,-595.259332001555,692.529150646115,313.550066439984,961.619478032527,868.85801672774,410.874143716668,1038.07184776124,672.62784192073,209.826473448557,863.866489319014,837.098580235162,316.752468234738,533.957490386709,68.2375704351266,398.599469471646,479.332826621597,20.49963119894,665.660209610947,465.632119348385,532.27744262678,975.946071402429,296.15492103357,669.583229721629,903.281436437149,448.415653683183,801.750862789801,575.008205769545,507.876466379675,608.394633476804,491.206675986564,347.107619980159,371.864188256056,473.516191954452,490.757450940877,470.456815965699,346.191258362465,369.800729423893,430.733373249208,481.919956263521,405.403243827393,394.130623823318,332.796097837533,313.509020323539,211.338052508385,-181.167320361836,192.265508427512,3.25447263133293,-169.020363574263,244.224872731181,-86.7974640579985,266.023210146533,210.220542478039,117.73961438912,84.5737815504416,261.025714586044,161.624089706041,263.8773085688,219.073606257101,135.267937673442,314.488848067327,225.311619351056,300.401400962103
160.364356028662,70.1979615247172,-618.312795702461,427.116269103744,114.476535850202,737.700846262181,634.232045322012,278.898639550021,822.787515357483,560.497365574128,40.3460759598792,712.889183125426,695.701524376003,272.329188122504,473.914228984422,94.4426571898697,504.076939079903,507.485238554036,81.26443559605,767.60789204966,449.954319200225,630.192483081826,978.971032233023,383.427564431456,686.346632514171,832.047093514073,455.862639225142,764.090295367072,598.068284907731,495.498053893259,552.356144583658,484.244511852456,328.413000641959,364.667151389932,438.405637986426,463.252273482906,427.839766131331,315.882298988192,355.378455938561,397.588669908591,461.435068621373,370.830617622295,374.809186823854,285.871151375591,284.345809444977,184.579690278624,-85.5538778262926,194.429474114611,85.7950415305031,2.14718918371744,251.811663200576,77.4876094294354,247.482085118297,252.460133763678,240.460896165126,234.2823045812,294.668452162685,281.680112546477,259.330766510268,303.668194906131,261.111379120635,372.219374148901,251.529724138138,327.444580819063
-123.958306912579,-163.905768527522,-594.760349339566,191.708258282057,-32.8136362400376,515.222520597429,402.863595503845,205.037062898024,578.614435191532,478.825199560178,-14.2370413716735,555.148275190942,522.610576433786,286.893494728742,368.288737743223,55.7040352976234,514.923023208735,427.68862014043,77.3469634485395,705.056165487457,350.233102073941,602.385340476834,814.336780644434,481.264856797562,556.604321181454,702.137030695198,411.157865918286,623.597014594723,657.310089806037,450.850462924095,481.556641284644,532.711910513129,399.397454689643,354.488440620495,399.312721407012,459.346044315991,442.221414786226,372.407959015493,346.144763066437,366.154481401649,469.535188377136,388.094048783741,376.390754440201,273.0414532001,319.417658441205,201.70905547479,44.4843956680578,219.006478251206,168.954037990263,149.428312860389,247.417632102029,199.015978988087,233.487176024902,265.185424961242,325.996097925179,348.228358146261,285.119869890438,368.769179648843,228.095417005775,306.628295181343,328.245263738924,436.974160600507,222.94483123452,360.198364717405
-352.615630577717,-366.295866870873,-539.07136085958,-16.1088942426076,-178.088356148203,354.295081798761,204.846016932211,108.706964564989,420.248493721818,351.416945770636,-38.6919057302668,468.272327384693,385.533003231514,241.774327679501,301.941072153919,-4.96594251483824,449.737659947782,297.7544561842,57.7246603778432,537.428335275638,227.669683701,519.521437363268,581.194333866294,384.061310486523,375.641455594244,471.052442723498,346.179361877088,432.585017255204,623.050967180079,394.039480606671,393.176438215787,540.373534354908,492.487419797005,338.427966086585,359.827610804127,441.051031399043,477.06222045544,489.831627023995,347.905449737909,349.108729851153,480.639044749084,444.653724809159,411.214845473512,302.903755206256,426.279116490314,279.564520998393,242.335277746618,291.520786657901,301.632028651935,313.52027528544,268.612372744664,319.404859679825,251.680333775273,299.51023302256,403.273884796232,447.077424505187,297.359586743891,433.5369252322,211.954255255851,315.223654575735,375.614788214196,498.300758806243,200.678009321158,396.707297588531
-516.427579928755,-581.066863081451,-511.47150565895,-220.77788943435,-390.56551612745,264.994505617679,42.8256357763996,-83.5766235117564,365.76595869774,152.414032906725,-173.87766062402,454.71673246621,301.040478149716,97.5196375720936,346.381561792193,43.1112938304009,406.059224923064,284.550219424294,204.512348653478,432.150196833727,268.5636527083,465.455733217041,411.120798043849,182.228744315046,277.347423100541,199.849455338903,319.442491773297,274.468166493579,459.904834992247,358.210032944572,299.151325178118,450.657752666461,532.364701417284,326.15073906742,324.59562229025,385.531847114835,467.189966198651,581.739741482283,360.377670404991,341.218450674789,451.153096782183,471.471610078771,437.270631193895,313.985339908875,526.796070289808,385.762060886934,449.453349536871,401.008870039178,470.374700296326,494.768645962461,334.020843280109,455.031396714938,285.693750805059,357.574426048677,482.80754769077,546.524699577902,340.354235739565,483.466637747748,211.810712898797,345.486224218697,408.175592777578,532.498314601952,196.138782690369,410.567465906587
-628.923017275592,-778.288780186249,-481.799530980553,-418.863824585153,-601.602873208002,186.225650701554,-117.89996894596,-321.014139469601,296.017182757465,-68.3482470627465,-371.770850740092,429.311976582676,210.934890057318,-47.4888852291582,470.610166834519,222.041052686877,419.381506586238,422.237651863139,539.53825554749,448.881982711592,487.869911885321,445.347869684808,336.316698323073,133.209779131884,283.337188651922,-7.0706633621742,353.612176029842,184.916544216745,264.457815787805,361.520166989124,223.17305101112,327.885538840403,514.72695711083,338.74552852155,304.360015769029,316.976054383618,406.282945479173,591.21177134374,374.512782794499,325.880090811984,372.637888722817,427.191420274183,409.791393754045,253.490135406538,545.640714140925,441.954096312763,551.138092087172,469.524707459954,572.129814112395,608.412212034586,394.511241604365,542.663487840402,293.028612296454,388.714275616367,529.183273749286,608.286715356344,356.406369493829,501.964518363387,192.080514803813,344.66437863295,403.56908530776,525.795765729879,173.775854771117,380.224748092167
-685.831498916144,-848.482642377704,-373.397727496181,-552.574566174986,-631.730882288063,70.0065853307319,-286.405178109329,-454.642516231551,130.113998482893,-238.226920423829,-396.584118738711,332.573400487276,66.4290874905013,-80.6519259682051,600.735624166581,408.524615759606,469.478879905665,596.817828643068,857.126738898374,536.411900665844,708.633744942574,478.293775766289,343.257096940213,296.049770747946,343.965246352013,-95.089204169662,436.982107590473,154.492902302018,133.180128417706,396.36283121921,176.795606406189,249.13141870245,466.096453677552,381.738260066204,299.473957003141,269.44593279803,332.519577780762,526.70834473989,378.724409850582,296.858156725536,283.833614590956,341.836678980602,334.441413354356,146.531418739436,486.224811318953,425.541490480762,535.708994543842,457.229439241043,567.285417107576,613.417500599049,407.951435216792,547.023306316057,279.416215105695,378.144470746656,524.349611072366,604.783415566995,337.125801166006,489.442545245073,160.462809384771,312.833696583517,376.570266905126,493.176662745678,142.570532941511,338.82000213315
-612.391930418643,-678.822682268308,-222.766451031318,-514.207676141829,-374.582241316848,-21.4143238842331,-376.079359657182,-354.943358499532,-40.7270005908818,-301.091147167198,-118.224464446705,222.263195141888,-84.6946761106065,5.99665150390136,701.174271401507,495.307740826108,547.291444965904,720.583979997639,1003.16708035832,640.47707745824,823.073907759023,595.844375958057,432.052282407984,548.654098275813,429.658576682148,-50.1181693108586,552.861162337918,198.587681708137,115.130777990918,460.284678196297,189.29823244714,248.99641132637,443.773194888186,456.745579760058,328.550982834081,281.879964820416,309.938553490154,472.916065864459,400.063492047714,297.534731129064,261.04791666724,307.518435178097,288.962104885528,91.0849797602138,441.97189666106,430.94692960816,531.538452215323,455.11540758226,569.949887983152,609.422919691191,432.969415579918,568.704805707153,324.0074430489,405.761075042807,549.558233048685,613.966053801529,368.869207934826,519.374126831166,201.056441600872,343.365514535226,408.380549944098,504.409422532483,185.687941829852,370.695841516401
-362.079393249487,-286.963167746472,-128.897595305948,-257.163923823296,50.8936977201579,-0.0259737199238289,-290.791883152612,-49.5246802498329,-71.5272239184602,-232.562804651913,278.68133760164,193.183619332611,-128.558110465328,129.060546926317,734.555776889217,470.525819823943,586.704346032796,736.291857648182,994.20021118783,654.988632038615,814.144296012154,667.568967476587,493.484063398838,761.749207810309,441.801826573012,80.0429641418644,616.386066782533,283.329497716704,209.485825115646,515.531866248963,266.489720923672,328.072972232218,514.97057521684,530.487175262952,392.442361590318,359.517865997654,383.337845467747,515.613073937253,449.288914923071,355.46372033797,331.648818342454,381.516685912943,327.055682284769,139.339674022213,482.813611647209,519.778255517199,610.258556774746,543.144228757313,661.963932338302,678.071326087638,529.485141683548,682.701356888899,458.55184446736,527.28443572642,665.874436070752,700.560582073722,494.416006062288,629.927639329926,350.537134399396,482.558936498382,532.934927034736,593.992583252248,338.620116823811,494.366569306924
-43.5177397802348,119.734855379601,-65.4678810659847,80.545233462432,368.682272643284,100.661656849691,-78.9312902300593,242.639096299636,45.2051292111086,-79.504980621055,477.572926081678,242.592716414568,-38.2299263676554,189.991047446441,634.246672655898,351.589771059013,479.823591337825,545.205803251706,852.686918305971,444.212151087514,599.633460701475,483.641937352931,312.608446281268,776.26939910203,229.258848887683,128.384676718499,508.86636432552,262.345043710537,306.797566364685,472.743498416941,316.936478335999,410.329601496689,630.358191026701,525.355260468921,419.132648187205,416.791664995239,484.53586615464,603.828813261328,461.737275213363,401.770370901478,405.911388983962,488.471208830675,381.951469002322,205.496403225641,535.869252555112,599.756221608932,670.706983443709,634.90792792867,741.384739418582,734.919284996447,624.239180577099,777.970454496861,580.225059140942,650.027264326142,772.273880017283,772.177906925506,613.662631851373,715.197291640372,503.540724294258,626.367448125298,643.100686011022,668.471209505896,504.586232127774,601.108524804193
177.769024139962,322.997014394639,64.6889524765252,283.658783303545,417.653769646213,181.904214841366,104.317334371666,314.095227975758,185.52021569749,41.0847878626623,368.939355704281,283.032901139782,72.6850540750745,122.587732115371,386.93828827269,144.37800409608,246.401490948823,113.648463845806,521.223777825803,34.9060754153314,79.5933002352879,72.0876524891452,-169.044215039479,414.314460341033,-183.353992331047,-94.9742536386682,261.193077304279,52.4604428718354,239.658559975267,315.529997823359,243.105243674996,383.98273389554,640.940243491158,427.934064568185,350.643063511284,367.954408114673,486.560890586155,603.231124384718,399.424226420531,363.749612173488,389.62230348062,508.906871301327,366.07573768443,187.320331511372,494.925966569598,595.035800979226,643.524955621458,634.79323634298,719.141396749797,706.869451587185,630.976817872446,761.502256506981,601.4627451854,673.696978320079,773.38045528182,747.610353256891,631.305643538738,691.249469555948,554.186778501487,669.338872187736,648.157544688396,652.58239532908,584.783034516565,612.546924654897
225.191689386721,273.01151896539,213.653768718514,256.601936305334,252.173821225059,188.044479146674,142.064120926028,164.554324828509,226.210761851146,17.4484902174412,80.2679668356618,240.043051736569,70.9070313457673,-88.5210448699683,60.0115547277913,-143.247092094644,2.5667286241236,-426.182525693481,-33.8017049890842,-393.899728046465,-672.882236117382,-351.126082544235,-745.453060309397,-288.394786701725,-609.980040098077,-547.949111994575,11.8019900301517,-247.738629710928,-13.470736375828,121.87341988633,68.2418229431171,229.172118474224,479.429663127208,303.5712423289,214.989274847015,232.719969928104,360.179138525013,467.935402456099,303.358782381409,258.208852234752,294.888408725367,419.150855130327,283.712906195621,96.2659397279996,368.487882072134,563.723628947387,609.996001775964,593.776422386894,664.457360179308,659.963203982904,581.163648855024,709.366390925486,557.94470443502,629.397190558582,722.22664890844,689.14897894707,576.86348298159,618.124394300127,516.232843113654,627.524172362743,590.704066319904,592.463595128423,577.186860112852,567.065930355357
92.21097041467,36.8007217108196,275.142982394017,38.9639917108014,-28.0101259844493,88.2682806946131,5.52117014117388,-87.5101356966215,129.437991693744,-179.864474981114,-261.583607998932,104.752529317005,-76.9295270913563,-399.912720767723,-261.249662353509,-469.138758641003,-202.213029053829,-867.158450879894,-676.2709694843,-709.58682060799,-1350.27436494077,-671.590144487313,-1150.81714296518,-941.638062683949,-940.660921960954,-909.082828707068,-194.035900675454,-506.97780260014,-269.648139968596,-66.2586182214324,-114.56684752773,22.9162408410609,201.549351112571,182.646439714405,60.4713308050431,70.380494507516,165.85407466109,236.935818776029,197.191750831531,127.312184974138,163.861053926045,258.093305063139,170.371054997281,-17.80789629033,201.183920973199,521.168333792475,593.73818979117,543.966251314171,604.524488298326,607.795166710715,507.710363651062,647.312756460252,482.563251904836,551.435937598334,641.878453783653,605.232383049677,493.489498605474,520.917511316828,433.112268304415,533.368067875825,497.146317833419,488.275614699255,495.669736219459,472.723869986923
-196.089458328019,-308.333642364842,392.027896904048,-283.072951124621,-388.618385223327,-118.456260098513,-253.764896583353,-380.309957905036,-43.1227899200299,-466.759865383927,-639.870089959161,-58.2280885130503,-273.109186191079,-730.16117321211,-500.98678195408,-713.422654929902,-347.061811360533,-1055.23366066871,-1086.64636550543,-850.850915758599,-1582.65517094268,-840.426909815151,-1256.40260991297,-1103.6398813222,-1141.69598106953,-947.56356954758,-354.418756482073,-690.575578093878,-384.297849346373,-248.241490686033,-265.577818830853,-183.820667178209,-135.096609796936,55.9299123531472,-98.6330470408735,-111.214586655393,-71.8794811921986,-69.8837247012224,65.157594130911,-26.7979374836338,-19.6848520491261,28.350912894791,15.6803480524043,-165.972977165356,-30.5334853022521,353.703682392561,466.943161428111,374.895415727813,413.134920275822,439.80081474958,353.448664418733,461.204161914974,335.837804581285,380.748978307303,442.38520116046,387.280571582025,352.695132131253,317.376715691787,306.04667553189,363.600858157829,306.414521247105,252.417054186535,332.088024418228,264.79400888482
-564.751086158097,-689.464260116631,858.753138373002,-627.498349711089,-797.320275078394,-367.946660499679,-538.627862179742,-700.733175704124,-200.425641197431,-700.646749030968,-1030.30198805427,-177.81255006228,-377.781750013488,-982.744387948278,-629.035125602476,-739.689913540403,-385.189320039788,-961.990418745749,-1014.67417428727,-782.45797994446,-1241.78767901943,-766.804656202536,-1088.04175588769,-733.581450658766,-1125.58840793115,-779.056148301622,-397.046960737425,-785.26787196914,-413.488056001005,-376.308006511752,-395.13267684086,-393.990542883936,-494.173688011054,-54.3183493816154,-253.023123663883,-312.535842950709,-353.448437178091,-427.415755113822,-79.339910782456,-203.857858722062,-262.502005662157,-267.77270783517,-188.940055832285,-369.285383697135,-330.290365859689,18.9556028882868,164.003525634231,29.8425039452774,41.4956532857986,132.882083692371,89.0673267531441,131.76495942787,109.132013249405,97.6360577657297,113.152003059779,48.1793738362523,143.714692461443,14.3066151444207,144.356646911335,125.127820241722,20.1949103870852,-79.8480897180771,116.254650342074,-38.7509672984187
-906.835402744823,-1020.41172414889,1607.51979179349,-922.709268203325,-1153.0455189089,-583.917466465452,-771.443605914905,-985.038782190073,-321.657658542934,-807.068423050384,-1317.04988897911,-273.405496601131,-372.34153438693,-1076.33133587662,-700.844792388032,-562.570304222893,-347.233400251051,-706.742798977397,-569.848413746489,-564.013758101642,-582.111096237609,-469.740396021478,-746.550988884028,-189.686714507042,-830.879861428638,-570.978147681863,-290.308820188104,-712.453959959462,-421.052833294883,-379.55012412966,-463.11088687458,-557.120100646717,-771.971578234968,-110.070947670743,-355.52302669386,-463.97709449325,-593.324227501034,-722.167281689,-186.779025509932,-347.610246503301,-467.915969860536,-531.868293650387,-369.334582944818,-560.161098858459,-577.64559452911,-321.151033431809,-175.420042912886,-319.969284403167,-322.449431979279,-159.563063977431,-183.340553450031,-175.859898235753,-113.206671102408,-179.338037165806,-197.990451883285,-226.408486539305,-54.7746742232427,-238.924018647625,-5.09777311546471,-92.6203461413527,-239.585305966336,-330.571586936827,-79.5817644267666,-304.510471833793
-1126.00007954432,-1193.7209868765,2109.79422061264,-1084.6872176929,-1312.98002189901,-728.234379166177,-909.414315553995,-1125.14248869128,-442.883866002857,-820.763124027204,-1394.38241637325,-406.122126241035,-365.576751404062,-1016.81695581216,-774.384870352415,-361.353156132056,-351.841899736314,-456.093536978768,-122.074710880522,-338.661647975627,-11.4572315904367,-142.868975920752,-334.898348513605,138.857776915093,-375.123021275595,-276.256115220912,-140.343209218533,-422.776466916504,-346.017625630015,-258.671348846484,-386.46472581456,-575.018917093396,-840.043942609661,-113.673126491722,-346.548205187406,-474.690861028621,-662.477166669944,-813.401901434779,-224.594539726903,-377.53335708068,-514.249619319711,-627.928759248628,-416.033907663751,-618.868450131482,-632.056533730579,-457.542666483817,-352.831895626778,-434.882821370053,-459.548012347047,-278.890289025258,-303.790976474205,-303.292767880754,-213.023514500744,-298.675893695891,-339.587607507801,-304.841982437144,-142.661470468015,-332.656915828464,-88.8219527931796,-193.223011657049,-362.00059551687,-403.695114431681,-192.983854439246,-429.458175469362
-1157.41702760113,-1110.87792963189,2002.22194640427,-1023.49480662574,-1181.8877886334,-769.698570355281,-909.440165089699,-1050.74023102837,-544.940749521836,-782.163953625056,-1267.20882647206,-543.348438548366,-409.328394832502,-907.06924658036,-848.013219205607,-304.952207902492,-477.389692186598,-342.050373014064,45.8472095881889,-255.690083602202,186.625890399228,8.14092156195045,-23.9572605759422,15.4375902391043,-18.0678216942237,86.2940863256937,-102.619983267016,-46.1287217483253,-204.81372322005,-119.673486006817,-190.696237492296,-463.681091599718,-711.486232830703,-118.267616885047,-245.808482806936,-364.140923059368,-558.604408527075,-698.912452909007,-217.974879661004,-297.814437431314,-415.055614187521,-546.147605278946,-322.853565222151,-525.495234610527,-512.9889130617,-347.271087493779,-329.655510798147,-277.193459952491,-370.888047419128,-230.068810274317,-203.020446635223,-254.294675626567,-130.159628989379,-223.014205430015,-293.806279672021,-225.858122597082,-93.6350537747082,-293.257453941011,-80.6968932743256,-162.016376582656,-344.614159936703,-357.259443916218,-201.407427007473,-423.053120281194
-993.826735393196,-773.081276948157,1556.10501110444,-718.753603708658,-785.94221492003,-667.50057476065,-729.604513686287,-754.869405868947,-517.606983110441,-650.991403016101,-993.650866206269,-566.305855359637,-408.788669246233,-807.439680685059,-923.280753696296,-438.434707427504,-698.753497088673,-465.488250078337,-138.851808916938,-426.212465145105,-115.956036882757,-93.2641894217096,-56.2918414438636,-620.747135518061,67.7864116948799,242.129072125363,-235.743550007118,194.781965934353,-154.710796932195,-76.7226335838079,-26.3069308170984,-347.806212580524,-530.930131789302,-173.17166957453,-151.996004530414,-246.9613387676,-405.552223327868,-523.361538027906,-219.579811458113,-207.112580288256,-287.593268306359,-400.879606443244,-188.646903927687,-384.177779836737,-366.589848026356,-114.112117090496,-241.364230857667,-15.842501913229,-230.484167592596,-158.524992157941,44.0261137602221,-162.331941293138,93.7111459135296,-39.2514468930588,-170.47538361537,-118.741246822042,38.1621953911292,-214.617703190876,-3.8587473460486,-63.4715241228176,-259.099785473345,-279.784389480665,-133.272534260001,-357.548361129949
-728.473933451684,-354.411099775568,1273.47109193693,-297.044873299527,-306.380189286195,-433.951217939364,-399.585523404867,-306.673310888262,-292.826047170808,-380.730137978652,-644.250828730189,-415.153597805667,-264.092801291248,-654.729336182261,-992.374371574568,-683.742688049945,-911.975175827273,-757.728884270027,-573.947638071117,-753.598053442436,-784.147613208927,-348.826139975651,-389.967830230765,-1481.52319119815,-20.6405809491272,79.622724513697,-428.952507281426,242.930903385199,-216.870521962259,-114.595400891461,31.6200503642166,-261.001768740335,-376.866784226166,-253.151393437935,-116.046045067127,-172.426405422154,-276.776645098849,-391.534376104313,-231.736213766262,-164.727422123129,-188.338191232933,-274.432969212935,-88.2294784560065,-281.665144073045,-281.149665143823,86.0593930293545,-241.889020750249,174.026000187569,-189.591245091406,-211.819059617094,280.61533396036,-178.815540539521,329.041902576466,123.704038876152,-123.745613221548,-128.654067973514,152.591554955591,-202.461630639417,63.2884419116187,-2.1372026572802,-206.421254961545,-251.60388682156,-79.6617224775622,-323.833800412356
-537.071812824543,-120.847585550654,1237.33626198462,7.84997948856525,-22.2412439018666,-194.974730495955,-79.3916184327232,97.5384559291999,2.04768866237994,-71.0013167129355,-383.516653752878,-185.907149557067,-51.5156280673761,-442.021812944139,-986.925168554332,-927.531622059819,-988.178561249788,-944.429516131596,-1011.96297492066,-893.434471363659,-1327.27872527746,-543.179253554165,-593.017145899951,-1966.80195383592,-62.2584804699293,-118.974709653975,-503.318988683895,211.138134138388,-230.856919708498,-139.659874317674,37.0318236799361,-154.311069489041,-233.348646272511,-296.764995485122,-116.293008259048,-117.428545333136,-173.373987418608,-299.395980047686,-225.987130158654,-153.274053852587,-117.666442269131,-186.926333668834,-43.5267465557167,-235.71649240193,-251.765889119646,128.532237376824,-388.717536658329,192.676593222857,-300.918782654696,-443.389029338892,335.85066857174,-380.786168788918,402.095700757176,138.076273459415,-261.992247956062,-361.698214511759,122.159342835485,-358.135920025563,12.8545280257371,-99.1793797679976,-308.812409717203,-387.447059157571,-166.869889618108,-431.718701626108
-521.207686654984,-181.53317140486,1165.28301489253,63.8273014519882,-87.6715664941918,-99.3066961994028,54.6854560344777,233.82007588274,143.985081409834,75.3426184414495,-401.043685451706,-31.9373950332312,33.857419545918,-340.409126598281,-838.317425780553,-1121.47411076836,-837.231466684967,-859.958768734761,-1245.76634698697,-634.167069465215,-1315.77826268714,-488.952002174459,-403.945734120424,-1729.92064941029,10.1083621232839,-135.837716453411,-396.920831768688,147.375713269526,-159.862712928554,-140.167592899048,6.16703356810699,-83.4624567624922,-140.10618814413,-301.813023793037,-151.014498643366,-111.207551634593,-141.561917272402,-248.525409935422,-222.246320777985,-174.172990540197,-118.706990517569,-172.388906425613,-69.1751484346781,-252.924996422735,-265.949652479746,-22.6644247420108,-597.315899022323,29.6265965899173,-499.945235187954,-741.618754606904,145.704866678529,-673.071715297153,237.788961093726,-38.2665817885889,-533.493330467814,-731.525165202897,-89.6874869138312,-655.888769866246,-179.426489230212,-368.094456835257,-586.339932112636,-696.595004744269,-416.408386814038,-701.339295305433
-589.230097822013,-366.760942977082,932.788428700261,-12.7495318421924,-359.35414306782,-142.285596952195,21.179397286967,89.7648409627241,99.8684101085048,13.1181592831919,-653.225187736915,31.3714912344876,-43.1352181181092,-438.388550085161,-548.271982135733,-1194.05646292855,-475.594796908125,-597.479380371347,-1234.41371634187,-159.38777175572,-812.591135420298,-147.239815975554,-18.899333955246,-1009.34370180074,130.917870450852,-77.1664670678907,-192.263189313508,25.9916376555747,-124.593064200911,-160.625205851768,-95.9371953067466,-141.425856314772,-165.83084316438,-302.240703196054,-227.615187233349,-193.006787072624,-223.064949323415,-266.915908417963,-252.796818027554,-241.767207850494,-220.131417513599,-247.296760753994,-155.449610560832,-322.762449261842,-311.365570043884,-241.492108846451,-695.90244921206,-176.439844217307,-614.399890731037,-871.533177500252,-113.107040744459,-814.116767844851,1.66519432897026,-245.890187586014,-707.22284128738,-940.852967341838,-295.369550270224,-863.433453457848,-350.070635494633,-582.931246689681,-826.940652882525,-947.227908571261,-629.13057327098,-945.867918488465
-606.798054698129,-470.617800420148,675.773986313147,-42.3638753103854,-570.018284011886,-197.839984564571,-8.13509304912623,-128.661015480389,42.3597295513083,-77.2722188149942,-855.673640094004,102.515980338884,-93.5112277710119,-536.340893029816,-220.191255450597,-994.361931185387,-91.2782265804291,-321.184367842618,-977.388550777104,187.319590150022,-204.102138300599,303.644228715331,283.482212119687,-213.11433217446,270.498009718844,-33.0564414656247,12.5088938134226,-74.309690473654,-119.093904469948,-173.345181958853,-203.20063417746,-236.886447432185,-229.589654573297,-293.740710273125,-290.339936041906,-286.511706904571,-321.739293911298,-304.828530801577,-291.615526930673,-306.969300479495,-338.893685641159,-334.170632230383,-248.2161974817,-386.301222538665,-339.638878514026,-362.575860564222,-628.379431523878,-254.930788770218,-546.735982341043,-760.679750468522,-196.593023497183,-701.06899807661,-83.0274165482757,-273.405447846606,-626.668125786812,-836.015813525923,-275.060192078384,-797.55248408214,-315.5673184283,-481.329106307801,-790.916166285835,-935.590300321761,-567.691922375111,-961.817244792643
-605.426577368178,-518.584853364589,443.562492850552,-50.8933605779299,-632.176815584549,-242.130647010538,8.28282651151121,-267.017999884998,26.9050615988382,-84.4689838728471,-821.726519719398,159.644886491252,-47.4248370426146,-453.386758241385,-51.0073443565013,-587.822481278562,4.6846880925192,-207.424855046834,-592.826318850317,164.154557835383,109.135860282687,520.788928451302,368.87299637957,408.834394879399,386.37161411045,64.8445814094452,156.720945085805,-38.5093280170046,-0.518241995565217,-123.521800484746,-183.939005433038,-169.755961080715,-127.770730667302,-261.983437902996,-267.336580749896,-264.866225058333,-274.951244334715,-230.412928127801,-296.692454792474,-299.180439790164,-347.241501996074,-307.294380866949,-281.255971681548,-369.290135999991,-280.007786336248,-359.06690620151,-504.277041935789,-197.48182773599,-386.665347424391,-600.236742849045,-104.126512682082,-499.602203634232,-39.7504251339476,-124.347307089322,-403.963451402097,-606.525078289523,-81.189459532664,-564.011951742096,-142.21552066103,-115.210964963995,-516.149299581648,-756.637961917991,-263.104997025537,-782.414798534751
-692.306403886655,-640.401926536968,117.051310908265,-183.059517120213,-638.992551194556,-365.741920820421,-59.392668544148,-348.660146736937,-94.7429716328412,-127.06913110854,-625.929351652371,59.6665798210647,-106.398358870894,-311.901436318335,-159.874191270238,-339.612885554473,-344.789054689673,-408.343886274538,-413.19198564358,-267.616750090671,-107.525042140291,294.281049567745,204.613045548228,655.106712736704,363.13152767501,225.406892523706,181.959129903288,87.5462385501458,268.967450745722,-42.4031470423157,-18.4386970728181,104.75731629892,219.301070978988,-228.780849810662,-157.447491462066,-102.167689839197,-36.7636473811219,27.0579253258443,-266.790811651365,-205.550445517661,-202.207580748187,-113.423944591866,-215.771219359909,-236.713832015668,-97.4099368114615,-275.091589492233,-370.111465740831,-72.8246156165414,-203.160759684402,-495.183938932888,13.8932730605863,-331.771791557273,-25.1244163712936,67.053095408415,-184.979660448387,-428.492925645063,80.5640856464474,-332.439550979223,-46.5540012676336,222.361094408484,-209.283105695086,-563.920379760462,25.4784864257254,-551.341805871118
-835.064024360863,-820.835123692104,-300.653177135514,-427.372004441027,-649.148235040094,-541.317488311913,-229.336300387526,-415.63898749924,-331.218205679674,-267.918339430836,-383.474631273983,-160.941376280672,-323.51866417167,-241.204822686562,-366.366736035673,-333.238291622232,-885.092562315789,-725.5475898591,-463.032155221339,-788.02951046597,-572.599892440843,-187.534053131285,-14.5065233634449,574.240356488608,176.871625271497,437.488436396397,56.4235015913269,170.381383772722,610.626883725703,-6.72862703680529,198.952579876001,454.644592751992,655.607114554638,-224.78645668157,-21.2101593301374,125.353073503441,290.498283137995,375.741510090332,-226.080768248892,-60.4172453016439,36.5735561819126,179.432494942819,-65.3152092844625,-21.450439667468,153.03306795706,-114.868436204347,-161.334883339582,117.535641845084,57.2725905260768,-323.004182295247,121.949160181323,-111.061897662258,-53.8721310232104,240.023017862346,52.1848795506826,-234.781320871723,126.102602003348,-98.8182239776388,-118.009516831979,327.723136954905,38.0066479510186,-336.99504584584,83.604994647423,-311.691449003212
-880.81723946127,-940.440630868629,-622.368473700719,-603.623837830515,-622.15613168177,-575.570908223531,-303.824850992986,-398.200627031625,-406.520411333598,-293.922415261149,-86.2308515217362,-210.563700662184,-348.802413438158,-69.7879577611055,-278.190445932388,-42.8006667841019,-1123.77240681945,-545.276906281934,-110.069591348097,-828.243292225592,-433.261013830989,-510.326026791032,133.590522925195,770.93635207551,6.69698476106695,862.828962053208,-169.888858102341,213.926377067906,1013.31107200493,-32.6718261207046,410.153531949445,779.611789303398,983.679486546148,-252.140050349327,88.4181715990146,355.768881567528,588.32603242732,667.927908338596,-190.094672216937,104.16942638065,286.725219646793,458.058126797944,113.835510793725,206.824681224841,366.103771637372,100.407623111789,96.7796228132818,357.113358399793,377.568188899149,-36.9612384001115,247.878373405262,205.071863987701,-65.4487699392535,360.899102105605,318.725027984873,13.082211439284,60.9396611021303,160.810383850255,-299.390381385734,173.591610267337,234.104961851442,-67.2434162037855,-145.797615659142,-74.7750907632798
-733.975801920859,-924.86172333081,-772.180918017947,-585.841245120361,-510.574609093347,-353.162687489047,-139.541726383998,-215.174132646813,-139.041762253433,-3.32200626837073,286.446813395627,96.2970900352046,88.1333380384483,395.396309539912,288.671039929537,969.607777151376,-819.504477271008,471.827188405697,1141.95322550604,-157.19026483865,810.498176364517,-436.675857160285,835.451148489122,1756.17876783184,96.1759853725179,1594.17210352854,-340.174165253351,366.175201506943,1495.61190558266,-40.3095358323912,637.17594066802,1081.69080546592,1173.94721169389,-265.942058233736,180.805419796485,590.694597708439,824.986466058381,874.982853235572,-136.674985892546,281.147439445756,508.73691613145,674.874430241981,281.162442376338,418.042297648248,509.069413693338,294.793362784246,328.77464851634,543.819198007159,666.115172587059,268.661803512398,343.021038183845,534.80231612588,-53.5270532362286,390.141296662157,548.590737466781,226.725500105431,-68.1732466334164,395.051316102498,-448.235880438601,-100.472804464663,378.431796802115,161.630564988778,-518.222670280332,113.3766927953
-465.778209177872,-769.581749640885,-886.328631510996,-441.753090666813,-306.38616092935,-21.7576245202677,121.255220719761,80.9106517206255,256.590520897675,455.843297949499,686.741742291793,557.44572682404,722.912326489654,1013.99931623028,1057.9470595961,2316.46564560364,-186.703500803523,1794.19237026605,2780.45262051745,797.317149177196,2406.1156883664,-38.1605997646295,1699.40039002043,2950.34478393786,529.041432374712,2281.18258315895,-266.244690886469,700.487877768038,1862.04662044345,82.1359264792848,869.390403146394,1311.21972982555,1289.34978307963,-196.588412080847,305.625203527673,814.643630783231,1006.29119140067,1056.56127840208,-20.8723785031624,465.098564390987,701.920121743973,853.618596939485,450.942334011169,634.515233261759,646.486801587613,377.745852999344,592.507120072918,523.491690109229,915.423389501465,589.622196923786,301.233547432598,848.395880619641,-27.3303156146634,330.951920073879,742.19349618535,435.814180217373,-121.416438792029,606.340461048393,-386.164111544086,-221.673790300425,497.306543473502,348.703348278794,-706.448923474908,253.940500320031
-220.872847294725,-490.058909584681,-1051.09400484048,-293.618356868826,8.06558668355307,185.05521831341,261.841341400138,395.065407370961,478.066753668997,803.636439512364,1107.9452782526,857.168308480781,1132.39118711527,1521.80590604141,1642.6907069339,3263.59947168458,438.464254658634,2628.7820152025,3843.66928823198,1486.34472296579,3180.67829851014,480.752550961024,2211.35194894937,3295.98664262948,1136.93844131645,2502.53559407288,83.1285547304,1120.07959125225,1877.05679845544,364.495514230462,1059.53842753106,1390.03586726911,1372.37713938853,-7.59914296071555,500.606108289491,988.855055408915,1145.61659573056,1248.27472138919,180.170649208,654.336037302897,893.928089131607,1037.2195125587,670.51470519028,887.947745054554,850.927276739097,313.814197235687,969.386954059529,203.508423752631,1141.94581758367,1000.0618604267,88.4953852808868,1174.80191650425,11.9004256297766,224.126588637298,940.90698249263,791.491996248584,19.730322403628,859.024627902661,-65.8225116009343,-6.76096925324443,665.054369605687,579.766100151651,-457.434511661616,416.162336243436
24.9922073379657,-58.5768968715468,-1176.13045368993,-77.1384482426032,457.477790827039,277.363892134793,345.004027267235,743.003064634137,559.268877810297,1023.18979856114,1582.99472749872,987.273400825896,1285.21202111469,1867.64101239898,1989.98536694921,3646.40595376252,925.829400078493,2900.73658626439,4071.91614221616,1846.19131888167,3078.55622005749,929.336960472636,2362.14960575913,2822.75837835669,1619.30234237196,2378.43510460505,518.145268802334,1461.28612556,1692.12379553619,698.655624967741,1213.87536368883,1396.64015450231,1473.01528659457,255.966743625783,749.145772551461,1129.55074756323,1291.16667682064,1450.14076059182,435.56744275382,858.424709914156,1107.6958181689,1245.66494985431,938.980766586062,1168.51370855964,1118.38783722317,224.397706017937,1364.63291843143,-195.720328173991,1303.13062377767,1450.41046320317,-97.3230940254987,1495.34855827617,90.8593821949457,216.774809435595,1143.13167697854,1300.00211164454,345.317114478299,1182.384595443,392.030899270452,504.622793926625,953.349869467094,894.564542148704,187.457779075092,690.780599003811
454.151948785003,555.86857647222,-1204.16856390319,364.370554283489,966.856559868378,465.593971074326,590.073503945076,1133.71355050186,728.224164820587,1245.24234884578,1992.95868848806,1150.30273861887,1392.07820919691,2081.27337556755,2216.08813106057,3729.43659461642,1267.46435552147,2985.48098186532,3851.72788329413,2068.16974291291,2863.58936901518,1198.19293192292,2403.44714537867,2411.86733563045,1773.00169492312,2220.16238291672,820.132119149959,1565.31921274533,1566.32859107012,902.537286402596,1289.28486900703,1405.71681509451,1558.38569246085,465.452565459001,925.215238904993,1214.49697627675,1403.69991137346,1578.83952467285,633.36333011956,1009.46951913339,1261.00849812867,1395.87797380074,1130.63614721735,1359.95562096076,1317.27773287655,289.183581965691,1585.11143879089,-227.987831047618,1364.84111760974,1749.11489352115,-3.1889596671819,1730.19881040089,224.537685400212,464.857169653401,1309.41152615585,1751.71960634903,739.94962561711,1517.39268756823,817.206558289174,1113.2789307761,1345.74952588673,1242.43507775134,941.831837439366,1101.55619428416
1061.48398990377,1231.90884188543,-1222.65613412414,952.988295041135,1366.33386792533,797.426919859662,985.975595866569,1439.56217497611,1018.31703187538,1455.23549992594,2131.65456500023,1392.38471719185,1521.21806482239,2101.067640567,2319.05345806774,3591.37068162567,1485.24849082979,2929.60519720029,3463.11219096095,2163.57777891671,2782.47818700529,1347.20181050045,2328.986395269,2326.54739117062,1650.48979064015,1974.21580461956,956.573535589961,1390.53244197918,1393.92623555668,901.1205284644,1167.72883300496,1296.55898655284,1468.46554400221,530.059007687433,896.562676178753,1133.82064868558,1326.36890462384,1492.53078749667,663.615435503779,982.613237600072,1214.39775837634,1342.58322758741,1105.54663468245,1318.14900861277,1282.32054744913,449.574703320344,1543.11818684128,163.71433190596,1310.64324285035,1761.77516885269,243.135196793903,1790.21186164861,281.790129961542,781.991650743326,1365.09883184243,1930.94278058294,957.315803315987,1714.06050180702,977.278280734851,1480.34565500837,1657.84108958666,1495.49416606051,1413.20380452152,1493.77365746804
1558.94890512209,1710.0599124269,-1278.88506378793,1400.69568237541,1553.67530036525,1057.9141504558,1303.42241670113,1557.05383831511,1236.10792364954,1566.7309845225,2011.19568882175,1540.20939454716,1601.24787435615,1943.04327886686,2285.05290627952,3216.65360743638,1649.60875673353,2627.3977315146,3013.20460036258,2079.80102928613,2580.51777728891,1469.50698314456,2051.13494408162,2178.09889009942,1454.00806708645,1557.41271153397,1024.60308313038,1112.8195107819,1044.3940935234,806.149642778248,892.278571658595,1015.73324335709,1169.79230240274,506.07222969822,727.572030817258,897.384965448634,1045.34839364808,1207.3025744115,567.591299582983,795.330417197602,994.370754703516,1097.5630316835,916.500085562963,1084.6618825773,1039.77236770286,431.545228759851,1311.12616189031,473.453583787352,1098.00815960847,1565.91542451437,230.57264400813,1643.64788950033,88.2820880300188,726.501201463511,1243.48583680577,1808.67320801355,718.854530712351,1643.41874323594,664.425889366724,1231.56715492175,1638.76847700686,1536.41280446046,1279.10241718324,1627.86010938006
1752.25556697738,1879.85087866637,-1290.3589853031,1572.36825420259,1593.83121387618,1079.28728812114,1409.04254647897,1565.00091276723,1221.8586527394,1577.16073995941,1868.40511918048,1432.93833516971,1565.50919431809,1784.00409664635,2151.00119173348,2766.2217606579,1753.47159901618,2228.18873785168,2644.38036344718,1883.46040211169,2227.87169049475,1479.011845712,1675.13151577393,1845.70828485108,1280.74345878899,1160.78491201783,1049.35321346418,933.517847590595,719.278752916029,750.498784140915,671.696052555065,750.748767817162,873.35174713149,500.381588914114,606.694177918321,687.870144675144,774.219355572133,940.326531261868,495.320068116555,622.891015454828,799.917174033357,866.510503350702,766.178296082531,881.724005855039,822.98097785039,139.635580875941,1015.07182848133,314.350505484973,708.260286734009,1322.03184931694,-146.285813427077,1301.19523665869,-279.717338748987,163.313574654358,917.944681209683,1477.6976484128,51.0638781545682,1300.57176150696,26.8549395811078,317.73153289641,1205.65462226304,1355.0597405349,577.442840660195,1417.66719097681
1747.42590291229,1875.8874629624,-1226.284784278,1568.22891941667,1601.29955992522,955.379957595432,1341.39976873051,1568.55509728583,1009.49972498233,1484.83848400938,1829.2189599077,1113.87645216553,1370.15171777685,1720.58275716206,1886.26603559969,2352.99340513999,1681.88539677917,1862.49789268102,2333.34977244447,1621.54029559204,1822.48358423645,1273.66200089069,1286.28454989886,1469.45496032693,1087.61521404969,869.516839351316,980.868296609563,840.778503325178,562.375170204737,733.309157244045,577.007830034826,622.53279774757,734.255197534856,524.281179705329,581.303787301976,594.565814334911,644.784999945039,815.911756175469,502.663851470038,555.904794561247,713.607547850919,763.55563546371,730.834492807643,813.6026678164,763.696918846672,-219.09952936814,669.625952857738,-123.925000418388,204.764871176972,992.694492474832,-568.790245960847,723.814480583931,-554.492655966154,-580.707415476467,357.325256733633,931.701015755077,-636.480427886746,719.234826248279,-493.283386731914,-789.176407611708,453.267275077669,964.340130537128,-228.637896484275,915.567927507466
1657.55899414838,1775.70839723062,-1177.77361575526,1444.55319822122,1537.50460991449,827.436529812071,1138.34530935075,1486.77441806131,714.218216368395,1216.90931157003,1714.97713478829,741.412010470343,993.849310615166,1583.37510012915,1429.68407739878,1848.23848574672,1385.73327205744,1407.38674780922,1809.3417085128,1232.86305662688,1278.11163164366,910.079452672353,810.431480783611,983.570559524036,807.05875952823,487.6450414996,796.72508150548,665.361073252299,364.523067355613,646.05802766311,447.77907409826,459.615958326114,596.518474945107,490.389714469515,511.542363919305,471.385745913331,500.271747075534,667.992545339717,479.129252008355,475.960381957774,573.683255709252,632.798374359524,653.219558835872,712.929512357736,698.921988086033,-441.2114640466,194.893177917359,-452.569392189211,-301.893018397355,392.27839070742,-753.976985912045,-88.5958282431807,-616.652226367362,-1100.79896751535,-412.609051233806,110.02195606558,-963.54904806827,-61.0433910866252,-680.480070711115,-1472.7346583277,-477.562631148881,340.243744155128,-683.338008335397,182.179923332072
1447.04062371339,1514.15376387381,-1162.9804654084,1174.12182190277,1300.97627767648,679.960913627855,835.276117803726,1211.48725919382,406.13793553812,809.26811589478,1318.95281108836,404.112702548625,523.191643976934,1181.12655527932,855.100735865559,1158.87860461893,957.540868227251,805.726252877001,970.32378946417,720.288962453461,597.127074997229,469.971080333397,255.515664016825,333.189685710439,407.704452871606,-66.2091894501179,511.36293625629,312.059141607893,-48.494141974341,410.243856146667,152.707264506205,84.1842362074526,227.569462238015,333.95846407924,290.513365612201,173.974616680066,152.539442583701,290.642870867762,317.73685258627,250.757325791781,239.565712644154,296.689863537526,387.425009792105,408.539148524375,431.459363985791,-534.197721829208,-306.423242854915,-555.294244142937,-689.617831219344,-375.434078595293,-709.228621098694,-862.930254129661,-542.872613892687,-1222.58646947797,-1139.86967871091,-757.490464105638,-916.656052225803,-811.482097708115,-659.658863958167,-1500.46861808128,-1286.7057774583,-367.964052317828,-716.570501736021,-567.080891444996
1174.33422085088,1174.90972386733,-1069.95857263694,884.226614308106,1000.07470177202,490.529433694297,587.671338786624,883.254979960654,167.378798509475,502.989929409671,784.659114737043,140.853662039793,167.107888554491,648.028533402066,359.694348874183,465.053779605451,551.060678980807,254.418715290269,131.734374501615,241.564015151912,53.9564399748905,-1.52690119470369,-197.714580003845,-197.000336965945,-56.0061188314245,-559.062593272304,170.10276121773,-128.030389021473,-487.837735620036,83.183688363588,-216.992606525234,-368.367373845635,-299.952404871702,102.786250354511,-12.2093490094791,-203.659051302053,-301.192766842286,-226.135740262945,66.2646722527608,-62.7601193421523,-175.29655126847,-153.979874012231,18.9544503355556,-4.86827575689583,35.0643101125844,-610.845722061031,-529.483751330576,-590.554867766912,-848.060670230538,-857.50083233188,-585.519847139722,-1187.96606825637,-424.751267876155,-1035.23066180148,-1440.88321189209,-1210.56858810235,-723.006873171199,-1172.94855882638,-562.825508173412,-1092.96976910941,-1531.17845413888,-820.887560493541,-505.997731313601,-945.169923363508
1011.58244231829,977.146545812785,-881.463464576266,770.126281183958,851.783986235666,327.858387258122,524.659095776864,723.693141399692,72.9081951257706,447.208159828252,445.313018490852,-18.2683472712354,46.8138830219755,282.3261405581,14.0803485004896,-37.0976237594712,248.553264863366,-140.507841517442,-381.620375274638,-123.477427873436,-229.123008638149,-442.861876829,-502.182656147864,-371.174250612755,-484.300026469381,-807.852067707283,-163.14689709905,-511.958971394688,-700.001685911259,-218.343431116186,-494.001626083666,-637.195578549853,-691.272874495195,-107.12307335578,-267.821274591724,-468.156622507108,-609.19966224971,-603.312473086465,-162.234641520818,-316.496696872365,-463.454392559553,-479.848402331243,-271.467191643443,-312.293150298469,-269.222341714075,-720.52445774517,-388.021749037186,-726.27699634341,-783.585967501905,-838.530036593524,-502.50983441697,-1011.1779525852,-320.81408409757,-758.654121804627,-1227.5087033326,-1154.13838726072,-555.155041209525,-1087.8383464826,-425.304399296356,-604.693695020171,-1136.80991951812,-897.745296147909,-199.700516747762,-818.028860364887
951.86317819576,925.580549146485,-734.819302881256,765.824477910015,836.303232033495,198.822891513062,528.434973963164,676.561300409163,41.331197666801,460.520667434064,345.857761083192,-154.950055154062,22.6436226289039,115.047039190296,-356.419431532827,-431.976655619101,-21.2576798417394,-580.233375839523,-668.985918099297,-524.325373374238,-536.455855872809,-822.73310015497,-863.941308790203,-469.434340109769,-846.296305623648,-963.341200657493,-455.312212005523,-797.197528009093,-752.052070368086,-452.445884876658,-649.013771157991,-706.432111364831,-832.008485057206,-261.437262543689,-438.104603844329,-587.466473709521,-705.674361914967,-732.516256806798,-325.274361964946,-462.897764931689,-583.704856599341,-596.886617551991,-433.214078337383,-450.860114662095,-404.936713527278,-808.540184779768,-166.66620109248,-924.409588494153,-674.902850043734,-609.769688819014,-478.672864679591,-734.790192015862,-271.513213576273,-541.14780076488,-862.498212370535,-987.24783627022,-429.965529148303,-876.021851965149,-296.750562867765,-245.204690870412,-593.7007085404,-798.826300828202,114.465321559387,-473.124169787999
801.202784445264,789.433947605804,-662.074724754879,607.747475736895,713.795499377426,11.923082738529,370.033032983776,484.64683806411,-113.294237542607,265.622271909506,219.093067751803,-421.373895369895,-148.085702724446,-86.0065060924426,-900.860108795969,-898.418913379969,-361.159809992107,-1208.98850895759,-1046.45075233229,-1056.304742208,-1106.4537740202,-1152.74486863441,-1378.51547439137,-953.139431774582,-1162.29121699696,-1250.35837361533,-712.407301940867,-1011.76578004009,-927.016855880546,-645.10608461062,-782.637523364515,-796.203462218858,-890.890369472568,-393.625236278605,-570.728682588935,-688.15008757474,-750.251003355411,-758.922349824703,-447.484929112361,-564.427779006175,-655.567813302849,-630.119629466702,-542.452898343144,-519.401638174359,-472.316144955652,-810.174348368894,-154.199273120515,-1008.89906266245,-733.783966559838,-486.761346731461,-454.6655050051,-717.336558695404,-272.628060530739,-393.982463888296,-726.062506717354,-1013.48492059146,-305.586281614497,-790.940771670421,-222.901874017855,-42.6367577827756,-368.328856050607,-684.553156573758,334.995142785323,-265.179891985892
475.569370159456,435.891440237788,-518.420448818953,203.053549547108,356.963977763564,-260.178158514947,1.62679013846187,57.0631364130109,-442.826586041042,-178.590979398346,-106.735387885684,-809.357765214037,-523.278887488401,-446.177765040422,-1454.00089497477,-1366.74871140492,-686.038568810146,-1782.721924753,-1553.43603850684,-1493.93138930497,-1711.93167454264,-1383.51148780388,-1798.86658466856,-1735.63118420834,-1398.0703076154,-1603.8616018375,-926.70591984396,-1175.04928642134,-1304.06432873973,-812.325084833812,-962.268964709612,-1031.88024606598,-1029.46737405374,-527.37363097846,-709.655104004549,-850.300204775052,-875.09846236812,-843.1448086088,-556.776579895718,-681.385030884687,-773.713022278647,-713.976924023219,-670.233885545534,-614.116405218804,-577.612579115785,-753.824430182871,-370.245296769161,-956.327737012012,-1023.43040591835,-450.540439740521,-407.559590766297,-911.45369943093,-301.347066752091,-317.333870214215,-830.055136664083,-1123.85266788673,-200.56710198627,-821.511234557003,-200.692801558283,28.2247072425092,-476.99428609642,-595.460610415196,377.177276974107,-364.866378819411
68.7454469061373,-42.6665883039478,-281.610044288004,-306.674692631208,-131.649756701584,-542.300234901374,-440.366680804261,-459.57312139292,-818.174160303353,-699.849031887285,-542.520779161271,-1137.82597669227,-950.219215514918,-862.390849819797,-1714.49970675678,-1600.48859097532,-789.861744261484,-1968.09840903565,-1894.41486750097,-1565.24851809018,-1942.91630813517,-1402.99371416437,-1864.00358902057,-2199.14576794977,-1473.81622622983,-1771.34412500068,-1050.36992868981,-1282.56880858808,-1626.19687724599,-937.029902399208,-1134.28789007756,-1282.12435317885,-1208.43463853888,-637.098804194226,-839.473314888086,-1017.34814002063,-1040.48475516977,-993.414884017964,-652.158369039487,-806.319197172236,-923.268576847196,-858.053631266106,-821.734712789166,-747.383102925821,-742.220504755095,-725.286352104729,-666.632490552437,-933.323563472243,-1403.79042713545,-396.959392831974,-412.93101271432,-1084.49357928795,-383.430142274205,-377.813755653803,-999.507021354418,-1111.03962408516,-220.444276815554,-911.835934414114,-266.137553661118,-63.5100902130458,-758.202089993743,-609.654378852491,209.205781541481,-742.031716565848
-328.504529072784,-493.313812890415,-121.774810742963,-768.684528601738,-586.586765449072,-777.845804428843,-832.195833802002,-898.224818762871,-1108.43208849811,-1131.71515510927,-931.185545826653,-1293.83924386343,-1271.76111030388,-1200.76176978402,-1644.97743487938,-1541.39723395674,-655.995384626357,-1792.28771110916,-1849.39043487562,-1347.71952665681,-1738.62392576032,-1191.02221660988,-1671.58130144784,-2066.71855057218,-1377.66497636858,-1717.23986903174,-1041.38288986207,-1318.78099559193,-1693.76314744238,-993.723179959962,-1219.38129911565,-1388.64627482258,-1333.83518561513,-689.764052469797,-917.420324878844,-1118.19274596477,-1160.33138824909,-1150.64984975144,-713.238750036427,-897.30596965744,-1051.17028217544,-1010.53544826624,-955.816711222086,-881.629701788192,-939.713285682928,-722.626729016838,-895.908187701255,-979.309122889399,-1612.68795709278,-399.184570109864,-514.285498608269,-1162.08594674742,-533.895993989336,-579.636268231564,-1163.16387001888,-982.634738402654,-418.481039509642,-1046.70170561572,-465.151777694715,-337.332417453197,-1113.37975102035,-717.575970808448,-156.63182113029,-1135.02778949634
-658.650704267683,-808.380370833998,5.17111458702341,-1096.94275062477,-902.431182253147,-942.616516629478,-1108.17222562064,-1177.4866966198,-1261.96113157008,-1391.99590093812,-1195.00471609208,-1301.66668665663,-1428.21479050615,-1417.74926884432,-1461.35651560492,-1347.57020609505,-492.348755371601,-1542.24236206855,-1554.56625631223,-1128.27011514114,-1432.34541470112,-879.21871711237,-1510.14950946956,-1776.12692347699,-1190.15468894628,-1645.44609397138,-910.553470393184,-1265.42780304439,-1638.3978075054,-965.469753559277,-1212.99493767421,-1391.18117624212,-1411.00118140331,-674.417570612506,-924.203046733685,-1158.13468826891,-1229.06664807491,-1289.95892215994,-718.552550775666,-931.297385975219,-1127.84110276374,-1132.91587662362,-1024.8153880476,-968.032371522374,-1119.95376133613,-643.260622675211,-977.608375520905,-922.075686335665,-1475.2115304951,-546.443884840382,-594.258579753644,-1176.29435177761,-639.484642690604,-754.009687169058,-1263.69373405119,-871.369344025766,-641.356060529797,-1112.69781282136,-668.450152270611,-658.806152568892,-1360.93348492148,-733.44228817073,-602.355667182185,-1206.86928426083
-847.598253843626,-943.897583079676,486.483206380729,-1245.38060232633,-1064.2772004696,-993.014077127028,-1228.0562238411,-1300.59777262989,-1271.09335420029,-1479.98226212116,-1355.14585371344,-1201.76023513675,-1434.5747624367,-1543.24006541549,-1303.98008680656,-1168.17043053852,-466.544730277762,-1387.7797649647,-1324.73883979181,-1043.3764832448,-1332.86492445314,-649.601389399917,-1469.66645687142,-1750.69693994922,-995.513793583517,-1619.53120960084,-725.716327421899,-1115.6832502451,-1605.2603630914,-855.360329817432,-1138.96881564154,-1385.39618720678,-1472.73194064127,-599.384087348698,-865.764389491365,-1150.71297646968,-1265.58570608158,-1389.77668704499,-667.055383128108,-911.624929479693,-1142.50706664784,-1196.47374794471,-1021.50062966146,-977.018314413517,-1216.73958139247,-456.125191964554,-935.900736658253,-686.386652261007,-1096.21166937913,-740.97735253648,-517.862229822976,-1091.78933070065,-568.058037760777,-721.374491782407,-1152.21466783495,-803.965336680971,-670.211279445649,-947.925083524247,-672.319777285544,-805.332712788751,-1262.28028646932,-560.558127430271,-894.993115866605,-888.00561288741
-896.087778613641,-962.565738231808,1456.04455979313,-1259.21244974452,-1157.26193903422,-940.819896227232,-1238.25316870199,-1364.31123235119,-1204.30873551624,-1493.10413192276,-1502.42637550895,-1051.46438692816,-1386.63139161346,-1645.21632602859,-1168.6370417923,-1058.73785488049,-594.307897325593,-1323.29114942108,-1317.68420087751,-1068.25668029785,-1449.31813524246,-622.669092574322,-1449.39497715672,-1859.83151757347,-844.166516999421,-1514.66075011077,-586.498258846022,-914.115989417874,-1501.1519412047,-712.728865066816,-1007.14341021099,-1338.01721824342,-1488.61949267184,-506.955463203259,-770.648993604453,-1076.95320091391,-1246.67620608624,-1408.3132044903,-599.261660551466,-856.735287584659,-1098.74942302857,-1186.82202985163,-979.38670596098,-925.203938466384,-1198.11420457924,-258.418733129379,-864.327578740496,-404.972170729209,-748.614784099465,-829.696327581409,-333.332406877175,-899.327688920356,-377.566238745619,-512.740302594464,-812.832338835919,-707.591905615313,-506.578548468544,-595.222602792304,-501.70677400324,-705.476460588751,-839.850082564054,-332.011905726879,-886.056747865136,-432.465289703331
-886.113126776754,-950.408085002075,2357.06028845822,-1224.21245946785,-1231.28099604725,-874.615399678765,-1228.52216166757,-1426.16858835117,-1163.61317036327,-1504.85752616422,-1632.75719447043,-936.267671874393,-1375.12084870633,-1710.73786109033,-1047.29578212462,-1008.34136988967,-811.759646726434,-1302.07563231069,-1431.89713006446,-1150.85597770487,-1627.51410980888,-780.471162822555,-1409.27917057617,-1846.69570110235,-764.71273352929,-1332.82921113502,-543.057389773221,-743.052179451152,-1252.62350758301,-600.486978403661,-845.167978107169,-1184.03388652213,-1404.31505026423,-442.581656658559,-673.112957169262,-938.268281049052,-1145.06621503677,-1320.64806374419,-551.049960923145,-777.47245006183,-1003.2321599673,-1108.00274080321,-903.67695324102,-839.140329243655,-1086.24658168945,-150.013572170827,-799.553185228246,-188.245948819977,-553.191943457882,-807.547574185226,-200.640834836099,-701.885036193874,-253.219833642518,-314.246244136805,-468.694095297452,-565.005467604393,-354.049578229524,-293.377506525117,-361.580282069126,-512.216396525038,-407.000774762621,-184.151184847727,-686.343312899194,-112.017506711161
-820.088390872907,-850.57333306252,2526.01358622495,-1105.05410162447,-1144.63935063326,-809.428355553062,-1164.82536281257,-1352.01118389384,-1121.23842764873,-1421.04033572677,-1543.85346942868,-848.608834624656,-1333.92694856706,-1591.89896519307,-929.046243541495,-949.831224710219,-1009.52473214918,-1257.07156789825,-1491.95440490041,-1210.47335089916,-1762.29698381149,-987.255462618469,-1389.52906432945,-1736.64474970114,-752.159768623413,-1228.4594813098,-545.296986427546,-640.245820160229,-989.833739151251,-522.807385881458,-690.829931458182,-950.921901734984,-1202.60188254123,-393.55817521284,-569.74180258217,-767.070228936453,-962.00033751789,-1135.58213786716,-493.811774962304,-657.304510027665,-849.543304083579,-960.529507739383,-755.555178121369,-705.549984706446,-915.349987713583,-156.820405303384,-689.136188849044,-29.8508240136107,-401.984679699668,-757.338527406336,-187.732660455827,-561.312245498985,-256.893937714231,-236.258549569407,-288.534569035368,-424.362089082849,-325.876276772675,-178.173550194388,-321.199996803969,-384.734898813471,-188.351271538499,-105.377089790767,-504.151720914182,27.1558070321364
-638.776807528956,-566.267187966762,2048.02345580242,-817.052637948041,-756.749427277777,-679.017563885426,-950.162085155443,-1001.72034647511,-969.671039297752,-1139.41603512003,-1108.16702596331,-715.538522000011,-1146.6480133814,-1238.30841624376,-793.004009584203,-862.585240484845,-1084.88426183901,-1146.52723117536,-1487.49356578722,-1161.45260877573,-1798.74430910256,-1117.32187302322,-1371.36265700747,-1625.06316489628,-778.963358179571,-1261.0544553289,-545.478985505922,-612.357655872593,-874.808788382532,-474.585182106476,-592.669534501569,-735.229679399914,-939.500849523756,-347.5405825663,-467.943488782102,-615.819163342107,-745.504871036657,-909.985718569577,-415.167276596533,-515.412972320876,-664.68987907555,-770.417069933146,-552.630570019164,-526.116381973529,-730.90654865857,-247.439403170387,-528.916776392668,47.9285192725554,-221.207256495449,-709.023677174256,-254.201984625731,-448.410546283999,-294.540877115746,-253.243997898125,-227.725982750897,-336.474567343088,-348.290157131939,-209.865798631169,-280.075099570419,-318.680515863577,-142.221934184064,-90.4932408450967,-390.699125536003,64.6479078623776
-398.711427195269,-202.959189210791,1592.79646045813,-442.734191081026,-225.941947561822,-495.971283975256,-631.215726416573,-495.339516363065,-719.1842813892,-754.03180872979,-540.864728955365,-544.75210838774,-856.377190960587,-841.614563965044,-660.688396858906,-800.349538606545,-991.930796431548,-998.795308005093,-1487.90549290706,-958.968546511501,-1593.42679023916,-1069.76041609709,-1219.38061329054,-1393.96942187478,-779.82689291051,-1291.93877264176,-554.294665350012,-671.488412462457,-902.387383641421,-492.470383277854,-602.932167515672,-624.173763025791,-735.369091276409,-352.163980965494,-436.26824784005,-548.693775164769,-594.594122892101,-741.131921299417,-383.313632611946,-440.601687365171,-536.773585466424,-623.137458416306,-405.379188044523,-378.463651585482,-608.450686113372,-381.450624917278,-425.611007951828,-50.021824584772,-121.269324924345,-652.758781222722,-389.101496392525,-373.623454282286,-326.149828707977,-314.889777818097,-217.523918251853,-327.528836914398,-353.91505024303,-323.746834054696,-208.851632094991,-267.543929517727,-172.588003131201,-203.830199639407,-308.624964710781,11.5432481901942
-222.776300002035,30.0148962144247,1496.6177506886,-151.338014661312,146.119683184371,-328.455670754399,-335.749771297385,-62.8303395564329,-456.861850114356,-400.315473569757,-144.533608107415,-374.676261239429,-563.967485128935,-553.915490444904,-534.313300406433,-690.193251207733,-715.026968314642,-795.428972182134,-1312.98147970596,-594.378498133586,-968.636632647532,-756.611857305896,-809.703935844522,-803.944891386589,-653.839349138079,-1118.47650982728,-546.736038130456,-760.777104518967,-875.019182408234,-556.783958571504,-674.518379275654,-590.362321675348,-644.051144189692,-413.498275620354,-487.956080716227,-556.446235631444,-547.208382968555,-659.506857837222,-418.078204580378,-456.97835039679,-507.76698640711,-567.210152120295,-373.565968933679,-323.318365904481,-573.468105857616,-523.786514723417,-431.930199227282,-312.198955465514,-174.144794893813,-570.82752577495,-593.80296659756,-346.494172885092,-404.170019257205,-369.776419839367,-226.724911192879,-329.895915592457,-362.272456194765,-406.074303845603,-183.421903446875,-245.375558907016,-221.918150837514,-363.834153925101,-280.412362940134,-115.929087520242
-130.324157040287,87.6510345848716,1478.49745123585,22.0812783253297,259.251490400059,-183.904581323561,-95.7888107635925,223.300397856385,-222.334092802328,-78.8617309928127,45.909298544303,-212.747291162775,-269.397820754415,-285.218430437113,-397.580380988413,-373.823693059457,-346.788174585521,-502.834645374254,-713.30539358525,-188.36761171652,-92.9930511928695,-300.188156335261,-293.769438233677,79.3532252805482,-433.772883360269,-740.265791474689,-501.353416036081,-783.295907959115,-631.890165215372,-591.136248919884,-674.409862208173,-505.184053434463,-559.8731154908,-464.784687666692,-528.413751943861,-537.283165640933,-505.470885384895,-565.741769428191,-440.770579873096,-466.81413904803,-495.805783699904,-522.992385772322,-373.628261360056,-301.934452099131,-536.863516624648,-579.852847853266,-454.502227759678,-516.165380812199,-257.514336016528,-448.879182323546,-739.584527427479,-301.600531082062,-493.108159976262,-363.301130346679,-195.884107292357,-250.714590656164,-381.604770939654,-332.064177771085,-215.663478270081,-253.454190868492,-213.798772454533,-371.267546589765,-316.605248601833,-196.35629672868
-83.7728493411155,57.5606375448328,1257.65037458083,121.408199758742,197.226444759826,-68.1794633418076,88.6190219656568,362.19942768697,-61.8385581960184,189.365265235463,132.841047266188,-122.668040377931,-1.60894267106947,28.5896814155483,-332.103434280635,29.5187447688917,-135.470742595194,-255.391639655943,40.8242312344187,3.35531565457142,470.807428009396,-52.5088423764916,-40.9811691684355,748.43774243284,-347.155764408722,-388.978249785702,-517.096350612933,-752.716056265019,-265.181761237697,-603.76757770729,-564.915658818483,-312.595832597097,-361.927909817337,-487.714727918457,-501.935917694761,-431.913882557183,-372.630814429996,-367.052568928117,-416.203327951613,-405.855995103032,-406.315364856553,-394.178045182459,-309.431682881286,-219.444975445054,-405.628020488733,-451.529089738947,-420.541665978634,-472.52049539029,-257.17581358307,-343.881396972867,-676.365917068577,-243.591454170871,-482.909484153161,-324.69590607584,-147.537456067278,-183.216553016799,-400.350475723789,-220.850669619973,-248.579801684932,-272.516415476725,-166.869055347359,-273.385174951912,-364.642967501454,-181.096585764985
-125.511844249605,-49.3110805500809,947.643039312529,101.7272797508,5.75822580356787,-59.7623348869113,126.331497020522,262.903299358452,-65.1599103852959,237.099405092446,70.3404116693112,-190.781802665857,80.2196543480074,195.88035165366,-433.31572258306,172.953294830169,-217.634238956311,-215.569082525724,355.681805077445,-128.074253068351,406.399613471058,-202.950523129018,-192.124399803635,818.129030765561,-526.12107603647,-234.595283512251,-683.388168918902,-777.449802730708,16.4340079191031,-672.616123630308,-454.476759335947,-114.131244966834,-115.506848132705,-527.812235845903,-469.312523000934,-306.327909551523,-207.280816891213,-146.419221813987,-402.797874735439,-336.848919650258,-277.895246012461,-232.723940238537,-219.647321750248,-98.9898613183685,-231.000710131483,-240.170666059238,-403.09674161599,-309.89076889686,-245.567959337543,-370.084153161805,-496.783078920948,-299.873904586589,-397.487364339121,-353.762571504425,-229.433433730103,-322.826162937856,-432.651120849734,-346.082686819309,-274.01995689588,-321.693934048944,-232.468938349849,-339.789082103833,-397.60343827161,-196.257021988051
-314.135646943894,-281.636368226755,699.878130885756,-98.6635686149963,-301.542111117717,-197.034406566317,-44.7535860434083,-99.6983745654463,-236.472097087452,-21.3102944489588,-214.969435189553,-369.177715299526,-98.1884876443429,36.6231799640327,-626.051223433109,-23.2581009547659,-408.705684440042,-321.846042990844,156.972434075277,-392.621095882614,10.9864342566173,-542.377392114576,-528.734031473197,437.844345984822,-782.765491210016,-290.570737472524,-874.815933346252,-877.891915724923,54.1230207332193,-779.238155928658,-455.516476559573,-76.6535171534317,-18.2253557509637,-581.226474362998,-494.8104365623,-277.630156333712,-162.3721402058,-86.3740247190015,-437.045228315272,-345.738044081022,-244.885919206608,-187.823336802199,-214.410031719635,-62.1906339392709,-157.051943650932,-164.734249912443,-492.06345048831,-288.103609443286,-342.680529772496,-546.941618406237,-428.246760280837,-513.570143784086,-371.498268346056,-466.365763378208,-489.263529728625,-643.39174405577,-476.645448693474,-695.291166790436,-319.41638776722,-408.808847490479,-446.78965190502,-606.82856586657,-431.914301073809,-317.012265330859
-569.020208463599,-564.472945545778,396.103599522051,-384.080252901545,-595.377414584707,-372.456549657353,-294.323576729106,-502.093036268095,-426.062111399884,-385.739601089305,-562.072326215406,-513.967413934168,-360.720866070871,-309.949729529753,-765.652415341764,-300.716409995237,-466.627347739076,-441.940694604075,-112.470796669605,-572.590463243141,-331.953688564538,-754.462794070984,-832.357414341811,-61.216295118682,-859.858688892159,-550.017384033754,-884.092186583757,-945.08431250397,-249.529912009707,-808.189692044911,-571.268617395564,-279.990388102298,-158.091223503375,-587.510521942372,-553.214759130765,-396.252636235299,-298.421891699896,-235.25490109741,-478.793841557454,-429.818399434507,-365.539947535188,-305.41989712967,-316.629180414463,-161.845074176364,-236.738970422572,-246.690578968437,-637.899769191313,-411.207744384228,-506.37160619918,-744.374347895034,-491.166354529352,-737.763440218157,-425.661866155564,-553.150436919142,-746.795964925241,-892.418354288898,-487.113290071496,-950.180966798904,-363.414136052875,-473.830226319932,-640.029287678567,-831.052433052055,-459.849292583866,-469.836680065875
-743.873816960541,-743.53259371032,-66.6214152514881,-583.93095275706,-725.492391149464,-473.64716873963,-450.645023408828,-697.814174215869,-517.992857541824,-611.936693922625,-739.250742869043,-604.779309037151,-527.589963454264,-596.870028579011,-884.765932447392,-532.592658884871,-435.395559731086,-651.312385529611,-307.132258683,-708.959231261761,-665.381043012963,-786.58871087602,-1078.83743203072,-539.701900486788,-770.216645034255,-917.264291457795,-719.322987423117,-911.697108680342,-769.768594199935,-732.75312756376,-717.711334414106,-621.860328821254,-447.574040653887,-541.255899761272,-595.380156353928,-598.865989400082,-530.861937113528,-481.096990858959,-499.342805071051,-529.133029869239,-559.473111556853,-487.740586057006,-451.628608394907,-325.23133789448,-394.042922743095,-329.451220441896,-712.378025944194,-482.550345353799,-575.570534368396,-827.517780253276,-521.72403795891,-802.113799095331,-453.999113778388,-521.94703623204,-797.79019511513,-898.631452940282,-433.196031778543,-929.783523507939,-358.035733078059,-465.808117864728,-697.673864410538,-914.558128533235,-456.552675672705,-658.475093091586
-817.363547607195,-793.187364460563,-511.342488249709,-668.781107228647,-719.538350838029,-545.952985630415,-535.81472942214,-720.077333021176,-602.106951842941,-719.482190986451,-754.476887967419,-770.823687902306,-673.631500284947,-798.188837456788,-1124.73450895016,-875.023280848263,-505.21229190992,-1097.00961775036,-698.391947992665,-958.141072210714,-1171.51831064315,-760.801046650599,-1262.82928046045,-947.065466133246,-661.797560182439,-1149.24924414056,-538.421365747408,-810.273722935957,-1131.93272344811,-629.586832680577,-791.56879236114,-884.343586423132,-745.488936265031,-487.607746112216,-606.281997632663,-748.89854272403,-727.389323791434,-702.03858907302,-512.840850031735,-595.920413047646,-700.507321798858,-625.468492586192,-546.369092060707,-444.227448482127,-533.131724407899,-345.626665619871,-655.781161386562,-433.015023535235,-474.238506581324,-757.535419586635,-454.94436578212,-656.859451436807,-406.396126619207,-398.862062643847,-621.368705024512,-688.00919199963,-330.740084098996,-735.908544762283,-295.36994167496,-397.113924891485,-670.533175822047,-966.219422959165,-412.888956076649,-949.423936630226
-866.645791506993,-802.640732983617,-752.014473245239,-726.709813938821,-707.960442166332,-681.729866063584,-662.968162816439,-750.95991837445,-812.22585320293,-857.83278236361,-765.161653626892,-1056.61080941339,-943.665547932593,-999.715209631747,-1438.88463192656,-1377.97743361189,-644.474079574642,-1639.508937023,-1310.68845517171,-1230.43764531238,-1713.32902443393,-673.548884769806,-1309.29465000541,-1183.83827689801,-551.544022307403,-1118.41014776612,-388.154930871056,-676.614240687811,-1122.87293870388,-528.050160890952,-740.415884589802,-916.220940466117,-904.285544010014,-426.819423005238,-572.082651959056,-741.02792661495,-786.228138117126,-807.00116538712,-503.523758447815,-598.776606103502,-711.751809016764,-662.444289996688,-566.601362804705,-451.983420905695,-594.93229555159,-346.888348665465,-520.628313233323,-356.506473847813,-300.175380919353,-567.570112564302,-374.425305281677,-369.201288102753,-343.114497456191,-272.500455226429,-350.637207670329,-366.216314180465,-219.389790127382,-502.29732533145,-209.024314915785,-288.474548557508,-590.627505552407,-971.933731952894,-314.638901973636,-1192.51464116454
-925.290974022398,-825.283087405154,-882.42678574169,-797.24458313072,-757.464263246265,-850.624740487245,-814.788955978159,-849.638107153639,-1089.10669726893,-1034.65734789869,-843.68083262976,-1316.97110905455,-1276.76888298112,-1183.51924557168,-1597.46069202775,-1809.48043726676,-639.43201940124,-1897.90891043202,-1784.09524383168,-1214.57249924026,-1938.51262347131,-455.218354847495,-1191.20265552654,-1172.29176424037,-443.524115323649,-980.162807665905,-245.743404890693,-579.978676989612,-911.326680010519,-435.053871825166,-629.608719992479,-751.159874778839,-839.071926867777,-345.577641548322,-502.251962710507,-610.033222299491,-697.476276404559,-761.387471181038,-445.800390762158,-540.373142371765,-619.389392446419,-607.462313632984,-525.613034551431,-372.134345041993,-583.90309848938,-350.523815769398,-438.412452560652,-295.106320320136,-227.471653423484,-380.776768707641,-327.906226379921,-115.893396414478,-324.438641115873,-195.030510863521,-161.078511188774,-90.1184591368292,-150.719763687392,-305.830831703475,-156.322524570866,-170.123007168359,-452.097246282296,-832.740315148483,-175.375018803014,-1169.36663897803
-987.618164537993,-886.632079723582,-1066.07741774575,-869.573416335585,-897.834062554624,-960.472957300569,-906.141813870637,-988.34259604993,-1264.93044489795,-1171.02228165938,-1004.22622606478,-1413.74896462711,-1498.492661391,-1309.42736478878,-1524.3047688335,-1982.38682062987,-463.727908092211,-1736.69346447759,-1910.3187271055,-873.928530046877,-1704.31948439388,-231.848637973245,-1014.84017943714,-951.280835125356,-471.567729606055,-971.772681488664,-188.085449433279,-652.77418850873,-772.331894168055,-435.270552196768,-609.202364508253,-584.495482000009,-685.794861514039,-303.631503426547,-482.357131184083,-526.297101241181,-595.785659957546,-692.966240759107,-399.964755296401,-504.267699751093,-557.69804978901,-575.851125677833,-511.92651722077,-334.163381580858,-606.578662440583,-327.091047803009,-526.791202614801,-193.126171917971,-341.262186703658,-388.191789165119,-272.770079517253,-110.761930461886,-351.479773839798,-175.012633226998,-182.966177219844,-75.7327424689555,-190.773692367034,-270.495549477682,-218.011108924613,-146.268983207132,-368.047858411602,-670.758103942986,-118.956719314276,-984.89858817494
-1060.32888983899,-1016.53498613987,-1251.94591005586,-955.562222762356,-1133.8562595943,-979.181121388171,-943.884233766493,-1164.58895583501,-1286.34668315452,-1267.91214833164,-1252.85230619549,-1369.41374772189,-1554.32075101334,-1414.18347086013,-1404.93768319872,-2001.22025893652,-330.159198110685,-1486.13639100178,-1871.51782900718,-620.10413760337,-1321.21081287193,-223.879125729412,-982.484669838203,-732.349265303454,-693.690741853516,-1164.69932155119,-297.861775810508,-894.631513509417,-825.017675890372,-574.007570325347,-742.351328742939,-592.144550503379,-673.257312180675,-365.872264544445,-577.607335399445,-608.344894935644,-628.611891719033,-770.741869482653,-448.902461176581,-576.257246146084,-627.697312194879,-677.388187268212,-600.836717070908,-432.48919556464,-747.857574581023,-293.838131712894,-744.234766642656,-54.5471563037935,-553.504185023941,-630.843699538991,-210.127301627821,-383.249530909866,-401.830497198551,-227.515307703612,-398.793644712364,-393.250842322356,-368.52553305308,-472.648699789852,-431.768654489749,-326.305991948523,-480.664380140886,-699.66617201303,-296.753949272974,-916.246935362843
-1144.43896365155,-1184.08393688834,-1323.01115770523,-1071.82035478683,-1363.20689665535,-931.618463471519,-996.885753052041,-1352.18714331556,-1235.48804493,-1376.98157879651,-1509.56382127973,-1275.70384019302,-1534.2600812932,-1534.24951300681,-1415.11341095619,-2096.00832074157,-376.750669211257,-1545.06887960804,-1961.7842540452,-780.837386421428,-1311.74392357738,-451.879075397076,-1224.80247652863,-812.312501364092,-960.99698147247,-1425.91784759941,-502.4735041321,-1103.77727218041,-999.094993409506,-742.520765842672,-911.136052985901,-738.358952207417,-808.522898755598,-483.33744841123,-713.288127709627,-769.08344090841,-759.760831969967,-943.371295208068,-554.564415000502,-706.567893607453,-756.512119659524,-840.176341977607,-730.284131559371,-587.72281994438,-916.187010833443,-316.119575888241,-910.980851052949,-13.7072885173927,-707.261729156309,-902.606180256169,-223.328940345393,-721.203039056262,-451.641927009873,-375.994273199647,-650.983273185532,-824.424707027194,-618.348367679549,-794.201296471349,-707.017975372776,-682.654127149055,-756.566800902421,-898.767485109655,-687.75313980693,-1018.68445639238
-1251.40051909505,-1336.66822476083,-1337.63799814664,-1223.72151616691,-1478.5608141535,-883.286668341131,-1111.99858287781,-1502.45941831404,-1218.01183560192,-1521.32305405141,-1679.4994374193,-1198.64241079779,-1551.90155440509,-1673.76914044188,-1544.55279798867,-2337.68131832869,-557.472108668886,-1917.59066592408,-2254.6566810284,-1206.07789212892,-1775.33959425876,-788.671430023915,-1631.39305839649,-1235.37371090618,-1157.83795850088,-1586.03603479322,-689.081943581157,-1173.52840982763,-1144.17447778931,-846.034579782607,-995.465076356034,-874.898746740271,-954.183652670892,-569.01898569696,-795.402883397328,-872.728194917838,-870.930057763643,-1055.67255020389,-629.673211930686,-794.789023386557,-830.853856177973,-936.427779347555,-802.473547286215,-686.154109205545,-999.491252688814,-426.105277496635,-957.504986673581,-194.645971770764,-775.991249109611,-1047.35023766534,-354.374868228809,-959.642732461838,-485.405337904799,-604.970598969993,-842.90698832261,-1138.664442374,-831.896474476462,-1078.58028079057,-890.836964067355,-1053.26217922823,-1062.59171921263,-1126.5989910797,-1087.6662581837,-1196.22825085314
-1390.31219359475,-1474.1535730263,-1399.05832986432,-1394.05168189283,-1519.33818981082,-900.672048178205,-1272.44478160934,-1605.29139026156,-1254.8860385698,-1666.94123833918,-1776.27277138843,-1160.17636025556,-1617.55475666175,-1816.49686230156,-1673.21362231995,-2550.18848303509,-769.746678588869,-2244.15258287288,-2518.41074098421,-1531.39933092397,-2201.90812296657,-1113.58913810237,-1924.31636505085,-1657.05953282596,-1317.33485267074,-1623.53852086213,-840.001651483637,-1226.30635044903,-1208.29791423418,-925.36538001218,-1042.41561727563,-972.304686261895,-1086.60782382937,-620.572929355206,-855.018721987739,-937.313832122108,-962.814907936069,-1124.4721269737,-676.362080411007,-851.645449170332,-876.064885548097,-993.04660813732,-836.140779905495,-750.698050146822,-1053.73550555692,-542.650082001217,-986.567526270199,-492.627585297454,-829.894882412447,-1149.43723712532,-489.376180615901,-1125.17016665764,-476.707755670027,-782.259611419459,-997.040561811969,-1331.53346487503,-896.400055798695,-1281.34005877263,-883.760099320013,-1210.96591404219,-1290.76659595844,-1336.28266523567,-1261.13839161277,-1389.8174690829
-1502.88238101867,-1591.83756950654,-1448.54015460883,-1519.73482403661,-1571.53803221211,-972.458334672203,-1390.90914888615,-1665.10784492175,-1274.35669048013,-1733.33316346695,-1843.97738317465,-1132.76846342922,-1639.95377878788,-1905.26353795283,-1702.49321461698,-2528.84346736498,-932.518485785817,-2253.35146942464,-2509.72486364862,-1598.83793001863,-2191.98328656244,-1280.22454697623,-1967.05048436375,-1798.21011051542,-1428.04083701387,-1652.6568721183,-933.837236840194,-1345.5126780248,-1277.25122923169,-1007.01680165711,-1142.39239586339,-1097.60887289543,-1242.45702156284,-666.239886553968,-942.247450015047,-1040.10255468971,-1089.45681258257,-1247.15750232848,-728.126896874398,-935.753984898212,-966.642939841441,-1098.68455629455,-900.619367571662,-851.760119265904,-1161.48831640638,-526.361246947003,-1043.72696350261,-618.360168427994,-839.718844738513,-1281.73769953787,-443.913061846465,-1214.40431222792,-379.830085333454,-703.319344709189,-1066.21769522098,-1429.14477251639,-712.26964743985,-1347.19430021564,-680.900764997345,-971.115575946001,-1308.24891088242,-1467.00070944034,-1088.34006047049,-1485.07884704893
-1507.91431843379,-1631.87026087784,-1401.09460421024,-1532.19171598438,-1592.30180584288,-1025.9663164907,-1386.56572220774,-1648.64709316714,-1233.49458542835,-1661.21670950929,-1832.05217205114,-1096.66338930377,-1572.35885828794,-1871.65330992417,-1655.11448321832,-2305.1591220171,-1061.2996593906,-2067.31613899761,-2300.24950204321,-1562.89306777114,-1985.41505629594,-1215.23462721754,-1900.36023574684,-1811.53717316873,-1399.67245798492,-1750.19275211303,-902.981320253295,-1418.18344706002,-1402.72474418369,-1015.0421301999,-1248.52271200364,-1240.73085265833,-1370.06605780267,-680.474733488466,-1000.50795828298,-1146.49504102159,-1209.15461854512,-1373.86664910109,-755.534961169726,-1015.14259578879,-1069.5804875459,-1215.63099294088,-978.344628309534,-960.915784965147,-1254.67316086522,-364.300726881743,-1025.92837311686,-455.253539702059,-715.533217006447,-1311.32675754733,-208.946817606092,-1091.82874246188,-209.82120899671,-336.962926268325,-901.825786199981,-1310.26052402881,-330.929562355902,-1155.86602199369,-385.287350533932,-398.603070007515,-993.949380377243,-1370.47451575551,-668.056124624852,-1306.55097162727
-1370.70932637862,-1506.07779062465,-1331.36308893047,-1381.08681476207,-1420.89276876267,-985.101789746649,-1231.10726684938,-1459.59449310826,-1140.05840723377,-1422.88202102843,-1601.48780410337,-1056.46943354249,-1428.63025362721,-1655.19556098253,-1615.75746608671,-2033.95842391494,-1228.81129647119,-1937.70887623606,-2094.01065574316,-1610.80655841256,-1914.4381187724,-1030.99845187045,-1849.13174317901,-1919.37037329781,-1197.51011833396,-1803.52640298026,-737.329976790363,-1284.60134854088,-1464.79379587523,-870.49867402649,-1201.05937291393,-1271.08120490317,-1346.83050879022,-606.616352936747,-921.012106984587,-1127.48352773165,-1195.34040805761,-1336.15822624089,-688.238317515217,-973.750322043874,-1063.76809473635,-1197.58796475121,-953.021091769476,-961.804970063203,-1184.92238662139,-174.792780281588,-829.411325828378,-190.055689598171,-457.887606203777,-1064.30026967917,30.3069414216464,-680.259566977991,-49.5343128154402,92.9992380384678,-449.228530155448,-870.453952166364,28.2916325142575,-676.798462982213,-132.33870750254,180.523465232788,-385.097054498391,-971.950510103624,-240.900288465433,-813.492064966181
-1108.94954854383,-1185.60637177665,-1318.2706826281,-1056.40637790542,-1006.12365604286,-815.783139393315,-934.221201014882,-1041.56294824358,-969.47467917203,-1019.80725976514,-1107.22940381527,-977.790155620199,-1179.24180151899,-1237.49406388439,-1552.71505724204,-1708.012267374,-1361.44781081019,-1811.07785483178,-1858.25668256969,-1628.48824746147,-1810.08943298666,-817.409559527218,-1665.62660949715,-2000.86700581216,-851.715116921247,-1585.03709369285,-496.340542793875,-909.889374690285,-1297.93069989622,-581.875121111977,-915.951655705961,-1086.08719345715,-1114.82052713347,-431.18008123657,-670.880999558481,-913.631219507346,-985.204498608626,-1070.82507834685,-497.437232615903,-751.299340054399,-889.063051010755,-982.311619246744,-755.635729683037,-798.824786969521,-919.259190997986,-26.0646153477138,-507.066896021822,-21.781150201433,-162.656946795971,-588.731792896039,142.34462952935,-143.399732289749,46.5389700543474,347.204112899785,108.774685921807,-261.981460829719,196.422817441674,-96.9754684042267,15.1307371815626,464.251104283917,264.786350718264,-416.498236738817,10.4113413511443,-204.888036658252
-796.599334141588,-800.806646651253,-1264.94660058967,-660.322387079835,-567.072532167388,-569.915882042019,-566.255137086331,-537.768031502301,-693.652176875311,-542.646002618709,-553.404449051392,-796.544329586806,-787.948679757274,-718.62032847748,-1316.41360658769,-1184.95531042698,-1268.90195268316,-1386.13483516306,-1393.43904480894,-1328.00624736589,-1341.8517206081,-494.067498082209,-1160.66212971297,-1812.9411904146,-405.607103955238,-1043.38472743171,-228.55514409864,-404.123732849043,-914.805969463928,-237.718662996059,-501.267183201074,-757.447147687349,-787.607393985806,-210.850876058274,-343.984503615967,-588.262661043229,-683.537864797394,-734.179702743902,-248.671671867482,-444.02788361517,-629.167165124321,-697.928619345315,-489.049657705263,-572.823626656282,-608.637988515658,104.941460400192,-266.568160368116,62.7517709895616,39.3945338547997,-180.805856523045,156.670303527571,196.989450698043,73.2433320093866,370.465454160829,447.442592840272,164.624366649987,185.365633967727,280.470438561101,58.0508628966252,398.254041550878,612.202021058353,9.37869475798563,40.7876839900396,206.214923410789
-509.785485507985,-524.448191942832,-1084.92820327598,-342.136120447428,-345.822458318561,-326.292762450313,-228.19647535909,-172.113166302586,-338.21430958887,-114.718000504501,-187.095498029018,-492.038531359,-296.867353806946,-234.928535160152,-834.01656260235,-439.362724988972,-921.870164262241,-567.72434896916,-674.586503038556,-674.337632648446,-548.923114128331,-15.7510090156224,-405.533299173231,-1337.9403448134,112.45963250858,-383.683542899342,52.5109166491634,107.293568146134,-469.783440009586,76.9842646697697,-113.835623791591,-422.147668927112,-513.645047176874,-12.8689026729183,-56.784194554495,-279.651992299048,-425.073092570809,-502.646454569349,-38.7697840026424,-190.74361489175,-397.006052580563,-488.032583793282,-299.05207693763,-404.574264679889,-406.412269521778,230.200122874662,-248.305934507408,173.898730524422,83.1811259485456,-59.8450001093721,154.008471690364,204.206819004245,54.4307069823318,264.490734827897,429.030453555324,247.586659948049,112.63285283721,344.384289478087,35.4203173413773,158.450483495409,534.209385052034,164.626893288617,-73.6303191812484,276.37834185275
-261.458237228596,-360.017047757663,-897.744509234475,-139.447160733277,-284.093539005968,-103.421170924643,35.7633332477848,14.0575461079165,35.9323766503152,224.346444927329,1.50730723447997,-119.951159063986,195.557336237648,181.673970802387,-216.934949263861,350.231973430926,-499.859483330563,355.062136500318,76.7127936381607,76.8505106269947,252.625037795167,476.197224071652,390.024540219028,-709.234914750478,677.680038163451,233.426437540189,305.402340090312,589.403212617042,-34.1106513184623,333.574353317428,221.42098818488,-92.0243159412815,-254.080842347936,128.993843998696,167.79094758427,-13.7011924906575,-187.229230214765,-324.086873223933,100.544268850947,-8.90800956823583,-197.57694059729,-314.489679684018,-185.038434194412,-272.699715091954,-281.137624146415,312.972469650924,-336.332325592622,318.944214128842,62.1822751478074,-98.6344510072116,166.458413704174,101.404917547913,37.3658824560536,159.779273984299,271.081821547227,214.439900499587,69.6627375402292,298.147008355058,17.0173271575842,-25.9505967422796,284.036251029749,191.489278573312,-190.264685766759,169.67742154391
-31.3675452039481,-189.956167783681,-811.9569315463,11.5252159134628,-159.716386375826,108.835870587958,235.70269460599,137.834023021413,354.052155464585,481.570752330144,184.569788771333,218.297942165917,586.316226827939,545.635122664054,336.870212274725,960.16134839343,-180.290887430542,1026.4862541867,646.006319623822,664.786502657809,828.297755424563,787.728831323784,1084.89273066796,-17.1609683839562,1178.08612703434,825.368364347291,430.398717100663,1002.73166163606,419.925614931881,510.821780662387,531.176129716321,277.876215395724,124.15113753012,196.344825055249,349.698455061782,242.438916769828,120.310515334869,-25.2303301110212,188.723319145386,157.454222414133,23.1673106338154,-59.8335172775327,-59.4322678484384,-93.4306027701342,-101.915731333199,340.205010605317,-283.217940079057,427.930290994276,160.165913888238,-32.1817887299696,191.288380982183,185.767754447907,62.8178230370549,131.507966876745,272.274706963847,362.106473336928,71.6259756664185,384.348217891825,50.2434351091691,-53.1495028106843,212.924283474246,294.006700618122,-209.921535194517,165.923889388374
190.642282742784,37.642167657081,-700.056693025277,160.992212174708,92.2785702032666,292.764021907563,380.090554764311,275.473864769763,555.352575639667,643.501536986273,428.917885962353,445.849779393041,807.580081282374,822.900436790937,700.658841002958,1283.97880575173,-20.3596188947008,1347.72860662386,978.610163315522,936.113547371789,1133.17183883719,846.643794079846,1564.23318301075,643.420645629966,1439.13873741921,1343.84459377655,387.391361639387,1224.534606257,855.095409264898,578.246526216332,761.242689846017,638.5572082048,595.737142426807,193.572405759432,473.757925339627,474.872385722958,470.918731114415,408.148423988764,242.114863770366,315.381640518055,269.174971205844,276.239445909086,103.039017826423,136.761621282047,171.384387283849,380.802441417761,13.8454493739982,517.738628109906,468.803205776801,186.357101304038,253.045192669641,486.898831935315,151.804350475489,205.933757803519,489.262137111567,682.99683285727,121.382295697067,622.704170861971,142.935829918658,43.2255934610033,419.315063545961,507.81524055462,-119.315638685608,398.693033725797
414.297532112605,303.63587290446,-447.696799490021,332.890361540638,396.035190945011,433.30262455427,487.877756193476,441.82286232121,649.603321785516,732.602876529185,699.062959907915,569.526518933362,884.803339390935,1009.57382741116,886.835037040618,1373.50826803308,34.7388957358073,1448.49105367585,1147.82191537509,917.386069637019,1285.25644148407,744.851871813781,1763.33177669893,1173.87622094717,1435.48742841225,1669.46207598016,299.545297371323,1223.30310669347,1217.95197427194,575.314958485795,886.970608359576,938.854085500561,1016.61316555181,178.373975672519,551.100027095951,672.983902432986,783.446085477989,839.081678002369,290.603692791225,457.103192652235,516.479147150804,611.16232507049,285.070924383434,379.050157333979,481.738096529323,504.003699618256,418.531384138887,665.10571495532,881.318619190333,401.496489239504,388.786906914589,809.917880514727,313.710106744319,376.967541669428,775.321960342939,944.115329109312,251.544519028831,885.961800486612,303.609898822469,214.570398230266,759.767328296507,745.040010946206,70.2271301012637,793.623481209745
644.837411715449,589.567712480546,-209.698236514273,544.876776576298,698.046097394601,555.269823937822,605.651201253735,654.720547426935,715.859383471736,830.838366678962,977.578865165667,667.959599144524,931.48709139586,1187.34410242475,998.574074252741,1397.62775977458,120.649667593681,1493.97968213581,1344.26128959806,868.474094952128,1528.92966283392,649.419687401097,1785.75285384339,1676.41953069212,1325.60937223296,1865.85368241191,323.98312949539,1152.69986503614,1556.33447900987,597.109161149388,998.210669310011,1212.92811086192,1311.84530492012,223.176509277174,644.971027405043,871.785125090297,1044.18870406361,1165.92297770576,378.995674981992,612.12354041477,754.786147884127,894.164759271137,483.303530631617,613.708704834825,756.599925647325,646.386725409066,696.801213511329,819.302117052992,1157.36621820669,500.585769309082,553.372710899928,977.840790590692,502.680422794651,571.805522191429,982.679163768638,998.644669784606,440.778416375605,1061.12837968521,511.90698736223,420.597688865178,1058.06097399237,908.569029106572,332.394480387289,1146.95209744798
840.766595931998,835.80913047727,-76.4453614633066,756.748330848951,936.921500821505,675.310311499827,743.035858221611,876.180997606311,813.641721210868,968.008189595401,1220.67287220262,803.638168487146,1029.76977382985,1387.58965725161,1136.11735353612,1494.2774372666,341.253461267642,1598.36310569886,1691.46227025597,1010.81924551717,1988.69006415081,660.867308911969,1800.18709389706,2307.69489148604,1230.08718836887,2058.51196671237,470.065614680967,1123.30581406253,1837.56882263343,660.39943678999,1111.60545819423,1412.5818865391,1444.54539547555,331.702808149788,750.065500982695,1031.16748584601,1214.18733412998,1335.37852967999,493.931074615489,759.639503781453,923.844427411459,1069.27777216504,650.907481590365,780.845543860615,909.834388852334,652.82989680849,715.329959343314,811.114222590537,1119.64065437239,489.549266564412,611.246948130266,935.313545002404,585.191537457213,654.803730029556,1021.65931920691,871.845269833536,555.001475077951,1065.80578900359,652.275930345082,563.680755366235,1180.41403624087,908.082712181886,571.663646944926,1243.35467092813
944.869179588586,962.263306361085,297.219297846604,895.393309747913,1043.07578284244,775.311610446855,860.798657554069,1020.69486924836,943.770766673777,1097.28084146989,1359.36301762489,970.508231098196,1172.31471926677,1546.17428783392,1335.84424093325,1641.29881285281,635.048222214484,1807.03727940056,2023.25762501795,1266.89601540894,2460.56258300079,716.199086224354,1861.7779587029,2885.12203518971,1109.59901797059,2209.01093096945,612.257983196178,1065.51675976657,1901.18618897542,686.13176602788,1114.38132575008,1410.66878742185,1394.9155705953,432.930319303471,779.116523325861,1048.33282787321,1215.04704661066,1330.13072658355,562.93773845185,815.688173390997,952.3634031955,1084.68222554845,716.044663205349,816.695558868109,906.56323364668,494.236574152039,553.894875716504,610.192478781704,841.861545751787,427.288695578681,501.581389695996,747.59762530868,477.25182025955,560.529425523898,871.818538771936,662.863263247668,493.752722470663,879.944188842733,612.401392120426,558.42298004477,1063.73931251217,728.726170313083,680.454645116689,1035.92297659771
979.178765547005,998.365772316246,1249.88416063577,967.110323043739,1070.25629373938,856.275830833733,956.268694745742,1098.09575087284,1090.00973243859,1213.3227448629,1436.57116346371,1132.27800435255,1330.74905715372,1663.36658002903,1553.11993069505,1739.84171549465,833.254921613557,2035.35651725795,2130.19094569718,1446.53382436327,2674.2383999,658.268072955614,1934.33611162194,3095.90174335547,909.365198836262,2256.32072145684,641.804300739577,934.466528508674,1777.70228499202,639.409275631328,1008.21497567803,1276.0772003373,1282.51593191677,471.969250863682,723.677633475766,964.031452732526,1113.21232249896,1250.15297635743,561.304296335366,779.575432401978,909.311991608143,1017.85745939534,712.743721234753,786.569979533643,859.838212393925,342.496151672814,429.529804643064,414.63982376972,590.96485922226,390.621131950171,349.51273558443,564.189526670695,299.480431091071,394.453440655315,634.094794022779,490.62389252456,348.793792204015,620.651055897569,456.257704489292,465.68544532955,805.309987728264,514.889396490285,661.753851248783,734.133838125325
1023.76000161319,1057.2244958442,2399.82803507446,1040.19893218545,1148.4194280998,938.148704634835,1056.48034485879,1193.84828292698,1222.21889193198,1349.42373784432,1560.32635679002,1255.43023920976,1480.36135891296,1810.59251260878,1708.39915054962,1772.36230860189,888.924241718614,2136.60009525726,2092.63163664401,1542.40428507177,2641.48442035746,518.957705410784,2031.04449129872,2990.18483292265,775.005764123698,2237.84061820845,624.475235829039,883.599880219034,1686.5230833758,622.635522917859,963.137918645331,1218.48007952607,1252.30354560591,494.45321724608,700.581849323253,941.031681924303,1071.66172055966,1226.38870424528,561.825349211082,763.178455865734,930.016686865116,1007.19220647189,750.610525550871,813.431698579264,903.591579444831,360.621785581236,461.319025742234,390.00305446974,524.576800460595,437.485150273183,324.287716711177,496.140228806042,257.592009749937,319.62097455569,469.348540919353,441.304434999032,297.146723856413,464.473359503623,370.94955433798,425.567886666141,614.478790255289,446.817563040054,612.940796432294,602.432890406167
1089.32398712464,1159.44272264717,2917.20991804683,1117.92936410815,1278.53872055931,996.465372994823,1122.91581424168,1295.18479227401,1276.6744246417,1453.48615529039,1700.41223847816,1298.11594651322,1561.11227517789,1940.2504637367,1757.37554995102,1792.64771529874,921.539316040173,2113.05037274896,2097.31075853372,1648.54895279747,2569.1471292005,556.981732593257,2190.27877152196,2859.67557650842,899.148685978641,2207.74967581274,717.741900824666,1045.03088593337,1690.08437180114,735.536156307547,1051.57965042703,1251.98821915414,1242.45447469514,572.214115646436,776.398803005499,1009.6351685258,1090.86996453169,1222.32860475707,623.90154357597,821.446128025248,996.939013179198,1034.98183732127,832.35341700338,877.858152722384,986.616018472156,510.341236293823,551.4222929149,463.948187453494,536.514912669531,536.447740453873,435.070476755984,502.493802788787,382.580468750177,366.573570373729,422.409902870137,478.058595469234,373.497615128016,460.953328659387,425.632510189776,460.903974064815,583.762653439783,527.228121681102,591.153257602155,669.780403442648
1087.57278174184,1190.9377608411,2568.30737704412,1116.40497362654,1316.79840289921,973.030583385798,1069.52202497873,1281.11027939634,1199.82979935956,1404.01009812773,1698.03617277204,1227.09733898268,1497.03095784795,1884.28050499229,1682.83127772227,1787.74202380479,985.145686310716,2055.16529713608,2116.16633547327,1683.30315070507,2504.95891417475,810.125485969068,2259.61498939203,2763.76803617826,1119.68255351079,2142.02455400274,873.703492507187,1233.52735136988,1658.37501087321,866.381828506931,1121.01331257737,1205.54089470624,1093.1053602224,646.191815377548,838.292536782117,1018.6758285374,1016.89892394469,1078.54472811545,668.362314353921,849.741452876532,965.823435145522,947.930719154459,834.018279120584,836.087307987167,928.602501557234,612.962533511437,529.396128950418,454.094684932044,434.22698388904,555.025817127532,529.114097530861,432.124828696109,499.190366745188,399.449662298562,365.217524467545,449.410137804359,431.52121987459,477.714940708403,478.66250294683,443.414047043949,577.658526916026,578.576378929473,540.168237502529,721.598254373685
975.671861975872,1085.51586158479,1985.98054466674,1002.61906384166,1204.99979295336,873.241518203831,905.533059882428,1124.82262044334,1033.15023897137,1192.4477390734,1511.10506631378,1085.112352611,1293.86079823238,1605.87206618113,1496.54685056034,1668.76023872103,994.299402160172,1901.15076523534,1996.2997747755,1466.29960894721,2228.22052776294,957.850701704603,1962.41517453012,2460.4326202158,1076.9848709002,1907.73196262909,879.716519161827,1159.80948099515,1491.19170955134,824.436065096014,1016.1797390862,1016.37769995204,822.604600807211,604.006145286321,755.780655717356,871.25042510342,804.494641668658,785.20882692462,592.579407641743,739.344085014866,790.4427152151,713.187661258525,697.512385447589,645.156055630707,686.860718927275,546.024788945475,365.62778972304,297.35983277107,191.497155327375,412.180615621555,492.988122105693,224.820937423485,473.717703543475,299.493637278606,191.421966699936,279.625349925576,350.076977186184,385.489934517351,388.53494766768,291.916434717968,447.996886542708,489.619606222908,402.59597120694,608.257477092518
851.228746375314,949.70415156097,1762.78828068503,882.233922230545,1081.10708732733,779.414311989308,769.536373723766,987.942907175162,901.808638796129,990.776848088246,1310.84387129218,972.376460654882,1078.03870621666,1299.20871237987,1280.66616572038,1432.93355213065,882.5213452253,1562.26256089295,1718.09995554241,1035.27050258199,1622.88640198393,769.050816643649,1333.54153521084,1845.05675135189,750.695503622767,1466.80846769158,668.233183717966,862.442415363772,1230.68516997029,621.895100406097,797.573212117475,801.16557434121,621.377451410043,458.760064727521,576.414102803117,667.612549223192,597.477243849643,553.74531056349,440.756948284506,550.01860129742,591.440228657583,496.555462960946,520.331214391211,437.060637168013,444.463794073965,338.285980933278,192.366832220068,83.4927127633162,-33.535580482246,221.661422441127,375.132938354244,19.485005824414,366.640355245462,131.192263036795,-7.04798729196552,96.3013636934461,194.901887264452,240.276248442031,217.278948168353,108.016359238682,268.440277698784,370.440301206271,249.157881003019,445.701101026253
812.937482391722,904.077018533516,1768.42121935976,864.231873171718,1056.74655651866,733.01587363324,756.558722963715,1003.37376330598,863.82894095227,947.199931145241,1236.86998896705,908.066480886716,965.052527432012,1140.40785940912,1106.16453301781,1187.7814513784,657.267206067491,1158.83058725214,1369.42763277248,620.543832712797,968.254935275019,361.670295699159,785.724802684494,1216.76575768606,453.252251235574,1068.22700960436,357.085050200656,649.594570332385,1014.97604873489,430.402242590149,649.351375739561,682.884151413783,600.275270693217,304.120376567599,440.322586433792,557.749017010779,528.173540472534,534.486138471262,321.200085649318,420.584384591237,500.146366137053,439.250287401992,420.601693341732,343.91579881428,373.979113264172,90.239337649764,122.111926039431,-94.0619862370825,-124.302229805313,147.441066974223,250.833518847967,-41.3692317276759,268.768732099644,28.0483193670194,-85.0290132028824,51.6344942379346,90.9603034853276,175.665032347104,106.569676773477,24.3852103869653,198.422995799115,363.694299589547,178.876031820441,406.140239598336
817.192633950369,901.332947694482,1605.49098018489,900.835719439659,1028.07654052703,685.361564227924,788.673627005063,1054.42010147905,834.168711709745,981.08965941569,1171.26903651167,802.928371104906,912.406231765036,1052.36491017972,937.68278839436,968.43873107647,401.483836904411,844.135841647702,976.696467092027,371.543590063044,562.594326148832,56.8242083301419,593.386507866778,814.734286063533,411.041862291444,939.839385809233,130.831189102386,697.894781228202,897.836535094899,369.824667572742,647.02184067449,654.720643495728,660.179149653922,212.337923646578,407.380378581306,554.096237819374,552.986520171456,613.850030165033,271.465274651496,392.766838038012,507.591897506495,484.304705408673,405.000084468723,352.090864946432,424.517025122898,-132.333811732994,122.153732405751,-234.816123747836,-139.673818470884,182.224452074731,98.3073647541731,-4.88615640634304,156.563274729459,-3.53981205693011,-56.4971135091819,125.537739970753,48.8871235386864,210.779049337265,66.9928693907009,28.9449378482188,232.721003785019,442.06687529204,174.84666874784,462.581841956905
745.75735322194,800.449793908267,1272.27054212099,845.184840982251,834.436343033911,570.994946313689,716.636289341407,908.785689005358,701.451042903316,877.377050701528,897.839246169325,596.726971977674,774.914800545047,824.723569222545,716.383629158398,694.579999758162,251.806157681708,592.038841810368,542.636613971353,281.737410604211,328.422430149952,69.0729789246782,617.318990489265,445.469429538765,555.884871390708,947.115410339428,104.313944550821,878.226685667592,747.746862733923,408.476844264829,679.233776147611,585.216979257035,611.67273067238,191.730070138736,415.812378118413,535.402167999429,512.887742143292,576.204304151416,252.657894721301,382.651215771109,483.645826015992,463.896070221774,377.039823189391,337.143112327357,419.230637610024,-298.517780633122,108.103077946316,-363.629653486143,-173.716606785454,218.787946735795,-92.2944736977128,19.3446689029193,7.76389731875411,-43.6662044512469,-20.3307498027961,218.617056168516,16.5746357033653,288.59683771947,20.8560998473703,34.3970163272088,252.651531957859,513.613290839944,165.581424361135,480.656512879967
551.867441129606,561.633414310978,992.122767465705,638.844429120867,499.201590908217,385.523020827104,505.841536589786,537.093104067706,471.753989624061,570.332437283111,426.035799368458,348.205045305251,509.598116361782,420.72765891679,491.921425329655,371.284476232237,257.671054674008,385.60035362297,197.473236579829,315.336134925695,152.583057707496,275.725730463862,664.386990961855,15.1299128559787,649.484863738897,885.104042340058,178.254118985282,951.20617924154,482.480147640909,411.198739686141,609.03407598397,376.384484867659,377.60906280412,168.453281482949,363.02839587559,408.071107595918,328.851867735304,360.407035903656,202.95555840474,300.089206825212,340.646423383236,301.579929658539,258.496448244101,212.267045354642,290.165114035013,-348.616252348686,91.7378257203364,-424.758861342173,-197.890528748682,245.568948212246,-204.872849753893,42.4609484327875,-81.656606802727,-89.2346295353122,18.8064353415755,310.839507469592,1.16202291708565,394.175053087469,-28.1922615145724,26.0847363234792,227.500491667942,576.4768401817,145.941941143477,434.53729947294
316.166166891171,303.180939975465,725.74436387462,387.169780240483,207.148824837318,215.129850212952,279.032480867456,168.909499032168,278.209107549883,242.887677589214,9.97701282812369,186.560033887454,261.056595462844,47.190735674454,400.627572254013,180.22771580525,376.616009128302,376.380688036903,140.311622055374,490.128803354319,233.032328956075,448.152200140655,762.016513324282,-134.226968910987,577.9205358016,807.640761898664,192.706277778155,842.477835363374,257.239219960951,317.63419225674,452.427956569822,111.90374710811,66.4299409776566,97.9804467801506,239.179198180739,223.084246402645,97.15809595856,90.6522872675503,119.046279107938,172.432151311309,142.157189759399,90.1583937352913,94.0111724735409,28.143254736525,125.307378304508,-233.386017873204,141.311419645265,-331.816295413654,-129.946763071415,319.949069929864,-118.935942528063,124.245213231476,-8.14108151230713,-52.1264735933974,118.472575949286,418.618110714397,56.1043812441254,513.78949609601,1.75649804847771,56.8803024741192,225.097295544487,661.232602550616,159.07312937278,407.980965391216
155.196864076244,151.496365641332,291.197782381186,220.595215871791,75.0603813846437,152.700253822705,158.77245734786,-3.4094306494561,226.750488008807,79.7589639401133,-169.014871342721,175.531711549843,176.141880058022,-130.245689787021,486.973438895076,237.389576789583,588.274170449112,627.945643054844,371.385582107562,786.141544327303,671.3144218475,589.879541721214,918.704373914934,129.090857626679,460.96065424126,760.198086986164,186.949361109426,655.344467548116,184.844689403558,218.803526079037,306.444386679496,-65.1121645786218,-165.803830891291,48.4091210067,136.469939263856,83.0901367903916,-53.8337133858426,-97.5112629801529,63.2073320858002,90.7056540556637,2.54922068483409,-43.9808587318283,-18.1541807039551,-107.521014859393,16.0088862130538,-37.3682307041099,243.638727837295,-130.263719657514,16.8054242700397,429.889585042302,96.0017106343158,234.427633733066,167.875105153363,79.580068959722,256.733062278408,496.827050342146,181.120456338187,576.773843004216,117.345696907374,139.39647276443,269.188055672016,737.881157763113,209.259410272843,452.793332468392
71.9277544335541,85.0540011349046,-223.159864408603,126.138319901384,29.0914848562597,154.654553709972,106.327991490783,-53.0074962075575,236.478458927533,20.7311128286345,-206.557348548864,212.994135153347,179.55444855973,-211.990033856775,595.277357725109,352.032605652956,815.875601055577,886.184647398693,584.829064211168,1029.97034016228,1080.43610453669,756.916089575974,944.519371497979,347.21761982139,422.245856665025,553.901761235031,276.178666079429,481.671562259953,88.6655151433905,205.433186255227,184.465923161815,-167.291076464798,-291.67523204108,77.3796292837451,105.481756533144,-2.30979838464755,-126.509852678095,-186.104172175689,63.8254367324543,66.7628025276474,-57.3449644283888,-87.472731918313,-55.9397916452611,-157.278580312928,-33.5363088374989,60.4981490185837,318.745526816048,0.219563072661542,139.538464899867,504.177307843322,218.446753297451,299.6402860576,260.059188955351,185.67313758949,336.486308740488,490.617900822936,283.44147514688,537.850811202317,210.294207968338,208.271756249555,292.572058287783,754.546889973545,251.783229825159,525.24498858039
-31.9279328405852,-3.40733487655833,-565.527584387499,1.77818153301917,-59.3602974783589,79.9329720246728,-7.10510512612185,-157.441055034958,126.056710378725,-112.58173017036,-295.203251226429,127.126392693681,54.1949829861561,-388.437067302495,517.777599291672,201.771468838761,868.674571064546,798.910508444082,429.974876551671,979.411249198023,954.245271942823,802.472412385423,656.753712964239,66.7837438344097,392.296399419954,64.9597331548034,409.225246803685,314.828187137756,-219.537445602077,241.06256283064,36.550468350491,-301.660342788637,-393.968736446091,135.68434360353,89.8353334424545,-86.7247557540563,-201.122194593756,-236.129508471686,71.989000526566,36.2678954344772,-92.8507119076863,-107.443599337151,-67.5612442919327,-159.259572586238,-60.8576829018632,-28.0829049320505,314.924087291795,-63.0716403022762,146.547014193283,497.185601537493,111.293216559148,298.689020582079,154.811172411716,143.209099454953,295.671483886063,413.975469667663,253.431148783028,426.064304804033,178.955272812987,186.421051700723,224.06772669571,687.31810410153,242.48683724589,527.175073378739
-190.261389986477,-137.482361074418,-729.274960273636,-162.714184227515,-202.036498026871,-108.855583186687,-200.454781792218,-334.751550915018,-141.499577149888,-348.103838747797,-468.915064579267,-114.881265650154,-270.773247857861,-669.88592814059,215.263208553103,-294.850736951096,641.323638866649,278.225596031407,-162.544675760835,548.521871755702,218.400485306747,582.544678596699,87.2434699783181,-617.834990439049,223.961193671028,-515.426032189223,440.27833106708,115.847477635492,-608.66398080965,225.133148028627,-134.99080994835,-457.57156015931,-506.457855426044,149.853778511663,27.7286812275791,-175.906490562166,-293.847882127067,-289.473170073368,38.6268115071996,-30.5038073170744,-131.625168943698,-141.092022233727,-89.7466520133435,-158.223619231136,-90.3645010908802,-214.59203959802,224.743245641436,-240.414863139766,18.2931120036547,405.718449642673,-130.739412210297,239.603003557504,-79.9715213036354,-34.2701585366004,151.907962594169,303.449128915759,80.3221740125139,267.791300068859,24.4129842774329,67.3411970341931,65.3052316170537,523.983104653858,175.856525600129,389.468706730927
-328.286945356336,-244.608360113984,-909.662219573963,-277.44050978018,-329.984480490177,-294.498537227837,-360.373235627045,-474.25560405903,-411.885886652107,-558.136056502552,-633.994079052137,-369.691218849847,-628.239414707101,-909.94445434963,-163.84901670283,-899.317955158838,253.300900346504,-419.185161284151,-924.580995717744,-72.6267306797493,-715.852322074054,208.952239562147,-538.612108731121,-1247.04402141581,-86.8189597192317,-881.936931050539,325.571607057416,-99.9149951658571,-774.444978690491,129.676563344212,-249.178970532138,-500.873251026878,-551.444846728292,119.432306463542,-47.9941177583378,-209.631264825211,-328.900405540398,-318.960442964464,-5.96893201694269,-81.9814707274966,-135.35416683699,-156.537469714188,-104.937819608292,-146.87936461524,-106.08313385284,-316.794343065144,82.5307349472792,-313.209719387502,-169.567824278519,251.073656805092,-278.901364904253,116.41406457935,-269.616629835497,-202.171257198967,-33.8283349578581,148.712889468884,-125.200244132173,55.6339521701015,-165.838835128582,-78.68597963846,-125.846413348784,267.212771926154,84.2572468027494,138.817909486811
-409.65368721421,-306.598148784798,-1135.99636149374,-325.337486391355,-438.146039218847,-378.723269868047,-423.991522700109,-553.357749493039,-547.947295921287,-664.575969967364,-764.190658516636,-502.907684661729,-828.057720737386,-1016.92318016605,-448.753294723442,-1311.00576708615,-98.0622255374762,-926.484199948606,-1469.32269014981,-569.735110284637,-1334.7685232559,-92.5956628537889,-977.668118203075,-1483.88472568628,-393.540450520803,-942.299799382558,133.099631979727,-268.324542755452,-633.322934617087,19.0640894215905,-243.299237786346,-376.902834519523,-457.788315185802,86.1825393929026,-67.5260850608773,-152.620236687533,-247.565909176228,-274.906386553506,-5.97362782873923,-63.4491486959083,-71.6228879491632,-114.555640123147,-76.6603923431377,-94.1654041842818,-78.1305962522856,-258.56845276725,-54.4660081965057,-183.328849470509,-316.489376833603,46.0125196161356,-240.665795291596,-85.3249973687098,-321.276429399317,-264.161169272313,-226.037068162044,-95.541286656233,-270.087135025195,-214.538189080642,-322.88209280481,-217.034858484313,-327.225275602234,-50.8487669898887,-38.9782054500171,-149.685175337077
-494.46884994932,-395.131995962062,-1267.94445415482,-397.787368502377,-573.575348227272,-389.482748461662,-459.915874149165,-653.196742209138,-576.553658645656,-724.368108604335,-906.708224565857,-525.96716691777,-866.456558918695,-1034.72501279428,-583.974465367389,-1427.89500229493,-326.285915319034,-1071.73811137739,-1606.30745551842,-785.628889028116,-1453.12281416291,-242.750447498012,-1153.50407065755,-1378.61577018702,-583.511750225448,-868.615598068917,-52.7674890865203,-366.803256583104,-415.793023456897,-59.2679138443863,-177.105509823412,-207.567133340033,-275.548327876182,57.1440699101313,-42.1441911751615,-65.9406037727845,-104.594675926895,-168.416791271866,18.595330815962,-7.63004626390856,19.7807515258407,-35.235579412324,-15.7455683601117,-19.9933039554242,-20.0537924477292,-165.59931210172,-156.838663677639,-23.3840046479127,-411.147719302047,-209.681497036567,-165.989885720895,-358.859218330645,-302.669787034382,-296.984021608281,-428.477900112126,-430.033101440441,-381.706825872657,-522.207692479462,-452.246398070205,-402.048628312642,-571.830966137315,-381.654114313995,-253.186291580199,-441.489955856241
-590.409524687632,-504.60850837412,-1298.56901371528,-501.670771399811,-681.182205415183,-373.521940421607,-510.502652850187,-747.954508830525,-579.732389805098,-776.463059017809,-996.182254433678,-511.068985013342,-847.075933770555,-993.991101644629,-613.443293535698,-1341.7400230238,-451.918553170384,-956.246377567072,-1440.49499596975,-792.091440516832,-1273.6473901228,-310.047942092664,-1141.39659401207,-1186.49303024873,-661.092439235304,-828.606325722374,-170.057154893168,-426.355677282549,-330.813833080759,-112.282727981079,-153.923190687878,-115.243676907032,-101.974555833223,23.7867732216712,-33.7836261526131,-22.4177492364902,8.81424373355477,-49.262298874587,18.9495225093177,22.8564446000286,91.5568397015472,43.7103736304236,41.2533297434631,36.3862424857148,37.3931641510139,-167.922487747779,-221.396986485884,-44.384488092272,-489.870948724634,-466.237792851132,-193.954904611097,-637.012149841015,-282.20557066468,-389.591613847508,-610.154612223602,-758.148820227696,-481.74714185017,-802.404526601475,-531.333247676112,-618.662356869779,-832.028251543931,-665.815336960486,-507.564578835486,-714.815483583909
-614.441852572798,-534.554772336742,-1355.98016332919,-520.829344591978,-650.222410059189,-326.169641519948,-503.849659613552,-696.367669641326,-554.684816591687,-744.688981846134,-890.41936733232,-482.932422377604,-796.423756058643,-839.695982847268,-608.402438461373,-1185.4913159475,-526.892060387117,-796.28526064344,-1188.00643862275,-741.611569033859,-1078.13432149731,-376.964558779031,-1028.44805707456,-1024.51955165563,-673.668009092597,-795.995884385437,-221.282762438548,-460.659068512751,-324.859550912413,-153.864906998393,-181.665270814237,-75.8749456958021,20.8304255112307,-10.6853350238611,-61.6309572489245,-18.3573153742498,66.7102544874041,42.0276256162461,-8.48384501144221,16.0045805960321,133.044098071551,101.275578536066,73.3124287220618,61.4209167252575,74.3752133222989,-225.527620982439,-249.061801061926,-216.672873284337,-533.002428814659,-630.598662818739,-261.812402012301,-818.330948396635,-234.690537272828,-473.80837727183,-708.926579101279,-965.554881500039,-492.065306620655,-974.150004944365,-484.060464883414,-703.452236389156,-996.535578846255,-860.875291275716,-620.020437236265,-916.842532099686
-542.609517727551,-475.832059175268,-1439.55808840174,-420.903599907554,-523.373551200905,-255.433093215853,-393.503675866659,-491.130110344312,-454.736706427511,-580.090945773507,-632.978321676579,-432.436901456148,-671.007877200147,-592.421939419965,-604.754273892991,-1045.10351158567,-579.330329714118,-718.025602868294,-986.55438267658,-703.687363799406,-969.653289004093,-448.593661141466,-862.90075938708,-846.137931896604,-632.498471886235,-691.877464794968,-264.816567625475,-448.148987687969,-269.173451546467,-187.645912962815,-206.55690227724,-30.035433344128,88.2674340644386,-56.4586283231572,-104.318236740884,-28.3941311283191,77.0732415602973,72.6469965630105,-51.5408699815854,-18.327748005217,128.143074123798,108.944318442721,64.3635572440799,43.6012269779084,65.0042450868611,-226.916811046023,-222.418852796115,-330.690114663795,-472.685767369234,-640.069062081501,-245.317201348677,-823.078938219689,-145.015090441502,-412.671488405226,-688.591104153031,-989.606708666311,-344.829148373399,-978.587619725563,-307.468848659249,-514.731973918002,-971.167024536946,-935.370208706733,-491.620698629618,-976.384499342973
-428.37286140797,-400.963229510294,-1436.28513915163,-292.399865772387,-422.499824504007,-184.914911342646,-245.792626482247,-287.911545115027,-288.185597209323,-362.91476990522,-409.528972846953,-344.675848475984,-475.902274465055,-384.157073272308,-550.724939226233,-925.72574179411,-549.411982265828,-662.421592158198,-850.780045843824,-606.048191705543,-879.20250190048,-429.934976418372,-656.446796909401,-633.579432659989,-513.610808214504,-541.168315816437,-301.810373550669,-377.158253885184,-175.057014244809,-202.398646240898,-207.760051902156,5.76325715266671,116.71947494559,-111.762529734019,-135.847608946202,-49.1521401003306,53.1224629693873,62.6166631006678,-93.5760968995645,-66.5496937797336,75.9254298109591,71.2795743296299,17.9653682277166,-11.3274454079961,22.4268337980784,-125.060378432665,-90.9969348964958,-240.121529114398,-258.669419846485,-462.405931433731,-105.304844860579,-593.884553151405,-27.8815138495799,-148.124083776584,-495.917423385962,-772.181223554458,-59.9887646119172,-755.002908278508,-68.2781182791468,-72.2901682046151,-703.006025066974,-810.580290520302,-180.853118565774,-813.784184674318
-310.754827354709,-310.330964285228,-1367.49030441221,-196.459414606079,-312.616111797357,-119.679069041616,-151.601038009953,-166.753152762906,-132.474562164905,-200.057472143923,-251.344473125303,-227.884935591,-291.34440023251,-273.914744412333,-384.796559771862,-784.982671502781,-364.530487805109,-523.481811622431,-723.803143018154,-379.75576184824,-739.131109458677,-269.880379292189,-419.718847042082,-437.900751595306,-357.978859941091,-428.254977622908,-291.951649599592,-305.17329274684,-142.164899670781,-202.909228010173,-218.444494640563,-21.6125564688038,119.991493269227,-157.693958459496,-162.347223405577,-90.5298482620341,8.13264675851778,70.112394668638,-124.135027612973,-120.028299649968,-2.5624086522189,26.2107740156057,-52.2799788193852,-87.4289890677253,-5.41598858287941,26.4056843727183,146.201683194371,-11.4250252741544,64.6370387393032,-107.150450379117,96.6083621682128,-146.015022229358,109.598708738918,230.530303824271,-90.9104633874813,-306.214461806851,259.254461998195,-301.855591088365,172.285111090808,439.585588895763,-211.141083812588,-450.716961231198,176.566048239147,-424.792992070527
-206.928695804141,-160.530259973829,-1348.39331049649,-105.832917893621,-80.1444203243407,-70.4311302332463,-117.866644012893,-46.5994833119588,-50.9166436731567,-88.0885425386674,-47.7796356517772,-131.605458693202,-165.581136461178,-175.269616383092,-157.306107603002,-589.578222040368,-97.7707466201294,-318.528077740673,-509.058902238834,-116.263034411938,-550.653716767367,-92.0907478292625,-202.959816958667,-238.060890210077,-279.905039396526,-375.470966901028,-259.031247135836,-311.867996427858,-193.752838681319,-222.192112784044,-267.272054034576,-114.491171251378,88.2378529189408,-194.832619215352,-208.008949067481,-155.086583554735,-52.9239521846258,100.119331261458,-154.517232201012,-178.508374830294,-89.2069190896306,-13.6288447723267,-128.98265466328,-170.9336592631,0.628529171647566,135.067000225631,390.595106227043,167.116260453688,356.478295822474,314.928129397768,232.655444930467,350.430225198284,213.146550606269,515.029010652935,398.051685266532,245.27694536206,450.336122474482,210.57251385548,328.428545566378,751.817486123561,320.3369779245,-0.645099987834319,405.683650731147,26.9130359426774
-92.2078701664699,38.147965563734,-1338.44401209597,47.7172607023284,222.126086666715,-31.6061924473372,-35.1822776693791,164.706037658407,12.0871901105244,106.038123323281,205.845048264124,-69.4747633077932,-12.1863516720598,36.2124217883472,36.3881618634084,-298.932569858915,91.9176077339747,-125.307552177184,-98.9546892501048,27.7814802873389,-291.934910490024,-51.4603885834455,-57.7312219532702,73.9677244563583,-298.654168783907,-305.77210394194,-229.130384692837,-357.696254328142,-215.263159410865,-234.794231980861,-293.138602720918,-171.004517145398,73.4851816822392,-197.993065583251,-224.501431723095,-180.08629780277,-74.2798033728524,155.126474199282,-154.563296951557,-186.858496622025,-118.959841198543,-12.3267124955081,-138.192596769904,-188.684715499173,69.5562586596204,206.158605369101,551.053959284522,240.026895041279,520.050414121065,642.632507184578,245.922238372688,669.49203585174,225.730884355892,571.300792596255,718.350741280809,638.065042743305,438.906672322899,544.806923033382,341.434248210097,729.886899051752,627.488165454419,334.691244820411,402.869648891402,325.881390750761
85.1678877265994,201.224192862375,-1207.72524073778,261.680178688935,374.96897089073,32.1259627926556,176.729649231574,399.085226512679,143.145823646328,434.624135369343,364.795089044211,-4.81441755342361,241.98826418936,348.413630563068,158.045654465393,65.6391379531314,132.03160623115,-15.5271986440004,430.177473919139,-21.9068092646951,-25.2606594101444,-173.547492938182,-51.435474585684,379.554351070133,-338.347406435726,-227.977209444474,-183.352796858882,-353.836411692502,-161.997379263189,-184.380156796097,-239.184898608679,-126.145690344937,149.598583062471,-128.055551048341,-153.710307100497,-110.838238270985,-2.17048274904773,267.062935825242,-82.6458678294196,-98.461158158238,-44.9497774193395,73.0921104685863,-41.772129951439,-92.7150220804826,214.016534988306,320.950457242021,606.283576509762,323.437364616463,580.225542990101,790.128709915574,230.389042781307,731.189672115037,199.944485264038,486.73767166033,752.504938680959,762.726805280526,345.308285465171,619.651947580196,283.500884272992,521.662156382713,613.823538577449,488.432627503049,257.879183342716,399.456128492522
267.086258872663,205.617468010771,-1011.67528055143,367.264339870488,232.670483982744,89.47631847955,359.406571229566,432.05773951527,249.689929420327,646.633513199088,314.655206761552,22.2346811263806,436.867668653603,532.20782475699,201.741870214012,338.491321106143,76.5936270520513,-59.9953795362474,753.308989689694,-211.084975044883,12.2422275133695,-380.504884403504,-245.147898484879,267.664780588202,-394.293756929507,-330.541821495235,-143.051462564202,-350.115505685439,-222.352484251131,-123.185510084984,-207.68905963867,-123.085570038932,206.548113869885,-37.5563384418696,-81.2201902944152,-52.8824229049281,52.3191152231781,342.284765715243,-7.00381516265298,-19.0525126009043,21.5886525854765,148.687641433559,34.4293469853036,-10.5557274742828,309.039576230494,455.923595579728,565.792967286606,460.823712219545,589.714518442076,788.731333023347,259.762150588087,639.337766591078,200.504474012546,412.808360502072,617.369935152015,708.975863478401,299.668777844794,539.48233440184,235.368841659719,355.195235380825,419.909143701095,509.531383214884,124.168151985379,318.923380059447
332.782096957348,46.936189334374,-906.753241862177,221.30436571756,-75.1095796711144,68.5700173174364,284.932377024046,160.869965533698,178.362907961136,474.14026666374,118.12465525283,-46.5830490799939,387.189352912793,402.393283745614,224.797052365289,433.393247513486,71.5929388516879,-166.456212565931,735.482473903609,-335.733747554273,-184.708656706199,-522.702306292545,-493.593671661141,-312.394175911372,-471.84772979922,-626.227311905652,-126.020719561228,-408.415116640381,-480.987368879403,-123.859924949468,-288.710753996266,-285.935702527873,53.2701257990691,1.19028737262407,-106.639219191435,-128.760439498305,-57.555200701473,199.370667592974,-10.1563695868845,-63.1509827337791,-49.1308456129954,63.697530250715,-28.3888335267271,-87.191106714149,199.66838138839,487.499776101801,475.083585292097,529.290256224675,569.625111487427,734.733878565577,252.057434067171,557.219829145288,167.682626669538,354.27292678929,497.040524778738,649.321200461081,257.146565869458,453.134508247553,150.651916406339,271.238186525447,247.524859836283,458.141436811593,28.297116442009,193.894468142255
294.418155765457,-114.238472055532,-836.28042586128,-62.4526627760753,-308.131361623575,1.73869553126534,14.6860514618638,-227.68901820005,8.88762935858897,67.1208505399013,-102.851487052355,-99.4504841332229,207.868877418998,92.790021870322,348.01659245997,490.908281717911,226.343093333238,-100.15858429679,658.628053952813,-229.011446906562,-242.934335952156,-476.01953619258,-557.483950508216,-771.577978338264,-506.658640049159,-808.369140457526,-86.3171332261091,-444.150920631739,-677.68326774578,-140.200035232592,-373.800778343934,-472.446225628331,-271.899027609969,14.8911336505289,-167.310916456142,-264.500637755398,-271.491506925132,-156.861334659921,-43.6461706699454,-162.831918447087,-211.18147190639,-168.341129610989,-169.520244599275,-277.296463232943,-89.3426512866213,352.884889881526,379.252098260957,407.032775327861,518.163582313859,667.489862557406,97.6479202012023,542.062059451988,2.45089900935455,194.337160927503,432.532910032522,637.799265098531,95.5057797790136,404.486791981539,-35.2183176504182,132.606413175706,168.374930147576,363.499268255793,-102.235158082345,114.470314169772
239.178355556589,-186.769155234196,-627.162404872218,-297.297204172573,-472.799121981975,-38.9508255887879,-215.197597009354,-537.060586049806,-58.50376823046,-239.699064456928,-364.265734464156,13.4637747976675,119.466817671856,-158.956230655365,565.249244764173,576.962314461721,458.372761379782,133.910859726682,705.971426001745,-13.9673169297662,-20.1728520273261,-294.64867969037,-486.761421685936,-718.182607181451,-501.978874732337,-727.601111169011,-20.3505739445873,-404.561048511914,-633.205820070443,-121.185653771609,-362.767688015842,-526.623113775832,-555.726655731332,45.9871055301335,-177.343270259988,-333.036426339031,-435.703036258096,-509.103725980397,-36.0074568546148,-210.305562366159,-347.895036614728,-399.681014750367,-285.993773045808,-448.674491600862,-386.600730274656,101.471470604648,238.34765177035,115.255982962505,381.615026152441,499.705922643158,-180.120462884552,466.653790051738,-279.442976964783,-146.47206461602,284.31819332813,523.005386495659,-211.896209804896,285.446776100489,-291.091604279006,-195.703478651597,98.3481893229791,212.525424529487,-312.080080282986,114.335801273988
177.682136899357,-251.069065274344,-352.393132288778,-478.154748640664,-758.918850019445,-74.6755848438504,-359.833816948864,-816.926314944117,-9.39359867094558,-425.411023374816,-717.840202841581,236.63533378102,108.945506915135,-336.278261789585,704.027322996875,536.688478107888,596.395786484028,251.681442777965,659.690148028343,70.1404905983804,128.519809232307,-110.035494898527,-507.809110004509,-529.778722871813,-513.879586583334,-617.947376622104,23.3874826476196,-367.337457899356,-541.840768982854,-95.8719788749595,-320.920796037773,-513.279653185187,-679.41675858292,83.0835826444559,-157.258627456732,-336.410461396844,-501.9652437458,-670.150780476761,-2.51700720588734,-206.188453951077,-411.381589920036,-516.959977593618,-349.82976809535,-525.705396954638,-538.52826605624,-153.089001731985,-4.60693557278238,-202.077494973239,87.6364753429317,158.373578501984,-439.780361901466,175.918717394374,-538.011588793189,-573.581060534758,-76.7980668740619,150.975788130464,-543.449563545863,-21.026493530552,-520.249140937462,-670.264348750114,-71.7641472553606,-14.6378559029506,-542.179692589215,135.341148065652
81.5235028502801,-381.354566292655,-193.613700557904,-691.538356483017,-1144.26836098821,-128.923491825074,-552.790628650574,-1175.14408801411,23.4837501775656,-705.042030454754,-1059.69391785329,416.984707318117,34.9569697718906,-542.683164029632,682.532676817248,303.990263677872,613.495437151305,135.391683686168,337.812388652776,22.3971913114186,-87.435155438698,71.864424916688,-621.748082060663,-717.847281458934,-482.577421372522,-696.239824416225,53.8564700059124,-363.906504811728,-604.443010135218,-77.8457411088492,-309.882529084431,-526.860871795409,-667.168205518964,113.083968373034,-137.736097501134,-320.6533535869,-490.061510751972,-633.885006730156,24.0417445684213,-179.736090373935,-394.701820795784,-497.410834287616,-348.812996864925,-482.388776390663,-507.208255969155,-322.984969218393,-285.603524575762,-422.863587030548,-318.910039372479,-234.709245253748,-580.573595541307,-269.251279354053,-661.632634596821,-873.840903615272,-560.504136272462,-369.03846402262,-737.447189881774,-446.372630097258,-642.88603680579,-1065.154122059,-356.866011002403,-291.977941077699,-674.164294156576,35.603325122842
-16.902990854246,-498.461713730671,53.7278202882326,-894.46115994484,-1294.44164863728,-112.099991611773,-796.21965144923,-1462.83147467987,21.1771692923342,-1064.8339357274,-1153.99996295373,550.072225773894,-71.3553134833127,-702.94745494078,645.772933745437,79.3982863158489,644.510668441639,19.066209552163,-56.500434086046,56.4828130257075,-436.398775229312,332.616080833701,-602.762676157763,-1156.94840468597,-276.94786539871,-823.360295201538,137.370460489929,-288.715862369751,-691.622104230926,-13.5106789868668,-263.311753849442,-507.359276538014,-576.543635104311,154.330266814481,-83.0984202139329,-262.169947375972,-407.034555874538,-511.365538282636,62.1299075930075,-116.57858097523,-297.539708081913,-383.941602795838,-263.823206974196,-333.274345385654,-367.326034290754,-400.376166522543,-448.864418764601,-526.860728362504,-628.152860784923,-444.117726061787,-615.253312260896,-607.780709561597,-660.395716502962,-938.777940183027,-906.758166465565,-716.5340609642,-743.568888565937,-751.788318741325,-641.865395251962,-1175.1757321199,-646.100239520868,-532.542922490348,-649.162671604566,-253.181887401896
-17.5112736827428,-443.994377101318,832.527170367903,-906.181685107937,-943.264460375911,63.6848077245309,-867.46581063563,-1376.36356343994,105.421694494145,-1175.57157382769,-839.405262107274,726.692114436971,-33.0033489658155,-597.476636620153,734.238371240826,64.0754719869142,777.220800590256,121.086808191804,-217.331605702918,252.710682567643,-491.665134752466,645.220989678677,-338.331475668413,-1301.39372594222,73.6904123921316,-708.471177817164,277.397619164611,-62.0782977658885,-561.995848412381,125.991927811377,-108.75954225824,-362.484961968749,-445.31540424101,218.682403328609,34.2339271922208,-124.280068560196,-268.190907347149,-393.056590944278,132.575744994131,-7.51863323565791,-147.378189413346,-243.415314523508,-113.185006545419,-145.812047442616,-214.92714499019,-413.777123280731,-421.778196452985,-527.290977315669,-666.358869686033,-414.737892536837,-573.385139655621,-682.9527983046,-577.944772733249,-829.359332096457,-962.665362839997,-744.765454416244,-620.242616250498,-809.712245272914,-535.729949323303,-986.153172572342,-785.608795850826,-664.224567104852,-501.899357699976,-571.060412929027
151.035725310693,-173.237070990638,2033.4872895206,-626.168810601625,-254.279765998019,334.199011806531,-607.434836297992,-869.581962918448,295.957282890875,-836.116026818579,-257.512696498629,899.6764387712,160.617798661189,-203.97662324653,842.319152171921,171.000520228595,900.709000989565,301.146024900629,-159.476450964459,398.281576136805,-246.164579148147,810.294645250309,-14.5707428845548,-963.242197335284,332.112833043398,-330.666999920076,351.444733587819,210.892264980385,-230.013126814496,255.14679712699,96.413210211479,-138.092413010546,-306.494558540267,259.516255683743,155.042363251405,44.9718210948454,-123.915354755295,-299.037185451481,188.422455428232,103.659641771788,3.37337505251594,-117.559366596828,48.7996431305601,6.8427362893597,-84.6691387901116,-398.694644774076,-293.022195528373,-442.215100366512,-512.477627317537,-354.46898932524,-467.183156253732,-613.102548350561,-434.870866700727,-653.261998464811,-833.404709109687,-666.213395404031,-445.657690881946,-769.257379793098,-361.557463750069,-664.918931866505,-746.65278602322,-715.082550261429,-312.181285271736,-688.854804755804
462.853340750019,232.203304606929,2856.38362277227,-137.28364992727,400.022048531743,564.288846157214,-140.194237485223,-179.201064509579,438.703487637295,-243.829319648786,280.935281655648,913.358247339518,306.193719246238,243.147515134129,786.639661671743,184.141778504879,864.859838902085,304.181844683858,-117.738841337464,322.668608774553,-50.2292527106054,699.165305557072,150.175737620669,-454.310114700714,380.452031066115,54.9430691853742,285.998152037792,378.258488759883,84.3178300817859,286.307049591326,244.933210182136,38.9628355194393,-198.195863568737,233.17826562508,210.095857800053,158.985663844974,-23.5208261592196,-224.197927189885,180.33827939733,167.330775449107,105.143271879983,-23.2538235952351,169.206524787149,94.8926247285722,18.8002519735429,-385.445343830341,-188.601434820557,-332.482392760602,-370.477574908699,-426.349133439727,-331.798525073169,-577.331988813704,-259.962453262149,-477.472667493286,-713.87942019974,-683.573140284431,-273.179901334648,-772.674905243923,-177.267079541593,-394.506654621585,-623.055645042746,-704.341676742614,-143.166550289151,-563.255729585707
812.540601027729,671.25858704314,2763.58712036045,397.013443899373,850.425154487051,672.462717041812,282.386911547281,471.948453283868,419.530939276442,278.437568439277,651.823633527315,725.528070013211,288.334291910876,550.191711644927,600.814734980863,121.947491463599,703.178270947857,195.874802414831,-118.318437605311,212.58801135247,5.26681259322076,491.645486663003,215.157645247443,-31.1253960460411,407.863556628106,258.363498096684,203.668397640784,428.675099072332,235.042788410991,257.07576459396,292.69771229085,95.3333682465651,-166.493287374784,168.891203894917,197.949792715333,173.703817668561,-1.18738281386179,-205.543283822665,126.617478471613,161.464207408955,108.419092223647,-11.8830730889894,192.817116218564,88.7566141480923,33.4014300139749,-364.305173434074,-155.355545438914,-281.107666453554,-325.734194623631,-537.661338931501,-205.291319922682,-596.146593901938,-96.2287945286414,-330.620063260891,-667.954617599082,-709.477544569089,-134.449567393952,-732.720050803282,-34.5137560425424,-228.983092699975,-479.235089818995,-574.359872214986,-14.8177770682544,-337.694241739292
1081.6474259357,1043.03675490306,2166.25003835935,835.520131378956,1128.2564352546,644.145982797625,535.164278083721,957.910085613177,307.187176242985,607.972154245771,912.373325307982,460.747927263162,222.547695711321,721.4458896604,481.064681181344,224.52373649294,551.937010173901,286.797071477141,64.253861728021,337.176082344305,232.360958819838,469.155976087947,382.298819700866,402.383502689511,576.085469771133,335.596769146204,227.591550140879,428.412454954965,251.408442327487,234.021066665096,250.748277913481,60.1705954192898,-203.651907648373,99.4275506572775,141.472091845073,103.983369072478,-55.0403731556847,-265.188737575802,53.9169594805241,87.3559060869855,16.5225456691939,-105.778079221629,103.407496077308,-24.4439725913558,-79.0768877367248,-309.568214367899,-161.453278907444,-307.218284046764,-330.585923443608,-531.388272591903,-100.480568674798,-579.634587084294,25.5849786753124,-222.362844972526,-615.010694999049,-622.935504606592,-48.1004748131808,-574.911999643379,55.94427309325,-125.290920912179,-332.720975964242,-363.208779890997,83.7446437693249,-161.843928434228
1267.95170714377,1313.99669410657,1801.53765745146,1158.06100711693,1323.13454628051,596.091959376448,722.941708854921,1270.3605504221,307.152245572223,852.722543083364,1128.99779745616,316.011019004335,312.221672662388,881.686081967798,535.733685069678,608.789740955348,432.21211076288,696.110324372178,516.997915640738,625.170020553212,791.224264227222,605.832157540723,682.306326990233,992.326722029513,767.047395298606,490.352126646861,304.054738661861,438.544145738003,297.764402961525,236.47780943778,213.406536577623,83.8392358936149,-140.111527668258,42.6725636386805,100.517855360227,67.888532667652,-50.7304308999011,-241.467723204729,-0.135647763558866,34.2261076482158,-18.6640430412701,-139.364769555552,31.3542872859492,-106.629144329905,-146.188943297296,-206.43726959891,-91.7122405086243,-297.441859109539,-263.108558503608,-345.604893644063,19.866732142701,-415.700240195899,141.95892753969,-106.084974559505,-442.759288370981,-428.17854880301,26.736473157679,-374.659849709168,155.757597666186,-4.51619351602817,-176.971164568465,-181.4258072031,209.846591849078,-25.588828849268
1475.38292176859,1550.44425093737,1781.52798864405,1453.02309913578,1528.87676772425,712.17480469635,1020.85286894245,1530.05682118051,563.309934234376,1156.83088517519,1350.379518597,398.70218413516,633.529416300249,1115.1271287995,668.144735450375,1070.06335947622,214.713081287494,1153.59363189107,953.536064300277,750.134367544412,1303.31958943469,573.69008685371,924.027698900347,1527.25239249401,812.891513749429,800.26003739163,339.773475813822,515.066930917542,508.663080696255,294.959227672576,325.331376156555,315.763283538271,221.78354900089,64.4575055624942,184.114675032998,222.763894630199,199.175433195068,103.811731869927,56.2203964587735,149.56912946332,182.707977528171,114.565437695821,168.723552046363,55.6396744581932,88.3922921947044,-21.4298450098215,201.268100570399,-101.39949827176,17.7654171735672,64.9880454850246,219.409686141049,-18.161872805105,327.420010599327,117.958392699204,-90.8612647721005,-76.1648403710319,189.631110723084,-125.767110289824,350.414022526253,227.040285009665,64.5872297437992,33.9644185005805,436.804330083424,202.766806294656
1686.85890971009,1753.21749658991,1698.92597803732,1712.31995645122,1712.66077787325,946.099530615228,1365.03884000112,1761.33217208521,922.110380641909,1458.38086892366,1523.4847448046,576.266867833032,994.161280205409,1312.04797088713,661.676267630908,1242.4407727392,-172.444800669788,1234.4234832468,985.039177944712,535.002823845421,1254.25729092287,221.888764123706,914.867657724169,1570.07057501155,706.065072909824,1048.15478540534,327.875966146434,622.196525314208,776.060073314311,409.660408961933,564.751227605404,682.883990768581,786.940850391442,199.320232760938,397.184562588265,537.768246137369,645.209733112467,702.289197996652,245.980927541256,425.998438106883,561.882412871122,599.29576052084,500.989711513223,445.497579098775,588.579980551795,245.834696558194,695.552140896638,253.52464472156,503.13049381606,674.017395177043,451.646925776867,563.212555172612,537.795344933934,459.793805660938,412.139417205558,494.7695161657,460.336598234189,300.360053847884,613.332888875887,576.856491184883,452.13786951616,428.237988516449,737.349808540792,546.631559558923
1716.29484033751,1775.78529141317,1395.61283489509,1775.70472405448,1693.47033219192,1026.29501969456,1482.08558338626,1777.58710106697,1055.37092405188,1522.69123426853,1470.00322360597,608.936843061658,1093.74378962411,1256.59461861311,415.394547900943,975.877630311191,-555.37292495516,793.973718314897,598.332397054341,115.746860161706,639.600513728073,-165.638483008449,640.386076878415,1053.99912626806,483.436841633385,939.035371359199,268.04365169336,569.360965293928,832.83473073957,451.497787332337,675.858586333884,922.450158016514,1192.23312517432,327.169577429151,545.372730478951,756.321373037893,975.542578118222,1160.27911203586,411.416100116367,633.525063351732,837.688172143512,973.251567813176,768.243918609708,771.113762813279,1000.79784127423,468.06605785135,1119.39736510092,541.293342075175,941.408925658655,1220.15649964565,534.180063707665,1086.97811900384,601.129310182319,742.897353511543,906.195118016406,1101.94045062634,691.705376191855,845.815186298469,787.015573839956,889.600377083345,852.042395149813,902.480834244115,959.417023328655,834.593257253249
1463.81318581959,1522.43132159578,1089.88100331856,1556.43880049877,1398.27859870724,855.2923834558,1279.70860664729,1472.6693856575,886.677625381772,1274.98426843958,1135.78992189873,466.11076089159,897.27009725601,936.227710704114,116.706674294394,551.13289243859,-647.563699130041,213.267261433778,232.414804090985,-170.480378066379,21.9479234570126,-229.013856963523,292.618448554118,454.085942478701,197.181228641434,470.553965078954,159.457271800502,232.32191754456,571.478230993684,302.536848828263,471.210849784365,868.117151815191,1226.55074307004,304.549773449222,452.343929868627,690.97965565716,982.588829472716,1235.76059004416,394.834810513125,590.338480843242,838.374555081141,1023.28344345564,779.459695051711,823.233438916141,1087.08709567485,503.133215031635,1225.20945207338,586.659926648931,1067.38915723544,1402.02477798678,386.873487755264,1296.1044921362,461.710377780974,751.430872623742,1156.57147367365,1423.52748579116,712.770316832247,1213.00015345596,763.805169920668,978.46305859143,1025.80667609434,1180.073081331,977.247389492545,909.092019786796
1065.2116706244,1128.03051065615,855.647972086238,1189.14151788168,1021.2281785402,627.5148537789,975.217632758559,1052.98305584545,669.927456948296,940.601535863167,754.754579070739,347.660117030748,682.374842200129,622.470011445271,70.1283281075815,414.853775562228,-349.869451723217,86.1047843581856,327.9751727541,-12.5898983063489,1.3411740266642,60.0305327684041,204.248994771215,285.471796470534,37.6902651460881,7.51605268982126,90.9364011512492,-179.188737928555,172.483403158383,80.3091443431856,112.332628245222,621.763510030542,1048.48814947443,187.93336093172,223.068705673934,459.02636499606,801.43234798322,1103.17583429175,270.641141877126,410.260223341609,684.025682563535,896.426287970946,642.967140264713,716.40750012552,988.194991648842,406.082975395548,1069.94785616225,459.49674623255,906.744297664181,1249.37644123113,197.624369373986,1177.30457813058,306.817470119399,508.073657902094,1087.87958542455,1385.09547922646,560.914839505948,1248.03013593655,636.237773301943,851.077429245452,943.324421416683,1183.20969699549,843.919455159351,831.903749501749
730.232558095524,820.004760123262,501.101821508513,890.111249538909,799.392599913204,517.722938205736,797.496213722409,810.116074666378,617.864415737304,775.83666725647,613.103268288896,382.315064561786,673.202713327846,570.573802062402,321.154461331606,702.737684702336,145.473999598898,549.739781298032,912.944347167842,537.685983615393,658.702244110778,447.592410624754,511.786832996631,669.746884180907,118.234877921149,-68.6093839840195,122.555667006444,-345.906471368987,-27.969815819726,-13.3928194755743,-71.340411843604,450.859095738729,944.684295166541,133.284598537391,105.932445437458,322.743830824871,702.647768788223,1045.7069943581,215.702914788038,331.822698229483,589.785018172621,839.891236718658,571.335838107527,666.936866758228,947.475788092041,361.419043974567,882.331824219768,367.573064550039,711.168044336019,1029.79065234534,206.214423923187,941.403732876692,335.781631429084,311.241467669734,885.942283929363,1179.93008233735,468.521572640661,1101.23127736525,590.385034835079,716.238724227064,811.329047867639,1079.9193689661,735.611583513476,784.445681274308
534.76607491677,670.951518360598,-4.91589225602226,745.139129022162,750.928267081988,493.707652353143,752.374974240978,793.948834960779,670.273085477129,796.434867458786,738.357457640379,467.54469031506,797.062004019795,752.411716227853,592.295404067088,1119.88995486579,524.835806367797,1111.30928585343,1604.42177568824,1017.29993013432,1443.38281296254,671.736744393588,858.549713394153,1283.14281307648,230.699695110571,176.121524023396,159.09975981116,-273.081333438609,144.07269134973,16.5902254111314,14.7030009742973,516.296067792195,1017.44626204113,156.839337657558,155.011224506526,370.24508516779,770.358135337524,1104.81072419291,246.5934186644,394.982693747036,613.768091202799,890.228893647514,595.13244911243,701.362678019045,978.05139142492,415.13776236207,758.916568609456,395.116404056771,621.631368501177,860.119044195747,387.756339035374,753.877872325833,503.334244478893,369.429524667884,751.818578508244,954.700886798278,557.908308764764,941.811006978657,671.370582327032,720.08416008474,761.105531104889,993.141610621607,744.139456966288,820.787842200243
402.674574982365,585.775927612853,-420.099987098904,671.837459482771,735.012178931499,427.487409588191,700.19204305973,830.488107525075,637.148449644428,825.188304176402,915.006483707834,419.69383505742,816.649441521145,921.230588031199,600.66870425677,1236.30529639203,594.22672248849,1211.67946139535,1849.37592966143,1028.94101188111,1633.0164398279,624.44683650864,783.313570251522,1518.29895466321,160.468215972527,273.010817979513,127.295912825295,-196.93158267309,415.146355941269,50.9549312174399,166.455215426448,685.58389124969,1148.38301077326,181.038530974774,230.364009310118,467.815160120423,869.395848914906,1152.39103589095,268.391078569714,459.734314416052,667.775887600648,932.436429861945,616.689451309257,724.86588813023,963.500652675685,445.050618496484,648.404293642772,431.172016277035,565.830388180977,683.071049702264,503.126857537679,623.42048696956,604.647195349874,529.36127898931,683.589619032549,733.076333210176,684.484870240423,789.987251520766,746.165365456969,782.209128086664,725.038096277809,900.412456446266,796.760662814107,839.809016994987
230.862811930685,459.25057178734,-626.715816165042,551.598770528699,646.402617082956,250.495883882162,546.663664707401,759.510980168472,432.020834116934,718.626104012073,935.415826212096,186.45381891468,601.965230806975,876.205016537263,319.859603098407,883.108716281913,387.610221021413,780.643363070137,1361.3321952122,637.795586215358,1046.68802923344,387.189258993342,336.597031680371,1042.80378664239,9.91720656340565,23.9364824399618,105.240296981629,-183.525503506662,408.75733905798,78.2086171914961,209.750162219151,724.397820964987,1177.38381083782,197.109955257181,253.45088010754,490.480070030792,866.068093811891,1116.1777275792,265.733742946182,454.862153804644,678.749906658184,909.416690997131,607.287137752616,714.74735982938,891.954998469808,381.156287149852,527.828829396885,376.710347230568,461.979178852913,506.326305250357,439.004741198279,522.385662899627,541.942299618838,550.92003549795,596.735449685816,558.430347681137,677.679454083382,643.426500004066,700.53914509858,765.00590390551,636.234467719323,775.004331680583,791.67048935044,764.474604166374
7.94140253785491,265.357778799946,-787.770004088859,358.959540907316,464.065079480016,20.2372860942722,331.630520962914,563.25454041014,152.399838272823,498.000776029943,757.759927825306,-97.1475452420154,263.475140188394,639.113015264968,-48.6721002750629,318.74192419295,97.6562162498556,197.275451081928,508.104422247929,199.540343211515,241.099436170435,154.208467512922,-40.8710467058127,305.589790098839,-42.6000739792447,-193.831899082009,142.60429385403,-125.848035865251,237.836570004844,126.90713614767,200.79192793799,619.297151248223,1044.0451981692,225.939397661316,256.327014332624,452.592187286752,758.971380251902,986.666850205805,273.675012488741,418.735676827961,635.294630979198,825.331528264891,581.202066826907,679.859402666623,795.825850190502,285.337793466316,419.750531460347,301.368318377363,334.025976365942,394.196224743186,324.188265196369,445.064405272006,396.075451172431,456.042578690837,487.263531708575,459.624366822985,562.07558848034,522.313052964024,560.474548201154,666.83811791635,525.299412584087,624.435150866941,713.719917076637,615.978486934611
-198.709031665368,33.4956283843245,-1014.28680454419,147.285886872625,207.028342547104,-150.109326648007,149.080378629644,312.046824404654,-44.7524579527489,271.450575801104,460.527276612513,-263.193474143636,13.5554219078601,361.630385013228,-295.515828007027,-67.9767400054958,-108.900999368909,-165.855745746457,-48.6209314699886,-52.5521019444197,-161.53950570903,41.2235714491923,-129.789667558403,8.10786792994455,-24.3016366951759,-50.7530347927842,154.542331500725,-14.2538618583912,251.688430379942,146.785107725979,233.77137515042,512.348500064816,797.269836373927,228.80660861375,244.645018510832,400.680254298434,600.850222903887,758.399180826252,263.418247124159,363.414652482979,530.782164495022,659.488084202745,492.226036623327,571.446324387235,631.92953445801,223.11934243711,318.029818043347,316.216895322045,238.372424554161,329.738764761777,292.371423553124,369.166814848586,270.647855014427,399.303442678256,391.086512335283,362.942279463659,433.128349801004,397.432789943966,390.680959895285,547.228242199276,408.82729281525,438.395042161686,575.26199412453,435.058813464029
-370.974026594297,-215.978410834918,-1193.44124708465,-64.1559239990689,-85.821156791583,-246.165453007175,6.25865035427433,58.2550751495057,-131.275827845234,82.741604324571,134.689671705923,-306.091495810696,-82.5564000407426,120.034772623991,-390.001286836898,-183.263467617404,-233.364612919326,-261.248531577622,-121.85815080389,-155.631546274768,-134.777654174704,-22.2323448655033,-89.2469040635141,198.874682173781,-49.3622989972252,252.532710173131,73.6318159706002,53.0636254223657,423.173652766272,93.1818377704764,261.735976630039,444.129290117998,544.325952105069,161.723345020796,185.002170333736,325.589498168666,427.524210055093,483.140801566099,188.127764388303,261.832134280472,368.394161592369,420.218470078834,305.998528611919,372.868288593436,385.672170189719,179.471971747342,216.499964017891,382.832892416879,190.872710396159,265.288445874325,285.159012289837,272.170370784492,158.40362814836,370.782369035829,302.223964938083,207.272453050459,270.345977546397,230.381091287899,182.2473207631,381.05377078194,251.730584449702,223.177384843978,337.942140692867,232.922153589652
-557.706415447274,-470.973632285951,-1250.54936699325,-297.549631234067,-348.436838283918,-346.044851123574,-157.517707205004,-175.384761281727,-195.816332206731,-90.870974788207,-141.71180219685,-333.239393861421,-118.617918462735,-90.3599550106429,-434.678991879344,-201.636948811119,-376.073561498112,-266.787714652617,-31.2130171666198,-249.535807845232,-49.541568962791,-161.061630911393,-106.213317021818,388.785333099891,-141.851832901089,385.434667088554,-62.4651851036922,47.9453835128282,484.490104701582,0.026431506481245,216.267956654807,363.697877198847,374.222168734935,42.003515266834,86.5782504006445,215.757634498857,276.64619655248,267.945145065138,65.1219378356287,125.953128419891,196.889250730335,200.764721586706,91.0036888028151,165.638392440149,153.202381230219,115.705757647751,144.385238119518,362.462264968602,161.752650162839,216.370562624188,185.751505749309,167.51933783639,19.4493980312955,252.384172987315,197.214978758378,57.2757731546848,22.6556617602937,60.6346872029707,-67.7332425838817,129.615563560747,59.611960327624,43.7538093445701,7.57134345956047,31.0132907538609
-738.857459491701,-668.139436823008,-1293.8649586327,-512.08131893544,-496.477266609601,-452.331227102067,-330.100557889147,-345.863866342251,-265.281886573833,-235.91351148116,-296.844992444575,-362.705966100138,-151.971469755397,-241.248030295109,-483.111481329449,-241.40149083978,-550.405259753685,-315.76315271189,-37.4832169524848,-374.974257055971,-112.068333987128,-362.914000514911,-173.45257146583,297.652043944583,-243.449826341884,342.744260667055,-189.246286303474,32.4300781084167,395.600535197437,-78.1175683837701,140.008801282444,274.575690887212,303.642157736967,-74.6649681692245,1.34588567317166,111.350947409453,185.927837426002,172.052437433945,-46.1320880333742,12.2367501622825,78.2633135904012,85.9118733851206,-51.5161846087028,36.968280899284,26.0266451742286,64.1069469223842,121.856236004312,239.179044946352,134.969606536776,214.563741710349,68.7929981886097,86.3690816868907,-53.0899264582195,93.1600118444583,99.1575312844221,2.63248589928084,-178.923185735787,-33.0426694216387,-222.648763454715,-86.3541451757116,-79.3689212267043,-29.5590324189605,-238.522661609474,-101.891977533572
-843.054027269707,-758.985855702235,-1385.19585194479,-648.750761779507,-520.159383476711,-501.417663347654,-451.513293813338,-441.0642100092,-301.447818404287,-331.614707935801,-347.608665048147,-349.16650936136,-178.586031856103,-323.495353719239,-522.334814697736,-300.636652136475,-675.300669870447,-416.113378336178,-151.87483093347,-471.619386133716,-250.555001080603,-512.074629414512,-201.136297548676,57.3786731777449,-289.148816476622,286.06534679076,-283.226719947256,36.8615839010939,302.526515992002,-129.051295879605,95.3448548266432,210.579880264251,277.481854572071,-158.184256995352,-48.1137480483221,49.4256059684999,141.941659103552,146.383592551882,-116.342741868069,-50.6010320918786,23.5981870439539,48.8139810347757,-104.827912540343,-14.5644994447143,-19.1456799811354,98.132519478909,112.562530465591,159.178241375466,130.711040665458,212.837900867784,115.096901160802,26.4363241584063,66.8629357438961,84.790604061058,46.3949930107685,5.73151733178905,-117.626469965682,-46.8664515549066,-131.252783863135,-70.6665726293484,-100.348825824127,-17.4007464707367,-211.959253995247,-124.729766694076
-884.4088372729,-798.436189953234,-1424.73090139403,-734.632522427447,-515.166328301941,-502.313081987027,-518.409136191063,-510.406727327283,-317.819091305625,-403.107116732958,-402.530213243893,-322.476323165083,-223.059420089985,-397.648320657857,-553.25230627912,-368.243714568922,-693.871065410032,-505.469824163826,-293.671344966239,-478.589357764066,-326.723376892309,-543.593479818898,-147.289383706223,-96.6329842457989,-252.139333151802,272.119207750542,-340.998582098768,37.3217609174058,262.98541974887,-164.359825076614,70.474089651343,162.990786535437,233.550198631196,-214.484560761871,-79.6800250089804,14.8137285158285,97.4777290353728,110.206548671532,-155.426877605934,-82.7711627056849,4.78768496298584,18.0100440792096,-112.297248837432,-32.2919194768806,-44.6007050244524,216.280343773849,71.7886750244445,223.296937486159,153.106878594029,136.537404788837,312.199465240814,-24.2164478845799,297.412547650101,271.800308701286,43.9262726079414,-22.2892848516151,182.312292283967,-31.4939109354721,131.884854173901,183.511452055849,-32.0685112872091,-4.51340346640526,25.2726337004975,-84.4292335637514
-912.266854389585,-837.460048953144,-1372.33389790681,-791.738682632572,-537.941448522084,-496.569108985481,-529.97589053786,-549.75931572253,-332.944641254283,-432.220878646272,-486.035671573071,-313.22388188526,-279.039192962329,-467.344085386422,-547.727474783747,-398.380143584138,-580.897232383969,-483.993755159888,-353.085296357062,-358.130813279844,-261.768965440317,-451.566437228171,-13.9593453105862,-54.424570506574,-145.698530260823,290.271946070001,-333.16327173048,40.1161384521645,250.355103188721,-166.158571488154,48.8655710391404,124.46450955311,178.860298882149,-230.213810204963,-88.9763009267741,-4.55798881179349,52.4313927442091,66.5467359245308,-155.83785782345,-88.9403183971284,5.08901541554705,-7.39257740588253,-85.2163962769192,-21.4257108364492,-46.7904076732208,320.420975769166,9.98105931069502,338.771800124694,164.839714584752,11.2489526814711,455.615737366719,-34.5795830787403,420.257836621599,474.784898678944,85.9621289052259,-56.8311281462138,441.128583946644,6.54256288508927,327.913783048955,458.15953099346,80.186378799128,-17.5310046656741,232.869904395941,-36.4241234491425
-908.794863420942,-832.949178915107,-1337.57952194639,-768.003036192709,-544.338787673322,-471.821052320281,-456.830470960133,-496.933645736238,-316.538886117403,-365.842316739533,-505.18668207716,-281.565951823816,-285.905082930261,-467.229861982229,-457.032679723918,-334.542952046838,-349.963570359567,-317.183982380231,-277.419541236565,-125.461283714966,-85.1927019300963,-260.831515522309,160.495914141854,129.519205898298,-14.3655776854794,338.609644790069,-242.311513262614,69.5772429578065,247.32707119137,-117.158733424112,44.034063775627,97.4515408182675,138.59637974852,-188.00724553412,-62.7937657028225,-6.37295696652313,23.3948914508612,47.518416007281,-109.02783600306,-65.1098560789576,-2.57807863848887,-15.3063653739431,-39.0331856742093,0.971715191563249,-26.910095962751,301.904675694237,-62.2484623025368,321.703889604046,108.52400037936,-92.8489621515627,404.9531056602,-6.74910053014707,343.840089898548,501.11368807478,137.768610543878,-51.1367830181097,451.711005381912,52.3390954938614,321.38059670005,530.960369186091,192.959252727812,-40.9943303620682,258.840476132587,-0.292786452903282
-832.129587520275,-725.126241902797,-1347.7606689425,-633.186254106141,-480.662100206366,-405.482220552252,-323.3834957676,-353.513080461167,-258.340819769593,-244.687986423515,-407.618418190265,-216.440868062969,-234.414884206709,-397.56068708522,-329.408503936095,-227.742627871512,-108.158243862363,-119.867223020887,-158.449062539326,112.523297590321,97.251484616818,-63.9259905809929,320.244761345503,337.664967181497,99.2699157877586,405.987627452119,-110.952142543804,111.426025283344,243.246841931997,-44.920264076156,55.0107427892287,62.8161593277498,84.0043644628999,-113.468736343625,-23.5765925925604,-8.86974363200579,-13.9052786270334,17.7798242713629,-47.9255009230878,-40.1553926955026,-47.3965537411894,-46.6352248504035,-27.2550558284807,-17.5210118214995,-37.9178104741222,166.129146544147,-155.559732711616,152.633449835962,-14.0760216435911,-165.341291941309,223.975315974314,-6.24610371540434,174.092324342817,354.861384248345,142.435670215646,-52.303529040533,287.968639513756,50.1280819026659,188.829539278459,384.392262296045,238.156542878089,-77.5830941678258,146.502743011158,11.7580890160894
-703.148868866275,-525.884887766305,-1275.33905719604,-441.070432925019,-338.172873351509,-321.213578770005,-210.109091036164,-190.802225318418,-193.336422535549,-173.311554870895,-253.289800423129,-166.376031564423,-184.18820080499,-331.488513189318,-286.709022784813,-201.435555483086,10.7524131996089,-53.7577462123931,-132.011230717052,219.521719214941,202.105062301311,22.9569756922034,418.885519976107,503.0070097615,171.989094955856,460.561863918912,1.05221011309129,138.450019378077,231.45982395502,15.265122530071,66.0612207731806,14.6128702078813,-17.2089977553481,-41.5362443972012,4.51496755501647,-23.3089371235338,-76.8658019416919,-66.3012689484132,-8.00164040966365,-37.1064160757199,-105.987156290592,-119.143574905571,-61.4227272603828,-75.4212328632453,-92.2837611866925,44.4025282351082,-243.642934889409,19.2528422723292,-115.412055622156,-216.078802211546,77.9860375171703,-52.4275658650226,58.7935472145857,195.473645415225,99.8660959149191,-87.4258967241148,150.055471250243,7.94998751765206,82.8009270951325,182.235656683709,186.949251183096,-110.744101242325,24.2759422778894,-7.81473400837715
-620.524340024655,-346.146765053536,-1098.22374650175,-303.277880687837,-188.291245176999,-277.603559744555,-180.729931940388,-93.2029335229489,-163.133947719264,-192.873509911335,-175.728008734461,-157.723520010606,-194.428731048655,-334.782349964,-382.420519745177,-327.350058838999,-26.2338372541844,-188.516993999428,-261.962202950709,124.678401252306,166.219390089317,-27.0410049352115,377.038833339306,547.136735289726,155.205794877911,430.494562221598,55.6551387497304,119.537927146267,187.420729389673,34.9726173650696,46.2728255065784,-48.5556691478241,-170.482578625112,1.39916481831319,4.13566844849698,-59.5599828864876,-166.105637477035,-205.516097368171,-6.20183394297542,-63.9068685897207,-159.225681948595,-210.767462667408,-112.503532908758,-136.416463914905,-167.222248163601,13.1856860181862,-313.2471204035,22.5271111305705,-162.518356415744,-267.324290631003,20.2303461989979,-120.809024642011,15.998513447091,94.4269871632676,33.7394788829656,-125.518847662715,86.2068372256482,-33.018502563188,37.3060904563356,28.5154597563104,60.8654432796658,-137.464406745679,-72.3269876816839,-82.2066813006103
-663.695671930528,-322.981809343971,-969.54668650625,-307.284578478094,-174.95381229007,-304.858990053764,-241.696258757594,-123.538567399397,-187.554306449702,-268.942380464007,-283.838830153214,-169.409072079543,-282.741714392441,-428.239680973902,-548.074367480638,-567.255554423856,-131.4020551641,-453.094529298324,-515.759683127107,-112.141033713693,-44.0203542255733,-124.148705160334,139.512407211568,357.643447997276,16.016799899034,254.035692272349,44.4696649653593,25.5057427444147,60.2229967986113,-11.1595130363805,-40.8017255214303,-160.631736177059,-373.656538531294,-10.2847163424563,-51.2651680679702,-150.451076305893,-297.430015993239,-391.093575360039,-51.0836710692445,-135.137678626212,-251.008309365131,-323.930378122819,-187.598448040815,-218.625042357707,-281.476738328228,7.84547254954959,-402.376413723963,48.0475054379422,-219.805538318253,-373.088315548515,-28.9172750574231,-214.369032469021,-28.305055016865,-19.9678956479733,-75.2289293116925,-180.185797972381,-1.20154296687032,-110.06736321582,-24.5455494162835,-127.69523683075,-118.654780103828,-220.540281221607,-206.539492810658,-238.249060113658
-795.961812649243,-476.272736856173,-919.294662779726,-432.397883175113,-361.769557089352,-367.760598038801,-351.708281925346,-274.065305292925,-262.998251273238,-369.006192024744,-537.114601738976,-191.711558333021,-420.345972058589,-576.344663978668,-667.088885521724,-781.922435875184,-191.763715078472,-666.465466920835,-756.004008514649,-305.259194537729,-304.307451400168,-151.879221271302,-156.223484732759,-7.68376777701373,-145.106555846738,8.90560396285622,8.11195989884864,-99.94574610958,-139.129465420926,-94.5684381399386,-169.767887856266,-325.833845506334,-590.590952419955,-63.7956551028962,-148.574959110677,-290.713600801447,-458.583267357888,-597.799756872463,-120.293254877581,-236.547808925546,-399.064565001124,-466.139629163082,-300.719188241813,-345.805182328,-449.964543840397,-19.4917715952307,-489.785687354195,19.1452156606817,-277.312523983776,-534.649569257389,-92.5212438498472,-314.420715414917,-74.2669678477864,-150.023359139323,-211.180692974327,-278.333861818327,-123.287635876185,-254.537747035485,-118.368803787324,-303.341542778516,-305.587732167734,-386.342437284474,-380.800144432494,-429.38040288587
-908.141702189331,-675.002601643492,-775.400132957108,-570.107938469223,-603.495643772233,-416.553320248773,-463.23154939443,-447.591664067597,-379.677360792027,-484.243220811027,-750.31855676428,-256.600313033565,-558.543430829067,-702.635000237612,-684.436027501713,-834.032933567859,-175.118543236741,-678.180417725589,-814.381010018537,-301.006062223709,-377.613509788519,-72.9776167285746,-256.440938551341,-267.786046908842,-161.875954698614,-118.590440264561,9.710495283028,-144.822268685287,-287.685895617748,-133.748810067669,-246.055034493808,-455.398241027132,-738.625163063535,-104.658584462384,-213.517814678125,-396.683156477838,-575.35359252884,-753.703376306918,-164.682452332806,-309.410771076841,-523.802847170177,-591.524637908445,-407.519007321542,-467.579646869373,-610.550463787537,-13.364593166975,-474.671022357307,24.7661257131873,-212.911791716058,-657.517311293903,-90.9087332687104,-343.984318346089,-47.3936245156141,-166.408399809078,-262.261681196791,-359.230330760962,-161.216457136509,-360.819243677437,-158.350527958362,-370.795577717227,-400.764785386161,-534.512430353545,-486.80208304849,-542.985066250569
-912.29411624468,-752.132491495569,-508.321625518057,-603.542388582109,-660.608054777645,-433.871659959436,-525.556410772978,-504.583588348654,-507.514851229907,-558.776705338728,-756.710508107694,-377.866511344824,-654.500266416016,-729.776425945776,-639.969043425325,-720.647968549565,-142.54505797407,-519.313962491036,-659.55587426608,-153.261353285577,-217.701519338962,48.3671328132084,-108.506318606336,-243.332473171066,-14.4217877487286,-58.8731152510319,53.2713373744459,-57.3655972706618,-273.272025311864,-93.070954835678,-208.254431703,-442.444498906358,-737.313283224323,-102.865909761056,-188.734440073867,-384.414277720799,-568.704686886628,-769.903734427561,-158.565976946099,-303.41291880309,-533.973863606,-621.022373054317,-442.584342328865,-506.239755437339,-667.678846662121,55.4439555360066,-323.476838662499,122.081576885087,17.2466334059303,-636.104496251041,3.07116967773754,-238.485111758661,59.1551881023125,-7.46492516573278,-123.705505515573,-318.215990649592,-50.7568381456391,-277.358043795943,-87.9468441637125,-214.94913854142,-309.256662633318,-533.489819643493,-425.620140872081,-503.651814356615
-782.627662720604,-642.878215241804,-312.017813642657,-470.003981410413,-462.50389786807,-420.015266290334,-465.85157008232,-363.729096982345,-577.683213138249,-479.61049404674,-561.906050312554,-505.122917130134,-669.780796445754,-623.555249319831,-605.825868329276,-570.320705040991,-176.294401321876,-370.819356435667,-459.490741717854,-65.5859090954869,-77.5854546458436,104.96692627442,57.8013665891901,-107.322905748722,143.011172672237,38.8390526201062,63.1576007426907,81.4801940689495,-145.188582331815,-31.9533480229236,-103.273974149081,-296.772984872358,-574.810136724766,-91.4647813917621,-108.615203869832,-271.249348286875,-436.040232234998,-621.520273329301,-129.374549200196,-232.807806588079,-431.98818808019,-522.281429239769,-395.05408917072,-439.859322402076,-587.180421670706,110.782757600272,-120.119702696132,223.204745743677,286.990582194356,-447.861102794778,97.3903052080087,-13.8038009724726,145.959282541233,207.067015622828,169.145625794146,-133.780555390321,111.678244795383,-15.1339264587132,29.0516623127413,85.1088818945984,-44.4215258527129,-375.688756670849,-226.441337261902,-336.422753239067
-565.167807523586,-423.044080052764,-147.600301197736,-210.021766165672,-192.620453292652,-381.01570411517,-254.033551262536,-88.006381818498,-537.560182188431,-212.164596779688,-329.857829054285,-577.244511510885,-584.6422332123,-426.711454212151,-614.822927182901,-518.0363506363,-298.508399748602,-379.159581149919,-422.245822207947,-150.447701490227,-191.823540212797,41.5344291957123,31.832784545687,-152.869082014216,183.897834069594,0.282681083576612,-8.97268796103299,154.440428658824,-56.9360502084758,-18.2839973277988,-25.2564269957848,-139.266384792718,-329.616951512988,-112.388356959246,-52.9899574476036,-152.801610523553,-256.701019353771,-382.737740449365,-119.610665986116,-159.93340428965,-286.982165800518,-340.688656759314,-302.084123931819,-302.703004869041,-413.556084124906,86.0135270397085,53.9729349916054,242.212010139845,446.584524077908,-167.469062271442,103.500776847537,238.468253692804,127.932847014353,315.749093572431,453.394176007917,106.508059020605,181.514655140404,241.792217027957,77.5385859580268,315.626038477521,245.869091538263,-171.705689760353,-23.9346797472514,-130.508556171664
-358.392309888289,-225.605387804056,402.476190349458,38.3391064055913,-81.0579575685289,-339.023037230937,5.80540155152513,144.835523262166,-427.169090545089,94.0666444125189,-220.65496407136,-592.68190220955,-447.663900506992,-256.117187833593,-655.786012328951,-613.182365111325,-447.345578452563,-544.38974070686,-598.026383106833,-335.246665276179,-500.771140484543,-92.1948822247471,-154.92761918429,-418.156299079512,121.353122528408,-170.741655209647,-106.806000691698,125.997039032508,-79.428493445905,-47.898110584104,-14.8610041095179,-58.1893766289886,-120.559553381455,-149.491003036492,-50.1952149680678,-90.0636090944578,-118.900139780772,-167.820533657462,-130.761116292909,-123.877489701021,-154.866746674911,-157.661475810979,-202.193329696094,-148.124386623525,-223.24894786611,27.6424695595949,184.93888093327,208.095724799048,471.106399665009,97.0312300688326,46.3011193384754,417.744348381932,36.30474460125,290.155173700572,585.757597514087,300.002128042648,130.75367128927,354.212683159441,26.5727169134659,357.51310822858,403.036376312547,-4.44515952756632,78.721086091891,38.6607108954191
-277.255976811946,-168.676932185019,1480.41470677397,109.769257476837,-206.988241069006,-340.79344950341,112.732633960877,154.664678808945,-362.059242315106,197.317701288881,-289.444948381011,-605.683308323326,-375.246037422514,-245.328121743484,-714.490541944877,-817.579398757143,-542.926583630382,-775.40152253224,-878.036603732848,-526.637433672462,-809.412944500776,-218.899137240916,-395.196351354819,-718.014298730531,-20.6023756593585,-381.524361173066,-177.39329072133,-1.03084361728805,-180.782911359307,-108.168620107284,-77.7754813263792,-67.1909959089561,-46.8820743205105,-175.162562297422,-96.1778897922707,-95.9521771760784,-80.3498425015352,-71.3563127991042,-154.005240645511,-135.974761469289,-89.2650395684398,-64.0767494314971,-149.004669499352,-52.8460624504499,-104.869428230513,0.815315664041708,234.186027899292,153.97792988677,394.941121857724,257.26048878105,-20.4808858920849,461.903882013503,-64.914116096565,190.729693228339,528.430521512315,386.435283231169,22.221893779704,330.474735341697,-77.7634804632287,248.703798458545,368.688330967067,98.4223650855901,56.9849968974361,109.11222581425
-393.763188473154,-326.263545472242,2481.20889895316,-86.6782031818396,-511.094958315354,-420.541264933938,-56.9373556675134,-128.398799969303,-413.096306947429,-18.5467258065745,-516.804276787926,-646.332005268462,-435.845458374195,-437.63370852869,-767.864665654492,-1034.63840968409,-546.817897034098,-970.645424043683,-1118.80294940487,-708.450614782253,-1023.31490235981,-324.659101848819,-672.592581767408,-910.481976633887,-274.944636239703,-600.470089614718,-254.640447556882,-237.01222756758,-328.25792883798,-223.290530140338,-222.291560302156,-167.574236386697,-136.131842824503,-207.380453842978,-200.738617247653,-180.453662324323,-160.049155507812,-127.181916749962,-207.969491389481,-207.364201263172,-146.323348520165,-120.326762143145,-199.89851614347,-87.6809391539721,-125.09603310353,-25.6033867126923,105.532557562532,25.6508513506982,195.841528357817,257.02463375271,-120.854507902157,343.941734784696,-184.159534332468,32.3296245751285,317.39974429655,329.791065184666,-115.32888569048,210.935027607194,-211.382951950532,55.3494620777592,173.616718114923,79.7085836870815,-84.9444626071307,13.9510305427181
-672.662957290394,-673.816221545584,2692.11568527664,-494.308854299054,-887.97482242592,-553.156294776844,-431.024964688957,-610.25889929183,-541.049121486833,-442.948632593513,-839.296092320857,-677.241650275579,-575.829926245319,-737.957976933278,-762.772734853252,-1159.15636403395,-468.010981388486,-1044.66171037476,-1222.46125001359,-835.6648508565,-1105.39765388218,-438.585093246192,-937.216500820845,-952.763554737664,-595.184816641843,-793.456622518998,-358.35655897042,-522.694240049349,-487.901763129609,-373.229889260638,-404.742468511237,-335.758249738803,-318.538394047185,-260.359883751404,-339.562234050579,-319.905327877849,-313.126682673325,-280.962638443987,-289.87557926103,-318.542460823997,-302.338204370155,-288.484692468303,-336.227431693125,-234.215609157311,-264.416883335212,-111.81427352866,-220.878225602855,-205.361869212246,-150.458906792313,86.3920221376507,-283.563491548717,72.0493763649214,-341.800780697333,-197.207669728425,15.3937415298352,116.912106763067,-286.846820684914,-2.9634968907416,-371.865743945873,-186.539234427131,-112.019650597264,-118.157670180609,-308.872348429245,-248.859482453044
-982.249784804397,-1065.72899737761,2209.2755293257,-927.325483456608,-1219.95159032687,-686.912491921304,-807.610871325386,-1074.8313331356,-664.694269268608,-844.097575559106,-1129.55381320976,-663.190916799522,-700.403505982599,-986.446346996362,-665.146773432068,-1139.19722904671,-360.425283273541,-961.434703405861,-1163.82037150089,-819.523061405747,-1005.34884519738,-570.549092292633,-1039.37008416767,-845.018529184817,-827.141863586233,-860.933537759932,-433.229826869582,-717.590788888523,-587.300303506694,-474.512866714023,-526.242996788919,-493.353686597003,-499.222447045374,-304.131507418921,-440.342747595498,-441.567007892318,-460.044287013674,-450.830173815506,-351.882276460878,-411.49494254209,-450.320117007963,-463.493803433262,-460.492730227574,-390.917673693252,-432.732424880529,-247.033057597778,-614.144471701549,-448.328816113877,-559.674461134546,-209.898948932127,-456.795328186255,-292.530729106217,-502.371797369661,-453.947358698502,-317.021612910427,-209.943169619927,-470.898231062338,-283.027526102429,-537.442807244627,-437.371735932234,-413.291721676646,-438.708175049784,-540.906602441017,-573.845814066592
-1175.34372923667,-1311.55615175396,1747.45688535429,-1179.9435337604,-1371.39150978479,-784.915408938227,-1005.19421870363,-1296.23964677378,-731.169901054917,-1031.83982874843,-1226.22949900911,-622.171798109687,-756.204025653603,-1059.27422746083,-510.278396899648,-988.872990163194,-273.653897069666,-770.428184129464,-988.675218431263,-671.243529235859,-770.442141441519,-666.06114049774,-929.326370097594,-680.202054184744,-895.509124373453,-773.08513597633,-434.718102289012,-746.137177664268,-581.533542834174,-479.984431366434,-534.931734282364,-573.65628497263,-654.456635386038,-297.681737433892,-456.446913287314,-492.906870473056,-562.053115648233,-610.764847231221,-353.41342741889,-444.148374429785,-521.608614105071,-585.610555571583,-502.041980878087,-484.494498472025,-564.611957660906,-369.691976008491,-915.632923358987,-592.831073077831,-878.35858798725,-551.854748807934,-560.373596249555,-647.122600312062,-607.267847177376,-649.487501655082,-622.02793600547,-546.911229035956,-614.025217292618,-536.706022924721,-666.255773724241,-638.23043455991,-657.453023634467,-714.850621824396,-716.673630765504,-818.9602532007
-1205.76234313487,-1340.72141371814,1658.18382384911,-1202.36819758264,-1301.56313510892,-831.889652609386,-1004.49582481251,-1226.00278219292,-745.663406463105,-1003.65415903146,-1110.38519675681,-592.778287535913,-762.313913899041,-979.197035876535,-396.138000480829,-797.145030326546,-226.642199995286,-611.57889696018,-816.527119560892,-560.495636363777,-621.639357675131,-667.146815021398,-811.75056606404,-678.255890533334,-911.485105744484,-708.08137466226,-415.055732949761,-708.569874763063,-570.927258102094,-456.253099710806,-514.294138926582,-633.637575301768,-847.117259063294,-261.93877809273,-441.656697227785,-526.512150989808,-670.779611160222,-807.526604056483,-331.02262395735,-459.283988878187,-576.930701253591,-704.062981679064,-511.71353943661,-558.291935786989,-693.839070308753,-452.740109153401,-1108.01753435092,-654.700177836389,-1063.4533041221,-892.456845283039,-588.492452377033,-943.638137848833,-640.6389812894,-756.945802071064,-874.514816242102,-831.950256709785,-691.842957647297,-722.954542658737,-735.222239764226,-765.025046034053,-819.637283491936,-863.844089516682,-820.535253086039,-940.351382613717
-1142.75216768668,-1252.31408843073,1642.80638075911,-1127.29384049189,-1153.60080263538,-823.640636611858,-939.960555489183,-1055.59862515465,-746.830449784895,-932.959346626348,-972.199922216791,-578.633455595441,-781.546092078297,-910.550259643763,-390.68211263946,-685.823189825093,-224.663262248062,-605.260638929927,-775.3690949051,-627.162457494437,-742.772061535677,-614.353258115006,-912.622937041034,-986.146510694625,-979.401502595587,-865.707814880583,-443.443615358196,-737.016581308431,-719.364982854426,-489.368034011583,-587.00540447638,-792.70686403346,-1117.72080076281,-262.942834592711,-486.469076085086,-637.499873617934,-853.415872111089,-1068.40845227069,-355.76020098987,-534.242374384943,-710.548815238003,-883.882640113673,-580.695177270363,-689.879042713338,-878.119497165182,-512.088676248024,-1253.81334015841,-716.555265968063,-1190.83041313454,-1194.33977425576,-591.909623972424,-1188.53261290177,-630.473220495793,-825.301506210084,-1082.42837690655,-1077.33698717348,-734.178350770423,-897.934640940411,-764.22079434435,-852.952525302102,-942.573886008411,-969.201468995991,-875.056229559551,-1004.59473213098
-1026.33207998868,-1135.62677954492,1415.75479804523,-1049.54336734606,-1060.54628982922,-742.00311520089,-894.055499472988,-965.544828318694,-728.126084420661,-924.214740818698,-951.365039487157,-535.300646468473,-808.958301899079,-932.244032090368,-425.637955087102,-670.362987699825,-241.289780776906,-687.586961874304,-858.998091360147,-767.850574834337,-1016.42472027691,-600.444829123586,-1126.28046572668,-1429.68486242762,-987.453842965131,-1127.17222201039,-463.418769291457,-755.932824185774,-981.319776810231,-520.279880679329,-704.775152651894,-1005.13306478552,-1351.09204328729,-282.069834839856,-552.520869634986,-778.327170292536,-1034.70114781633,-1274.94820161323,-394.190404139036,-623.995369003031,-861.679928363608,-1046.28730825205,-664.875369236747,-819.142332607885,-1039.40306061029,-528.796512919842,-1289.58291027131,-744.434270372851,-1232.18378124794,-1312.45166610492,-556.261147644954,-1287.15018880698,-574.785225212089,-835.975872426102,-1181.47900566532,-1211.63407913698,-737.564403677492,-1038.02029174416,-760.862161827859,-898.666229468149,-1022.37762550061,-1063.45590681544,-877.963254849695,-1026.98466193433
-818.016325502385,-964.400346882439,1111.50328363424,-919.605489869112,-972.951349360361,-582.228096375435,-809.228702446188,-915.098822762166,-642.742793711304,-894.728010417157,-954.44863846803,-436.133262844098,-762.068494155908,-928.347138737808,-383.331650928314,-648.840319039584,-261.315582220009,-689.036432336299,-930.499944597449,-786.97548664539,-1158.50258492467,-666.740001276416,-1146.29856068114,-1664.61288505584,-793.15769480194,-1156.86158466369,-383.912270836853,-591.446042778325,-1092.66170247641,-424.573616748901,-688.261829664615,-1065.48333182824,-1367.20647695004,-232.401248319304,-506.889529605514,-783.481474253346,-1044.83527703494,-1254.02047234486,-343.582956284566,-594.943338268853,-855.79236708746,-1027.80634167276,-628.903274446064,-793.300722909451,-1012.4948538144,-460.531424375604,-1095.82282218502,-637.207122290501,-1062.62728179794,-1110.95353713259,-424.56243151968,-1110.79150932367,-449.8140440262,-703.027235049921,-1070.02098205761,-1099.77130975404,-645.171888504036,-1008.08270277421,-692.728836674635,-835.522266303032,-980.762666226389,-1036.47456599092,-794.752757607264,-944.742808545659
-506.130923037913,-709.219391433222,895.322278372434,-685.515975645414,-796.588295315118,-380.406550568232,-627.511232949474,-772.204113116195,-480.212803155218,-752.031832571167,-833.311106221681,-302.743423267292,-604.563235534009,-782.161547228917,-261.983256764248,-546.007175612629,-309.71960119439,-569.049634619615,-878.414596068646,-674.20583885813,-1048.18060585976,-757.551790552493,-886.787351227197,-1560.08602437682,-491.29551409393,-844.81415189715,-251.629164917699,-270.940308232859,-893.3970301301,-220.434369395678,-478.266633989759,-881.633444734998,-1153.46763633767,-107.797081061371,-323.255230548298,-598.495837553608,-846.768722422814,-1010.17315731477,-197.464768447955,-419.771759360098,-648.803622120691,-804.533040381703,-443.277140591547,-584.111157236457,-771.459382570858,-321.539922940956,-728.231664048665,-419.123066726473,-711.466230211467,-688.2831640509,-221.543464001709,-734.71699628576,-279.683284943754,-442.208336367453,-782.009527677354,-770.841575114151,-450.577597670568,-775.135319370039,-541.892161149311,-648.309018642474,-797.101815416669,-831.09612192181,-617.936825075599,-755.852620059044
-162.759083887678,-431.112813037886,635.213797586732,-402.615961902059,-567.158040163821,-181.484798948885,-393.578379667669,-529.688426973202,-286.66454425567,-536.409937183737,-597.302290779738,-160.312113396892,-392.435740577414,-540.599021438279,-142.175222206714,-370.735450317881,-349.15499969826,-406.237102277739,-704.18802283448,-527.784262184428,-759.256713455701,-750.869053104497,-524.850832630359,-1256.13558679815,-277.622467061864,-413.723612252361,-177.12177624029,5.70246700117238,-520.127175474089,-45.9710017574564,-207.952448011532,-596.611836022808,-891.409862017446,5.82329520977137,-119.014952137116,-351.448509440889,-587.653387713431,-740.072129795507,-51.5415971175306,-209.14451635767,-394.650617456629,-537.468167595028,-220.120715181435,-334.01675650315,-487.84331722453,-178.500370370959,-361.585714516699,-224.443539377594,-357.012776198188,-274.529243025547,-37.1095329285559,-368.069882273094,-113.127640693568,-177.80864303054,-461.375826716423,-414.427592234201,-222.231991421425,-467.635591602169,-332.89879853109,-405.519661558848,-545.368123279653,-531.398928284868,-384.403565434414,-522.495429945658
118.069487328233,-209.580296250359,203.871261580891,-165.678595072408,-384.945112447679,-12.8765718301281,-193.990199932058,-300.569719941581,-112.853910353456,-340.222705895731,-374.47992001662,-16.274902773502,-196.075471353584,-325.908293199581,-34.673969173983,-151.658704210198,-258.289866515552,-208.270485582149,-465.982252829494,-332.06812433967,-378.14005095691,-563.553499238528,-202.843854968893,-911.313675800577,-157.580064865623,-109.791535621849,-153.045288677732,142.33629088427,-235.64440891085,34.6144336025816,-29.9592866970864,-402.728768009835,-734.799691927392,56.71648372184,3.61458464436539,-185.195322851336,-412.704519944052,-595.375334104443,32.157069732579,-63.2761718637577,-238.864067458486,-370.839407477849,-67.6290547869473,-170.048747933974,-320.772255801268,-110.038578802961,-69.4484260915456,-150.503481555212,-95.6813096054998,27.6243413120943,63.6371955124579,-96.9928979910313,31.1147182843488,-2.9716312821591,-198.882538875086,-159.828922031457,-18.4942052525556,-211.098865067579,-96.7360945421323,-168.208204085137,-296.691804033012,-241.724708645969,-132.293782796116,-270.660290974581
299.10430865843,-50.7706189147633,-232.860463013405,-13.0722706340359,-270.347144329427,112.6097279374,-68.7139739462115,-180.54915973835,15.172009829204,-209.129213554679,-261.382493037425,117.290942102871,-56.7720946394946,-190.941334878491,125.015906589185,78.8303174157922,11.8519855074074,72.5979268178406,-217.360999455884,-19.0231075308831,27.5429484093561,-225.962751558508,82.1223288096276,-585.738764233102,15.8840970928355,28.5776790203235,-65.0304189262634,223.096487364757,-146.456192785592,91.2371701810994,40.2194924253427,-328.321637888229,-652.773922611673,89.5762787486292,63.4328942411058,-105.860932146964,-322.202443894623,-531.44944973762,83.4350652652903,22.3411470625308,-163.81666147937,-282.411015319841,15.3164957985964,-75.9850512316394,-247.664968813469,-171.121525607124,163.8761137777,-197.724780618848,90.783387246089,231.30768950469,59.1164885378942,105.757531905932,139.257198594638,63.7433341663652,-16.9603958488536,-12.2939532967513,132.707191211263,-39.3070019696008,131.598733733879,38.2079334324696,-77.7591813666891,-9.30032163866792,106.950244516595,-5.74531214695724
391.743911143587,75.8111480715442,-482.627497597752,59.9346269534896,-171.015683440773,187.215082402115,-6.34300982630837,-180.797154875353,73.4777061758623,-140.302251381342,-251.623118138445,198.346194918692,2.39360597544049,-105.397761214489,323.701566216085,235.328075940796,322.773364534539,355.151346286929,-37.9661624978865,315.315002677138,311.877237198871,119.690435884892,308.087265485723,-339.487514528483,257.437097920417,88.9521599632087,115.230256066782,317.590410840184,-155.251691071501,182.199591388622,76.2291919656584,-276.187533072089,-539.989083252671,151.207617041706,117.412595972556,-40.4283589898546,-241.212494802452,-434.586105801736,138.273653562754,88.4675516868206,-86.9845007869389,-186.05105730876,79.2400811503183,10.7538131748399,-169.951273460387,-299.405639115232,310.310792924584,-268.821214111511,203.769751964445,325.198011196608,-8.64072709397458,229.009012716887,182.656590538214,50.8520058501494,73.5993802193026,52.1421281675475,194.39151961666,64.6996982143398,268.067922609803,164.72476482787,96.7031952692694,154.805700364218,257.761000441092,223.603260233596
453.409515399394,219.544116381571,-626.701097619105,117.548908964271,-1.83074517558034,246.631446740538,64.500397574173,-178.166725097232,95.5486731501247,-49.9798817114375,-215.572034425413,210.941985636231,40.8803689273208,13.0093447102373,442.14059269222,248.251005186053,469.338836563607,468.401391998718,-1.22941363126039,463.787695871059,333.762482464787,318.579099314707,379.527448835803,-233.702234469781,410.818207098408,134.026148919698,269.010185249541,376.156433285828,-122.345359914769,261.91525381317,125.103834593393,-179.450148150612,-365.874307483039,211.18789308994,168.914893028999,44.096133529215,-128.2644585879,-270.301628169172,181.918384721658,142.189998292951,16.9470560224557,-59.5200897317139,144.000022112024,103.300375819529,-55.2811974678175,-306.033947128391,359.108556329954,-217.635236477045,244.669198646454,329.03205246749,-10.1968530890577,272.530562449709,194.467763482848,42.0645542480388,114.146662849877,80.6051136709313,166.714162638009,151.189862508203,248.427318587668,154.142068486875,232.423889686488,277.677044450774,228.315547410112,385.405228846854
600.152502914434,466.690929197803,-822.355836484391,303.24449401342,313.175389245052,385.072523053958,256.03670520538,28.8279993322547,202.312594125183,182.178598297543,2.82584150983516,232.943480028605,186.789647794885,235.181171563114,424.302286795472,183.108950740663,402.965838315856,388.327998293002,-64.2586170535174,379.336123567529,157.486137774608,350.703698473937,293.266984240874,-221.318251660877,406.361068761793,178.574558299564,309.214481798461,359.268134738068,-3.2542257224505,280.897301014551,189.88815309736,-44.7816264506487,-161.371192854852,232.496604648887,205.319789250451,136.496199683243,14.4832191153159,-66.6850634970573,203.136075507261,185.539242552027,132.258518768296,79.6142847293427,211.267122234392,199.006158302212,81.8328967754534,-94.1196950783651,392.317455183778,13.3415369803986,285.092938642979,329.943736269788,149.147422436767,308.412061771697,267.940760223894,120.699145267997,188.611788258208,140.766451835274,119.831146452164,263.473909519318,145.489529229065,11.4692342618422,344.274006667198,401.896878323113,23.1259768764482,515.941709922877
871.401544247572,807.446774717618,-1021.60956370161,648.611299860127,700.861578023688,623.516561338779,569.170755774545,443.218228087515,436.04466529183,518.151120823319,360.105475182362,338.90883365314,447.898277037239,505.434380500634,356.025760919242,166.15929257557,250.487260071986,271.342545935829,-96.0315202199568,223.980194799454,-1.99980017455052,323.789280546613,172.661818815684,-209.913863551261,356.163004669665,216.849264594613,289.488961642576,318.874885392518,131.139258963468,268.906846665397,250.387165525914,83.0024123041508,31.8596962577436,232.875700678054,234.218821261936,215.872437965245,153.622343060143,125.614201399359,220.822502201275,226.951723333825,234.766552177203,206.773450770071,274.771378643739,288.286423250558,212.139437566565,190.031439710064,445.341284179924,305.934525702668,366.9901698525,339.527703071128,368.647666961987,351.822437151865,382.688670628205,250.903790370595,296.816812517528,215.011665320665,98.7804645999629,359.521733355777,74.3296115811495,-186.060882356487,400.488972592573,506.99127429247,-232.254133630474,616.687887422869
1123.83802429433,1069.20027591009,-1110.71365061631,955.318245120813,961.951535301673,838.382418489081,842.404836470699,801.215924701443,682.002468621754,772.545308030908,634.31049945126,492.791971963738,695.935015624153,691.960667324227,355.824647085699,248.204361988891,150.131457563558,274.23877184169,2.82972623076851,175.622989975788,-6.40804382436053,336.321675456033,150.353246342296,-179.527001175722,395.37784403374,266.337132225737,302.112283843143,334.108449443444,217.672668142211,289.584825180232,299.723331230096,181.792609788237,196.859271881109,246.614240171364,272.707953213143,278.971788877161,263.948107689654,274.026287401781,254.931640503892,272.616739646191,311.449428016362,301.95261867825,321.218406348858,349.754077644023,303.072735149026,328.80825093489,435.720492716718,454.940711600879,407.613752087125,291.985715134311,431.4275804754,318.243180263742,374.660553942071,300.625444326576,341.608471057771,219.438994217344,67.4842795535503,365.424642108096,24.616782700194,-331.600348790531,363.902036533982,530.309075485845,-399.244705264606,613.262915863959
1193.44178729857,1118.65032367883,-1144.34816813524,1030.499031679,1004.99976462186,910.625762379416,930.485344948237,892.95346974165,824.315236537866,845.475526020274,713.329228029441,616.28897758175,847.254067285455,761.421656912633,455.587118650872,408.875187953863,141.956062237421,433.761869478507,245.597510132651,290.950894548109,159.264211815113,403.722938058427,310.611286014418,-85.0583490127891,556.711908101973,410.788812013257,362.461713517523,451.020008944098,325.552853984605,367.874180028336,380.820252358885,295.145406038492,364.773292863488,280.827860684745,341.638459630536,361.717285328739,373.603338596011,408.169262683951,307.925059675279,338.565994881166,390.259798633413,386.159661613445,365.792127069094,399.066902120074,368.810130355577,275.099681847609,317.641105798285,360.70182215517,296.001351192475,169.164637173616,260.455065843758,160.132111209826,176.635049781606,192.111492653963,252.959269920012,138.65798850194,-16.0666881174033,279.517520299742,-61.1165758335792,-367.842438344194,257.044761308635,450.770362631682,-425.282881184381,482.629846563692
1094.77861867828,1017.85618794237,-1222.39045198554,913.666132890509,915.727117761987,857.59258337057,849.369763305823,768.911858214401,854.71965872475,785.93395153311,675.150974380765,690.754996274486,912.555905519859,778.992739282709,596.202258017075,609.790315252296,192.123085431558,673.348207165129,567.2543031511,504.111881040684,465.68734528996,484.758449116659,643.397542327622,203.852126355915,769.2620626051,724.803391434285,421.086560443542,650.329622017243,569.395686098355,474.702301567132,538.534225067539,485.61541986113,572.659135448036,320.259960644312,448.908644375364,503.567725267975,528.765098823134,581.235056296326,369.832164431383,439.659146322412,517.528055656542,509.662699265727,450.953718113082,491.21117647575,473.951984525955,185.995572170319,175.603476865066,162.10537274196,65.3205965918837,-6.09868044645043,45.6610731309071,-45.0451849477345,-25.968584087808,13.7205336867285,77.8659472391223,36.0347369403182,-85.5925972907802,166.84179290529,-90.6400964840772,-281.855780131916,146.25477627461,306.120388546566,-289.446959148292,325.263139045328
969.775283267662,906.616357529483,-1290.85898817722,774.983360442015,798.953238918629,776.308150405113,732.633458332651,594.339153952844,836.053092385735,693.875065238533,621.463385300879,749.547854842202,939.562762474917,799.959897531845,722.684967946017,820.309294166959,288.384002496614,894.299302360296,888.850727684796,724.840099958715,846.453082020593,564.468674698182,1019.4418986239,699.814553494064,928.922328589534,1127.91825823977,455.830088759399,845.390193056954,929.876480309386,571.145231217169,744.121132396006,751.198846368362,819.454029269479,361.00990073073,575.746333034547,691.496786658891,733.660750898673,805.89991830247,439.970216259031,569.607118505467,693.931865332653,689.467423805439,583.855716717955,644.106927416211,653.313088597831,244.258368562754,125.499868459154,117.207675906119,-83.8947570916378,-189.292596927583,58.0617537176978,-150.605299309222,17.5700274058744,-18.4367615511991,-31.1473905458658,-33.8494162912516,18.4191073435568,110.719076322308,100.659060713638,-29.5059515969492,113.190166395538,174.236565667338,42.9953451559815,257.156896543075
879.531541671982,809.01917070162,-1268.59069902651,676.558156345607,662.491041960016,704.075535221743,669.818740907393,444.318185911871,813.625452037178,644.598838309656,585.16721991763,798.727188569264,962.395711555798,834.534631324258,837.371698215123,1014.1217203274,458.702303842487,1065.06159751093,1168.55693732434,935.733151685309,1187.52528859256,686.270085853458,1290.78106127209,1211.87185716481,989.117097647275,1403.79666026282,497.344941854371,943.035986853053,1240.06756796973,634.290270361892,898.398295987204,996.403367813103,1051.96963605101,406.989802567182,676.509061367497,848.054400859847,924.374954068998,1021.04383401152,512.341054039233,687.112843864583,845.543178813555,864.543508868795,701.123239385971,784.476906525803,841.145480324548,440.060427379036,188.366181811197,289.210771967529,-12.8266936785132,-292.074465102376,308.874573386818,-103.474140719487,296.218235023754,188.991633698801,32.6158016067694,-67.9992496424929,312.379056531651,148.604457184422,451.049011084111,351.951311101102,194.47673000767,114.801666999313,468.727071746621,265.986741301512
757.775754960612,660.28852926491,-1224.29196585437,553.647642812506,521.076153475347,600.122737175314,618.313744978595,326.223422162077,766.859573155843,644.67354561815,605.648699785253,804.285268451385,969.179858689892,875.936941483094,950.253721973188,1153.98089630363,685.625069593404,1203.63945646696,1375.88908614741,1147.96298776911,1384.38282345757,865.613491313518,1400.55780953239,1560.50476625344,986.242752690913,1420.00963851805,563.665424069034,915.537585611887,1350.54889973723,654.628571104966,924.268369693721,1109.82652840097,1188.07886745106,444.933255224263,709.21769685034,897.990487431008,1012.55890272339,1129.51982684152,558.292101632172,738.922286712651,893.613733791806,945.263561073307,740.225991347481,823.83109209503,931.890931998542,608.913135889303,298.198110808149,488.990946597095,182.239186319613,-239.43155405854,539.648799537378,7.97250856828251,540.714380793635,457.902397779672,214.83881627305,-36.3539673138965,573.706768203031,255.624009853827,692.796970364737,659.371529632492,356.374636203055,150.508857261177,746.994366553077,288.710945259235
586.218444278586,500.861194576022,-1233.88924661662,406.218062886733,504.104745893913,463.567024877575,512.98463901747,303.392924930202,662.83875138799,640.795230224199,775.51508770982,747.657017027471,921.515155975155,934.790083389877,1022.37816601807,1197.97637990943,875.744010504294,1290.65160584293,1464.32620125149,1297.21159369921,1413.4745105376,1014.8214770392,1376.32827810305,1708.05286283883,965.449101007959,1259.68938467526,630.581590181527,811.58846608851,1262.54331781716,644.327623661445,846.516226066866,1073.48624766139,1197.65144511036,465.614582680791,685.368409885375,850.613679405898,980.825282275779,1108.90553390587,567.898494964152,719.652503742749,849.373477985377,918.514635123906,717.319149866067,772.112738280172,910.371712371636,673.698529331251,405.540379852379,572.226192288587,344.697658334995,-47.0282850344038,583.560747867636,120.37287410883,578.512190194662,579.87062764292,403.185482250223,154.383934487695,633.735737236662,406.238998982031,716.475376097535,754.682527461112,544.073541599,314.759631696511,802.528387060349,377.532568909264
460.794803808557,467.418028114304,-1211.76635871541,330.534795550687,676.984086281786,356.128467136929,375.275637078277,425.072218812941,515.366165939117,570.86267136137,1090.65123702326,624.096436474037,779.75425612653,1002.47677167949,975.643647350116,1107.02899702715,928.769243523893,1245.38995992046,1385.75582366373,1275.48904350483,1327.33037014792,1009.33085321078,1262.36365396305,1683.76999737364,904.099771166932,1080.84512779518,660.066064533559,691.676560149208,1073.13122884143,616.380563361013,734.954459398342,941.725540539755,1105.91177205219,475.228713600684,637.873067049977,756.041121161831,869.762484701764,1006.39962670272,553.831548674942,656.027603554982,761.194852478185,825.338348105251,664.095104829,682.246145896893,825.851944834404,669.029927550997,483.537749676953,570.753850362175,437.614257767582,169.685314656341,503.860609996711,239.410167977737,469.27413553467,545.642404315791,517.237021527922,462.367427065639,563.52273009712,541.139398900075,649.855598504669,700.825839194869,648.872243128915,567.347608644029,782.880286138594,557.851566218357
430.51130004901,577.562600577312,-1078.91307353533,350.171159194928,882.200300669357,294.79813901305,259.184885213477,601.371915574409,365.686874415885,420.455417793176,1353.46011126615,442.859083739204,539.222578653211,1002.96759630955,776.419263946656,867.687520851644,821.337546606928,1015.48009216725,1123.48415331758,1060.27936616125,1162.71307663982,824.888450512923,1065.35381245625,1510.02570563039,736.818585922831,912.394157420748,617.609140280337,551.942092348411,844.812702012333,549.233346699386,598.335978595889,751.177251890938,915.825851532338,459.266559340802,550.963327874415,616.500675689474,694.302454513654,829.812228039814,501.767438017365,545.361016903034,618.268613357753,669.351740397192,556.664869116161,544.987294610623,679.322704908252,580.649883877289,464.222517803615,515.547824995552,447.245386484021,275.663773510544,380.678124770003,311.944818970373,298.787591221716,431.121496276619,484.832291667556,649.995329040337,466.603426695809,539.287403221693,575.410340802637,587.225808947582,541.663155530754,721.690577241611,768.788252537818,656.677072907126
413.169384583409,691.896484264158,-940.792248295265,375.254126406618,924.516970121917,224.504545963278,176.78570079177,693.359437611759,239.600752384839,256.101532260955,1373.21815587529,261.138426227212,275.096843791661,870.156344227492,496.754887898714,522.257760553595,632.959878701288,657.691146306555,718.227857631093,748.7693637179,889.094613841763,569.695012474733,757.131424310253,1171.98684871021,441.939763937318,656.583289582034,487.215771933008,336.089108773837,563.792080819599,408.212339894162,395.012289288079,510.665923692146,635.794684365331,382.079465031561,390.001326489227,413.930752975737,462.820056453138,573.979470884244,385.57101360072,375.186211711416,404.679311914704,447.345573851615,378.404314001663,340.94855977041,459.613300230498,367.013316210918,306.259582581629,366.621765525881,325.216569768901,226.550774287096,210.375915602602,261.621002947013,96.7145884358479,252.917701707586,290.64523805698,581.714640611864,331.639057483991,359.288419546323,444.437461260021,427.701379902463,258.004027349935,637.411791008325,698.886583699979,531.339680250563
327.474824504064,703.907840171249,-891.075381055716,340.685455820235,797.722252302291,108.090276346471,106.374191922879,670.659477623796,128.406320439443,156.688607079202,1186.65440092757,129.415403978208,74.4294693730604,654.784364718172,250.87796627835,157.64420295842,462.736503931864,302.147337356013,279.416628473405,467.713775702669,520.058144932494,362.098817602408,366.53931001805,682.272282996134,91.599954579515,276.513712942804,301.21576829469,41.946887440486,201.425030196736,201.822082357948,122.416014125933,231.084796076616,337.325505557278,241.322007444945,172.788023626557,168.269306074552,214.119027009177,297.340098544273,220.153745186267,168.340604283152,161.644604144628,202.507208468909,167.247426319987,106.894902722802,213.129769598684,91.8332913201256,99.4193224961731,138.721754185026,114.518084173157,89.9745169039568,13.7932652673095,124.531328877715,-68.1811198118244,32.3783121489359,34.8377475183938,364.403529021345,155.680704693563,99.9156314746954,267.693159646146,247.456734619612,-22.8403441624941,378.994070367839,566.995050896305,277.101550369326
226.78793560968,661.720608362737,-810.302896051961,297.073932813515,665.354698128022,-9.72349565907227,43.0048788128652,614.58582221419,13.1962126832431,119.894035250099,1001.04562967159,36.462274112826,-60.6076373274307,485.954471927352,103.644564513218,-114.255199662726,325.25717980515,74.922084048432,-37.6695829007187,276.467326027241,204.232124655582,220.651993018683,33.3347298182932,195.18678257109,-180.126932220549,-95.0251897253224,125.922063816261,-221.873931259132,-179.408302950681,-2.20161772804217,-139.782252034512,-46.3010004778625,94.2823315026976,85.9694265005956,-31.6641459020265,-65.6256117038077,-6.87098863570024,69.9759958355404,54.4853836195869,-24.8971914106599,-55.2629096100482,-8.33283554611808,-26.3682164516231,-100.682197351929,-2.0776286505593,-95.0752275694387,-2.88033634390068,-43.7836914083171,-16.6994141291371,-20.7894954927297,-115.986215008263,24.7330460804638,-107.095910052038,-118.303332506492,-123.205722923598,164.021203507245,26.7100140074595,-94.8207774544264,162.405089798843,135.452138878341,-162.032562598994,115.477777582016,463.858205831425,69.7936966488075
242.599416486348,688.432545774906,-592.556754121301,350.701996769848,689.549001209891,-47.9922471877283,34.4911507864299,627.061156963412,-86.7328318537757,117.581041809186,961.811681212266,-37.2218578821454,-154.705481379622,428.562805630611,53.6314558959602,-206.195373016184,178.969787890765,30.0685369045893,-144.423510362468,153.999317945415,58.1622540184968,104.458808884449,-122.263234058406,-110.421898989754,-292.174092764092,-301.70154317502,-12.6701194620026,-341.254816730316,-429.929331505845,-138.168364540855,-293.00900403814,-243.151993915212,-74.910610298303,-42.1530024591727,-165.266149118179,-225.781179170181,-162.618129185898,-85.8005292112825,-74.2612601192361,-160.201887952264,-203.396499640257,-147.361566990322,-166.129987038114,-240.463137196005,-154.095524808666,-106.163266486836,56.2763721534232,-61.5146220565845,55.2570294865007,-30.7313462565957,-102.374204161334,48.2126891694137,-11.7957403441802,-79.8896843569058,-76.94501887685,81.4238041862797,33.1874703295761,-107.910366656985,190.702248501341,178.726495890141,-103.061238586923,-14.6876911131383,443.40687553294,-3.45524661908628
419.388004082531,832.407194681673,-375.893613371495,542.884847459614,878.003016091202,19.7516139640559,142.273181636885,757.909811184606,-115.160410123068,195.103870222453,1008.18083047608,-78.4118579072814,-171.022879750702,440.200751005131,61.6428738161353,-133.691372668993,40.3019745566915,114.225295871366,-95.4590657861986,90.8209698304921,43.5846170631646,14.4634488265709,-100.988067875811,-223.264784458955,-271.033876111353,-323.010674399695,-136.668990466856,-299.611650160085,-472.86775484911,-196.613430894268,-310.665839549426,-306.079344979181,-171.141335283967,-135.054394032159,-216.452155995573,-276.846930001516,-229.014204424414,-168.223531340828,-152.105466962392,-218.894783782642,-251.42042620028,-196.266522058438,-229.097064478373,-291.137652092731,-220.589619001748,-5.06063396629238,190.487196691,60.9203004034732,260.510261583957,51.3693804736168,20.3902111743761,181.013230891051,137.691027598279,115.511787907012,139.295293196498,141.114362616916,157.360929071203,62.9556696345548,289.891384143351,357.821772876439,115.903639762718,20.6554945842933,480.989196660975,51.6070099180021
655.866800503482,1003.81846296923,-245.652783298628,792.205371713825,1051.38222768097,143.66177663086,351.388638738235,939.438978070851,-46.2053108374934,387.80175239824,948.362748126933,-72.9876476140958,-83.0876767616362,450.358857401693,79.2305950431483,-10.7245721171775,-23.9346730276498,205.20382117005,5.13439249842526,119.222360917237,102.948483959354,-2.68831622290491,43.8927626370917,-213.302742592939,-149.218727665713,-220.110438113324,-227.04303215038,-135.77622296255,-380.833725554195,-185.644613613271,-231.558839079719,-263.832472353776,-190.554442826463,-173.885496286446,-193.203669988067,-233.772959478786,-214.032656688677,-178.982049782432,-169.829356256299,-203.846485881876,-213.631898677281,-169.693593780728,-221.269582664246,-265.856525098221,-204.705270755994,64.3160803889605,269.615820726587,171.582571647499,408.641629629268,154.06408483609,121.483221628692,326.209262852688,228.380369836355,280.801047457411,356.361086781003,256.402827835355,266.906895065317,248.188206884347,350.183690072429,517.628894168116,328.936574409762,112.808954542525,512.12821718259,147.20749074364
795.542619104753,1040.56230823305,94.6017876658361,937.232718598584,976.04920915049,234.087663580581,534.614971864428,985.049362942401,51.3742258270345,563.138458828757,649.169728987798,-60.7155738350249,13.4718306944444,374.52810704102,32.4499823474173,10.7305603761,-48.9474841175073,154.631274885883,68.0569657624905,151.094720171039,148.092422889691,37.1839250725047,188.036769723654,-126.851629682085,44.9632744783718,-90.7365691205016,-241.658869330621,69.2718760825446,-283.720359441011,-120.398871951139,-124.845924081732,-198.115776854915,-168.856636934527,-157.093686118685,-126.291063806091,-159.629812369556,-167.168255667197,-158.605284119278,-143.863004577123,-150.423202205349,-157.544834012616,-125.708206606074,-181.841935720239,-209.061742740838,-156.876689952357,13.0932491261335,231.836933160693,142.955984868278,375.674698123375,194.659815323667,81.0055175694514,360.211065045699,166.845055761699,251.041822056173,392.353890744972,273.749312526178,217.685458276653,252.0965655315,282.245528667579,483.172655628885,355.807173779098,111.207535506123,449.512712597584,151.443135956439
764.328492824798,872.102597512243,936.608625628967,876.101771906317,608.953427894132,228.676970139966,554.039966826757,775.939024173538,75.0227682721325,527.461094685199,178.429956855298,-100.407878927773,-3.41708985802351,151.164467368759,-134.822738779876,-144.16805870289,-174.039649506314,-113.742177734397,20.4214896529102,-41.7564967392182,-7.17626503482499,16.0042173301626,124.287682277924,-33.5388377341937,182.873499706038,-58.5687719240322,-218.650839797441,185.273875683004,-227.194216516396,-58.6208927018348,-57.9826602127597,-145.821979913777,-155.99773722111,-137.914391511955,-73.2584702714379,-105.278097850819,-126.692854445362,-148.204379846622,-119.573672617831,-106.103389473592,-113.542252880119,-96.6552957309105,-127.575603512691,-137.261085370281,-108.546649622501,-109.28849590702,128.306003242107,3.74786011880576,214.565405870045,170.993337456918,-81.3860548971628,262.47228929545,-22.7529034178419,60.3077913126343,234.564844231918,169.615110952421,19.9008849013813,89.6845756312916,95.4249425203539,258.972247920512,198.720262238149,10.7992827520036,271.154428548457,35.3246829262799
631.142331644744,606.104292113062,1948.10045604167,673.339629855408,170.741907565999,181.358833168851,423.565899346276,424.043485253847,53.9676120912372,304.537544867314,-230.389666245088,-133.638629880853,-74.1901104269349,-115.821382152521,-324.86452065862,-333.215886601416,-426.093091737114,-446.496342689049,-96.1793818972423,-503.407437839623,-378.155147495605,-149.968952373979,-193.671292501259,14.0798797281637,154.41153447123,-117.79631926969,-219.549431876718,170.413969543202,-127.489497341539,-33.6958900641847,-15.6849885608899,-42.4718487937163,-96.0704804095334,-132.397643761724,-36.6261032182103,-33.7805613990218,-40.8664104993811,-82.0635481334149,-99.814521195043,-51.9823532006349,-20.7734708168719,-17.733258834681,-20.6463549869677,-9.2220383458956,-4.55389992523589,-152.815405821156,74.3213811986152,-86.466699727195,98.9574530615526,219.39094622267,-190.980037427531,191.933712204804,-160.795670526807,-81.2512921693395,90.2325990780556,126.897347701625,-129.741524816662,-10.6348702840114,-55.9558697103751,62.7125855787649,59.4973628244421,-23.1366492750538,105.503751596413,-48.7027738798088
500.803571132804,375.564790420898,2413.82341401441,453.630290277353,-125.148855793094,215.415714962722,285.829974174545,102.16554985894,133.935861051101,102.385099039056,-419.258361474647,-20.9037518412915,-11.1226433071043,-232.239078320786,-351.531254787406,-312.26092702438,-655.47360781721,-560.637226497394,-120.086523900997,-926.137251251497,-655.022318065329,-394.238074515244,-522.580907552333,62.546350022453,38.960404635969,-84.172776623768,-234.829593738257,119.568441545158,101.933772493935,-11.766558098854,77.0448531841829,180.013522995696,131.710124435673,-105.217547335772,33.6694951147539,116.920346932566,166.233630560537,145.321223409172,-51.2820530929235,64.6141888965044,165.753940851411,180.971892483953,147.471678171576,191.145513428404,207.602501486475,-42.8892462347615,118.290418226637,-26.9979900801795,112.135057896455,445.075596535537,-118.537959793941,288.836741783818,-112.937370804253,-33.315355552798,142.001948866978,276.726918383028,-81.7766136669366,98.8118580881759,-43.0521805769683,65.2317974233953,100.520039843256,117.050650582596,83.7271972550963,39.1358306762493
391.560553630076,182.801943820031,2136.02406540212,248.956875185765,-280.40328907999,352.59725346212,218.364041088788,-166.14071394418,348.960892516941,21.3971713581016,-441.68386021087,242.445042983624,227.177605353092,-164.497760129793,-176.69605395387,-31.3945490909625,-716.390750583007,-359.368568711665,39.7120598679765,-968.981201100125,-540.997766805352,-575.320231193092,-584.905444937246,196.007728942625,-35.9898981019935,146.897229190058,-237.178896200498,96.1464050448431,418.932137099675,17.7118167488148,218.067157178965,466.768395676537,494.919955782523,-71.798299441793,123.634527930589,307.452664788678,439.390601546657,473.805792222683,6.40165562496298,208.07215199659,372.803878886847,430.455543509419,296.670540932917,382.825892595147,447.561217978771,117.348191913532,199.39388528274,111.454569631941,167.684027235754,715.458127853328,55.5065933461791,460.458232370681,30.8618371426896,120.371507815106,312.979329312557,488.099754657279,79.8157106768352,306.744478457772,61.4595734147179,193.030815816591,264.900904983491,327.115762740166,158.592611593641,231.59037422059
279.554333133787,-12.5442623263104,1657.55374298879,42.5634149812008,-362.450347519609,482.88654378915,166.873726148681,-396.274590199723,533.249502172237,-19.2527422232511,-409.128145608531,482.09425907067,448.836560004347,-55.043019012709,50.3304685983013,290.322157700304,-592.513886821039,-56.6465782720319,245.524356681837,-643.497009882228,-156.219545664013,-590.51866456683,-359.017608648556,317.605501708233,-48.2277202033074,369.012128981741,-202.86511352588,77.0969283008742,648.873076034268,29.0905298806818,309.063313587931,652.000806967013,744.109841805988,-63.2927488806189,159.84501305782,411.86142401135,589.298402867141,662.928445725123,21.0397343330439,268.89246586501,455.393200649732,543.112393243528,323.195492217489,432.221297424379,532.693528483822,176.581564635465,234.722895357092,190.172763483381,181.629004248238,791.300003369325,164.658728558558,518.337414435136,98.1372291553863,213.844867872595,401.490636401355,555.215261414492,175.624749108724,429.113930388053,96.3180026182791,268.828525320548,391.881272851975,446.164802023337,189.174403762964,368.028777222638
168.090956167686,-182.629840965597,1480.18150049696,-135.855272129061,-363.372022266733,480.242087663111,55.054306582934,-510.446672863229,489.540754331705,-102.825386641379,-350.880396678045,513.827607204915,427.280124508316,-32.1251999606338,144.57939636345,371.371695794757,-351.52032905039,-1.95246685225838,240.010406711933,-274.449604859657,32.263884495971,-374.504257998131,-86.7167604655661,139.656020656979,13.2178517617791,283.400228805588,-77.1703321763808,54.8046172630364,597.675401825944,32.1436923492675,265.057584705315,583.474317650898,644.5625148554,-55.8921002414845,110.436343196703,334.936450114468,468.484132138715,526.001912302768,-15.1744155350595,183.486541640642,322.683048918688,387.869115680812,183.407209901806,263.147382521438,347.078617263595,102.045092313945,168.907112568638,144.760815998539,151.502808203835,613.560943921735,141.661132087756,414.749010890507,36.3526841972548,169.893055049807,331.052809657508,442.351134027563,117.874052339435,411.412332903891,-12.1650092397383,190.1075798165,393.442279871212,434.252326683491,88.9141194996922,381.083895185013
68.8966765819156,-265.28073092712,1490.17471492794,-226.049611572784,-256.400392718057,318.88965413652,-89.9883778370099,-424.912241883748,227.961849008709,-163.909777356211,-222.786129339642,336.539644591992,184.76157156641,-50.4589762519268,76.3626321924948,195.021152185102,-56.1270615734457,-261.523180565737,19.378458450855,-84.6333212034982,-208.228362377665,61.9609802569154,5.39693484898741,-343.36944430621,149.307772713811,-54.429024184822,131.646588910866,19.6216521153825,293.948985239125,35.5327930040043,104.830271420101,301.12276663751,283.426766092723,-38.1495063266708,7.80042688123133,120.701693938743,163.585392550045,173.026648263615,-70.4117680539797,6.04482667114562,55.7765817048699,68.4615764320925,-42.9551919146421,-28.1591554476851,7.40171351688906,-6.07363894621557,19.9046586503129,35.8285315057104,91.179325058006,343.921566462037,43.4218767834261,245.715386171866,-79.7509135062183,23.2104908770112,177.515394122513,261.656394436016,-65.3951966261143,307.00359479631,-216.151944293298,-43.7833068279163,291.07765412397,350.600815271334,-138.805714662385,319.232148572716
-3.13575134701166,-219.246955824276,1355.68890089681,-196.262423325901,-37.4561088880381,115.073244795852,-134.024513745313,-143.293665741963,9.71839947057475,-45.5513839769152,46.8380751403217,162.913858210081,35.7781901197869,84.906953936778,39.4107771898583,117.294913232919,231.003169044298,-395.188159134731,-18.9279021229664,37.2159985756796,-490.146148767454,507.815720561175,-21.4888080417765,-615.620661223243,255.488426305134,-273.243277373888,300.336929804667,-67.5787452417078,51.7633989793906,17.1098715473886,-45.38652881848,76.6473878322436,58.8846505862996,-27.7528194843081,-74.7030096347538,-39.8423242575232,-26.0791172118568,-24.7744316609214,-96.9293767944439,-111.296286562398,-110.410134705958,-111.541769282562,-161.421356582859,-190.898897716478,-176.514017733076,-30.1191150628027,-76.9006573939373,-14.8498156827329,44.3956746139886,177.537675673965,-11.4024369524936,126.838082356038,-127.229975885432,-103.642732846418,57.4526127566795,138.910711766628,-236.530089384797,203.450488841385,-361.238875946908,-303.128962161126,181.525428826471,285.69292911184,-365.399185348186,286.914244424933
-32.5001458238677,-75.000053831803,1086.23956568267,-85.4749351585392,243.010005453227,-5.04999264967813,-7.03074970491491,223.355168207224,48.4626322999666,270.378257899683,440.576931830114,169.858826824881,213.317644351446,450.50557327156,200.310440648761,449.560383411566,418.612087967205,4.09422760122622,486.632960563394,274.396219092586,-223.791656062255,699.304343933727,90.8557096328494,-183.446813452961,297.977601760935,-138.00633932387,375.892146492896,-122.56029468194,119.487978000055,25.1970939452636,-42.6138948710638,136.734358542167,239.69183475679,11.1791036167759,-47.4537439541911,13.0859345795248,97.0797501950193,167.26638476823,-42.6514228660736,-46.0586673440589,-15.8297271492173,31.7841165035597,-49.1152523812181,-69.0110089183312,-24.7966144527137,28.561345779277,-25.4521872691438,20.4262614250414,55.7509348696378,160.297708547302,39.8796330060976,92.5318349128368,-47.5740298458768,-101.540346005589,23.607985811967,117.922798892583,-240.612188209424,167.567009577519,-312.064208986916,-397.597894855824,143.745409788917,301.074403800943,-414.418936399497,337.410795568126
-28.4752256189544,62.8636894965754,877.832304492748,16.8648980925141,456.524526647991,-42.1006115398461,174.265118002443,486.932689470033,243.195351705572,573.108510514299,776.734118959941,289.941432423592,547.541054164338,828.258371308975,459.98967036542,1001.6454275402,481.882962992451,693.988082284296,1306.99723111385,607.75354706406,601.437575790794,680.098398797944,457.128024803245,753.434372867057,437.640835444568,265.045989024493,467.24498445011,48.4273058307157,391.608896237708,164.838223424687,143.695897866519,395.967297906637,632.716360296522,135.469178410122,119.254293231782,229.267406238571,396.000795782683,546.574838083475,101.959091490323,164.370467038688,243.176352170721,343.883332413138,191.301472856799,215.988495838428,296.2272834056,69.8110405442755,82.8020868106674,47.2354816561525,86.0588148944899,187.91988820066,120.953670013273,89.1051720398088,73.7172493688791,-4.10346563108841,40.3906049613008,144.345797529916,-95.6189859000089,191.81227659902,-133.149641873547,-294.202197841606,155.855970823612,363.506446772018,-278.992663451544,396.588936016378
-1.15204815943769,131.163098591638,694.912547706865,55.6180555300499,513.935994798742,-33.6652341313524,250.551215139685,524.113360105968,359.804255294203,641.312166986574,857.491552284436,370.130027442445,700.720132458262,936.839609630023,621.853877879212,1304.42970062825,516.259686988689,1123.74706989928,1756.02335717924,902.666481270635,1322.20548161283,727.297893835586,893.480342253965,1422.79908115467,725.503988067569,679.407601457108,624.874480638455,421.800030746352,596.579390533139,401.346520178913,388.274999737814,591.948899800198,847.065384527736,301.785821208176,330.617970670992,423.035928953843,591.214508048056,741.43827785462,270.043863092386,364.199731985283,445.743976178725,544.428446037802,369.658900071901,431.650084818307,501.383508547881,55.4819516118971,121.119762395703,17.0813727438571,73.1577171826108,163.703602675803,122.797298572965,62.8357027461622,109.428065825263,61.8891037967169,46.5340214942686,137.941194245922,23.6602955930463,202.683780486691,-15.8208903990524,-148.69212520644,145.604241106841,372.763082816556,-131.981241894158,355.920459087816
48.6767827858496,154.086097575445,372.287907323301,44.0603674658736,452.493108686727,37.3740573989879,208.925806926577,386.307276172977,340.63277293252,477.612003546547,668.493729980886,382.841702270353,592.685873731654,746.32065353222,639.468897504964,1204.63541709119,599.918864828619,1141.80446361217,1524.74524490901,1061.46426209058,1451.82427896877,906.952500906557,1121.42291413279,1413.04585011391,942.751487269998,901.67562683937,723.780290073088,708.638783613475,635.175087582626,550.488750809311,527.317854885326,595.893171000393,746.90663894994,386.748413340013,440.481852779027,473.343880206606,569.041572320782,639.737777443675,358.204396090016,432.411776990929,472.590466040134,523.203109388391,400.309450399615,461.816253263626,481.709329325552,24.615483800435,58.5637467563022,-26.2014324588448,-5.81933950166675,57.5411211570528,29.589650976486,-21.4994501489157,23.8405365361812,11.3593520640276,-19.842289230945,36.9078785835462,-10.2764596919178,110.483296807564,-55.5561719667291,-117.862009858272,58.4720576522192,247.085191097559,-118.083196386026,191.30451280471
73.7816278989255,133.723662254241,-30.9125591507159,9.26980600581717,335.296725574415,138.651607804739,131.969706934664,214.853135649205,269.568727034483,257.264887999126,375.380945621565,356.926252143607,398.044671113603,446.956852809308,567.967403203621,945.55056166812,674.664806302711,977.252617821988,1025.98066335405,1038.74586433081,1213.26453948039,994.310962440457,1045.1704495352,1078.40404686094,905.797146810172,894.276452287699,653.925485864147,722.112950712247,570.292268584413,504.985567069481,493.673354471788,458.255866160544,474.120070819778,326.196356212957,383.107119192995,376.485398614998,391.531128440015,378.575057115499,303.848187213309,349.075400637003,335.576537667515,337.922677635553,293.377394530257,316.350315061207,290.715833320554,-22.08991080058,-111.26350221872,-76.473238872832,-171.57093538269,-145.868348521057,-116.438924917186,-206.374520236662,-144.498326669173,-157.831413926974,-206.692926226617,-182.165974385638,-185.93570916176,-119.33974335844,-213.361691754419,-244.714676457249,-134.726482492991,-17.1562498386513,-251.012206877017,-54.0590597393148
12.3420260912392,39.1483840419549,-309.597191264165,-34.3779836083155,193.78410660715,150.436078141329,56.432955230608,115.901563182956,172.284917294286,111.677795082578,168.26111999128,257.898886583676,234.663259863579,218.722830061232,417.825711516486,726.870332353557,612.220234474203,768.685989137494,702.221010295144,829.292582000171,963.157932688263,800.207345812606,757.762746265633,787.568456441176,649.516137873011,702.936855184072,441.91393361118,520.849206485509,398.948699520653,314.514952716177,314.613458494966,242.967408705603,188.010636287962,164.753092536101,198.680765551691,180.847827622949,150.644952244672,106.621907132353,134.773445548573,164.853784239996,114.23493930757,94.6344447605905,106.514820100704,83.1752304734977,36.0743813926686,-92.9480590548905,-348.804214057045,-152.379766570302,-388.096307018827,-396.596135694198,-252.683814438032,-446.147254143378,-313.102113469674,-350.970493282757,-447.544148488745,-432.382577645104,-376.667550532682,-391.048341347861,-380.773250427559,-432.644206643299,-383.646612341391,-311.30036957013,-422.328258090572,-305.486930757898
-106.142901554728,-81.2999464349014,-449.786191777491,-63.4614975490601,90.2407744068175,13.6404315685413,-34.3694373286512,122.097985955729,-3.50194121042495,22.8770565366265,142.133961630654,37.7552218459343,46.656605647975,119.365067188103,171.17630257488,511.520474276277,367.942241197383,475.123388421239,510.556456237017,479.652347973971,678.214455411535,378.331011761993,391.498126679518,472.126493636558,292.269832512781,390.434238526189,170.329043684026,229.795647970469,104.925647906299,75.0238876990537,69.0868543379299,-7.39517826454776,-36.2543076822741,-10.5179186137058,-19.1837508552597,-37.3760999835536,-71.1252022586448,-89.7752935619675,-52.7605558658056,-35.6681945218122,-85.2618539850358,-100.108165203717,-65.4785986541608,-111.512061341119,-163.126573884537,-128.425845715781,-518.895441943907,-188.091562253362,-520.145729541508,-552.237758857631,-290.738804995738,-580.862446444619,-368.397820005774,-412.068740659816,-569.516486598937,-554.719814874939,-418.940578835,-541.121250771167,-416.516670763448,-482.870328108701,-541.283281789475,-483.091421468415,-445.841303442161,-467.844481988405
-209.045912632662,-150.173340400862,-603.12479422479,-84.0412021063816,65.8556467924638,-211.044644169575,-168.050145654085,162.006148622001,-285.918076585697,-119.460299377343,248.46264315121,-284.374087295373,-242.824185386564,78.578384650429,-124.523162113882,247.61459418638,54.8692864781492,125.678268646412,278.740374814135,115.231701214806,289.12180239317,-39.7535634232969,76.8293539899635,105.73647614195,-34.7305783871952,83.3404452957415,-70.910883329328,-37.9305851909023,-155.994186202641,-127.9006188632,-127.661295715886,-193.386586197369,-154.137415439384,-135.826163503701,-175.610241471744,-188.575259199798,-198.797366878028,-173.913714691424,-177.065083041323,-179.197195692694,-199.285230455,-192.407544972932,-169.297633052181,-207.328003356722,-252.852999629558,-92.0269346813936,-547.567931610817,-117.62769245983,-497.724493921529,-540.106245599775,-201.346175162409,-540.177852990697,-273.472039075008,-288.74852962418,-507.239070004656,-508.846138947596,-270.212234176245,-525.800740216314,-259.515707842783,-291.933546699581,-522.969217352975,-496.10410790151,-228.541871124905,-503.906836071889
-305.893593270051,-206.511694095637,-793.526261178484,-165.383501800187,34.3993724944203,-439.015410126594,-357.33510246436,95.5823260642063,-611.122069418185,-370.528320739299,314.867922563325,-614.553892155822,-582.000886909393,-33.207402460567,-365.84621161708,-3.19714393427398,-161.633392630791,-139.439561299893,45.1998324882095,-109.28446558948,-37.9259963296809,-251.785928776349,-88.4929297085348,-101.883385511883,-212.28571966065,-94.4507898230243,-205.052696623261,-195.070845914249,-234.904033565699,-240.948527621272,-216.728591868799,-247.372872152211,-172.292395032085,-200.823740287669,-247.263300249534,-251.604716645625,-234.796590425484,-192.471288285054,-237.494789654566,-263.061156595834,-264.233709612275,-238.049182083511,-258.052219785976,-267.805501568612,-300.0785851694,-62.6603911454693,-539.655488625171,-25.0425315662584,-434.234925902357,-464.855691440952,-82.0371455191085,-455.422042134843,-127.29356829018,-124.753001843708,-403.933063882057,-431.503430208309,-72.2867693646477,-473.610667377977,-32.7965285964858,-14.8167322572088,-441.862410034652,-467.590831595638,75.2073575042671,-497.692132358051
-460.435538157679,-357.884438704147,-910.264181580875,-361.749121694741,-135.390398119724,-629.879369174683,-573.289715029874,-140.429989063104,-853.611681473758,-649.952606123332,176.507422556239,-841.70505769042,-835.660560903914,-263.713062443081,-515.300262559103,-209.180774337648,-263.661502796422,-289.350584358803,-132.146314089368,-195.499518410951,-199.865765407189,-295.055427453426,-163.869687629952,-121.920842781007,-283.257062485796,-191.18950229504,-270.486598008211,-288.451207308345,-256.462513238864,-313.671904939981,-289.825561133316,-281.606704198648,-212.189643400024,-261.092261233066,-320.224698613448,-323.631781901607,-294.772386770241,-267.776863914322,-306.209392839952,-360.960985742944,-370.83457451964,-348.144856095053,-409.785091874638,-392.921249449751,-412.33531558082,-130.279546622289,-606.642653906587,-51.464269654296,-453.259164698067,-454.786760669773,-51.1892947556518,-458.048172204828,-46.2538050905168,-96.6359433658076,-412.85685155227,-462.566165923377,7.4733274664079,-522.033592779806,72.1167390626439,85.6358624551451,-480.048402275491,-526.187020415062,197.205282292614,-573.765801228252
-662.695370997541,-597.902365221415,-946.776057983726,-613.514975479005,-425.970999089396,-760.256015766899,-749.364573419672,-448.702501084321,-928.099668375716,-835.297674695493,-150.513932195289,-907.445720768415,-923.352012457373,-527.778276641549,-624.945086157935,-429.63695338491,-370.99918931055,-441.150801862963,-324.7462598171,-313.473214830618,-337.398534931946,-369.224544211103,-317.29335221748,-184.191950012431,-414.067398206607,-358.173245112509,-380.129374860984,-434.896258840264,-405.496215867044,-433.560520805236,-447.31477897913,-426.325845966511,-373.491412105828,-362.408925958756,-458.315207185721,-476.630072424445,-449.389731349072,-443.030144835193,-418.716954482842,-502.926624993136,-524.302772401115,-522.17891831849,-582.676096102981,-563.523199026945,-578.931831607587,-233.618392973071,-651.184925753372,-154.236686727747,-457.47948404735,-450.330026027547,-87.1196829394465,-454.465216312595,-21.5134013089551,-172.917401195365,-460.326774274361,-553.583009047979,-23.8042213052643,-631.582031876871,37.6287820879062,-37.0874297827384,-632.752158266196,-649.732283314412,80.9416511577204,-729.043708973419
-806.958496639802,-776.468434992928,-1003.64992822382,-774.01430107953,-648.121868606653,-783.575265253569,-817.3406532245,-657.644320076355,-842.912070959511,-871.509459590307,-462.529292967778,-814.778632701188,-854.41634934337,-701.262340939349,-709.954020629737,-654.496427272667,-524.576139001038,-640.595964575321,-565.657680954789,-536.089727944274,-566.386209792429,-535.904575629252,-580.582541309162,-403.667197398324,-621.128657595226,-603.868477140869,-525.473326685651,-605.361490835303,-614.152479020536,-563.132895529044,-613.095559141984,-597.99185972192,-553.949905841416,-450.575006790208,-577.216108446059,-617.81281652994,-591.695064227764,-590.084361398434,-500.918237597697,-599.7051858286,-617.6308760047,-625.236877446038,-651.964055174527,-649.494469141606,-670.372835681012,-229.375491074794,-501.226699319041,-141.317083635887,-249.894452429823,-288.243906163699,-60.6705153635966,-257.29509385531,42.7356702766428,-149.417360253035,-336.874663652497,-517.921834825542,-10.8572772799096,-622.872128334991,31.7207145960723,-156.427900542464,-697.91015697196,-687.703628228511,-48.2781050551403,-811.983756814747
-836.600303856622,-802.933754066597,-1081.92566555006,-778.367430561285,-683.195386890221,-696.403228124387,-778.139605161138,-704.583200489728,-693.399472434101,-800.2670493233,-615.806487096177,-638.75619619828,-716.291991422744,-757.968982121997,-751.844958941043,-791.252106874205,-670.548384597081,-823.200081373986,-796.031774282505,-769.65910965389,-830.432795862238,-714.534347053265,-832.441974902681,-698.646587969195,-781.570694451368,-816.734067626051,-626.213549682861,-700.768911357289,-751.524230823967,-624.349308799849,-687.704496478445,-681.275341124304,-629.518351009265,-480.673405692748,-605.801948545576,-665.520026026473,-635.383132283994,-624.779628670185,-511.956172156698,-611.493677537486,-624.275067136527,-623.491574532251,-627.982513592646,-637.993510449053,-661.604492114352,-148.34142103158,-239.228235634858,-3.03599418467962,90.0813569952875,-11.0402606836487,26.9268758749926,67.5904207714051,122.624713768237,14.7711704028568,-57.7347432878151,-317.976937572987,79.3469423661972,-458.195999068527,102.189907713276,-118.618647905414,-584.019972391978,-599.653698070409,-39.5264078169887,-755.038060520972
-801.252780562729,-751.280736753464,-1094.02409829823,-696.116999111715,-630.918517427185,-578.668542894046,-695.463133278712,-669.659500662635,-586.514049039376,-712.351119746609,-684.389585913727,-498.222120810436,-627.438587274479,-782.444296066798,-777.673496323515,-827.888073111601,-787.192712792051,-947.471999711553,-973.700631009322,-931.434993242665,-1028.90953630369,-872.120609877882,-981.866925583731,-965.917972855251,-859.604111255635,-936.893646806374,-697.531457870454,-740.657177847236,-850.187553220333,-654.017181504934,-722.582126336512,-737.409642945192,-667.220994197354,-511.663496363474,-622.199555709737,-696.765724492374,-667.863726951796,-646.089525659865,-529.511591904136,-632.479079377292,-647.327521625837,-641.565962930698,-640.595007423181,-660.625716529237,-674.292216491186,-169.826085548445,-108.359134653887,45.7592655386734,256.60780329458,159.243591647218,15.1136176248109,251.633405005479,70.00053005669,109.919021835389,110.312466206333,-131.018058520309,84.4753260649691,-321.318143802115,82.3790597170362,-52.6119597284142,-448.33251019593,-526.285459892534,-24.7028320816984,-682.363970868585
-719.165346341495,-687.860474270208,-1055.15266873655,-567.220584993671,-612.470840113708,-473.645050136936,-574.230394709053,-602.678254289608,-516.153235637558,-625.351774668914,-766.942848230882,-421.650417276086,-592.433729848844,-813.065864969613,-777.032874934541,-798.717437017769,-838.920632824787,-977.397852849538,-1047.63319678474,-982.126876422916,-1074.16134397976,-975.921751223637,-997.480406998996,-1086.05605487447,-879.992023454069,-932.799758414268,-762.28269049793,-757.928790152215,-919.490959873836,-684.449140639737,-754.400814729391,-805.551440007712,-731.577970875597,-557.730906207593,-664.427345022669,-745.423899144384,-733.078670559114,-703.295846180142,-570.348927369758,-681.932377329649,-701.868836856412,-703.516111310802,-684.51837207834,-727.350776512763,-728.180068935053,-311.200974893921,-120.85334941015,-97.8911778723705,193.021321684379,173.130949911687,-130.276321061667,243.782504470194,-107.089053763179,29.8340542369085,67.6452043024192,-64.0451041707435,-51.9149814150599,-312.474359189514,-79.9056456799421,-99.6816008771608,-420.054460861504,-543.228398352198,-124.899982995241,-675.312235691038
-572.051863342414,-595.991930692198,-1054.39900927683,-383.662924149907,-627.45397881535,-355.245332350733,-386.980740842651,-494.395805049975,-407.547381984004,-496.2249140599,-833.671872764083,-342.085153332686,-513.574813331488,-801.46893667117,-690.987414034259,-696.092063164005,-766.628640408848,-880.215967735579,-967.384624929152,-895.833702012658,-940.891220111483,-949.662235934772,-879.550487267484,-974.245862875587,-827.459426491362,-791.653751547109,-766.593331869986,-709.439857553346,-868.599709422527,-657.38390929353,-715.358189756335,-790.942518204107,-744.551212860264,-544.198398710076,-645.5597228321,-720.304439935693,-736.737302620882,-701.533614345357,-546.97676938414,-659.309004600061,-688.980449869173,-698.545047203844,-648.596753521178,-714.118665164942,-712.793449066535,-420.070588061425,-123.682507684249,-332.166951369364,109.529574400108,144.89932700813,-273.029805364302,218.120305234936,-227.530958358304,-95.2763493013264,-14.8909184454125,-69.3262277949709,-182.5177093566,-327.928005537598,-216.173592565594,-194.698091502352,-423.384889160339,-573.140738671438,-250.897625152907,-654.281196716404
-426.741929645582,-503.0747334817,-1063.84254440207,-228.538356334606,-656.044307336572,-232.990148239566,-206.569216210649,-410.080432276182,-270.731662927854,-359.871798337019,-854.659832892036,-230.400480280289,-378.629508500517,-747.090071408061,-545.754648530143,-550.929434911813,-605.590115795823,-721.616038876401,-797.800613750043,-715.393572697529,-735.25241123262,-802.185608614916,-684.231544683951,-717.9799338005,-701.100005731354,-590.375501041952,-685.438094660611,-590.71217312567,-706.278178427831,-557.252556733977,-593.950392779995,-664.991493007033,-667.66706314304,-459.867855864682,-537.386492441321,-600.509620709899,-645.006004937269,-612.708149371911,-447.167674339544,-546.576297515685,-588.394065904348,-601.235859957492,-534.980568915709,-602.077243243435,-603.03122986122,-415.773707482837,-114.4149285605,-513.0008083654,86.3658350648592,82.1295629905312,-336.265363007639,221.096747342827,-210.436945625943,-151.697501555017,-19.6345583238335,-114.923503681708,-195.446376679019,-280.381168957918,-204.57642691427,-206.646124632083,-342.020804815449,-547.470642645246,-278.647409964773,-549.101059964375
-351.72386989848,-455.393053041305,-986.555260209563,-183.583991838443,-670.535731660284,-127.626787982181,-113.238908818111,-410.403153922383,-150.18957493059,-270.070679377419,-851.129256336493,-83.8846541926933,-238.130465799215,-680.059613160803,-408.069619417848,-413.767867719022,-434.750838794729,-584.081734662248,-630.724330619422,-521.831282318886,-560.334966631838,-614.136743714939,-470.924864765252,-455.981655498099,-529.292374201342,-401.685475423039,-548.474825229777,-442.196268654646,-520.660334074822,-429.275806988837,-445.345093331036,-497.730571511946,-549.677592938164,-351.949027535615,-397.414468243436,-449.183550018641,-509.125106828671,-497.835982981559,-330.162178638474,-410.691690801887,-455.752572283649,-468.574339122307,-408.254439062543,-461.111308268387,-458.15396324316,-294.149266077016,-122.92025774467,-504.539970432723,99.9641135099648,-27.5138747503396,-298.678030636403,208.39986350732,-89.5536203980843,-113.121349991016,58.5234546038006,-154.743691278813,-74.9922286104718,-159.852152202172,-49.0912053393884,-72.6121064824516,-136.889316147716,-438.524050943705,-160.688423090178,-367.095490632842
-266.340967642882,-387.523329405559,-862.414712079357,-146.853523541977,-574.855670380643,21.0325190427845,-22.5599946107468,-386.652976201911,14.3916209866061,-145.90159704455,-784.149684785428,147.055679435161,-45.7000127836456,-538.039494776225,-239.975589247182,-223.414470131813,-243.147893351459,-414.836179566213,-415.259243954042,-335.998151844463,-369.179029272629,-401.225724945864,-247.974992565026,-186.771893999432,-321.780402279048,-194.566340259043,-362.976894902292,-259.218620339827,-301.031794851203,-268.351077180911,-264.618527375659,-298.571441745189,-383.342345325951,-215.976383782676,-233.340310414218,-266.07715457972,-324.65402374112,-345.988869833263,-189.849386376963,-250.015182606165,-284.407738372341,-294.157935992479,-249.175960405211,-280.974369996652,-274.465481042468,-44.6638977107503,-0.960995796980342,-267.831684563889,252.890521209528,-55.3066960213005,-116.504021964369,275.033055260105,117.254498349959,43.9449113009225,264.079152036893,-57.6174680906431,167.651228758924,64.7096146548706,216.693715954271,182.508474232102,193.41865650839,-212.860451900638,89.2707054428459,-101.435057572888
-35.5380801853303,-197.467651790721,-805.005978512536,48.8326732755028,-319.27428516151,284.123765301585,218.791893432603,-189.733862376635,314.124762775981,134.723319436304,-581.516535286882,485.980155907377,277.966637017496,-238.03575901593,39.2822818630962,123.063037350812,17.2503481441732,-107.295374670118,-45.8715231242225,-112.970957287658,-67.3180138085416,-127.013103589613,-2.98312111479659,150.634097313999,-73.8093329533429,69.9121387261165,-118.487488635463,-17.8423568145592,3.44293359469491,-41.1280294679923,-15.7103203601087,-29.2537827993552,-125.760878148828,-26.6924318363061,-13.2594209704701,-14.0296975266071,-58.2181133721299,-102.81325356623,10.2735471124801,-18.3787048457868,-28.3237645260863,-35.0305099367486,-9.60391656651334,-10.8545939255737,-7.10064991462955,276.342183941998,351.676162439315,42.7469129760483,582.590533186775,75.0368926733562,142.071051992949,494.519226206517,329.333759101211,257.847110194299,575.637622753084,221.775527288324,422.629013147187,393.51295211889,481.221555815224,425.009854849533,620.136605949895,118.705754186913,359.889892160049,281.872259733194
321.12709949391,92.1835488122481,-768.479810281761,392.381227554551,1.72381456154303,597.487721016797,602.552888199916,150.238201439175,692.982147207324,542.307036109689,-262.156548431538,823.049165301672,680.152429935254,174.385926099225,388.36701946701,572.394983752251,301.798705648138,299.278539405774,429.467219598722,170.482565320065,322.598837111677,183.062188676947,263.724768237115,516.054773432735,201.332636298178,346.103256892218,154.145144348089,251.215964047083,331.797378817238,218.745229046162,263.415151634322,271.989974055514,172.597609739493,183.439685802926,234.396336429093,267.650692677733,243.21756122002,191.872248924312,231.324173442163,250.851708829457,275.359550591852,276.81112133898,277.317910154705,308.336595850091,312.205275248837,516.068751121537,737.635551292529,257.809720910413,851.425898353913,263.040658323784,321.751527817377,713.658656041985,410.086917852142,395.132456962296,810.812884440613,572.542882117367,533.531752819602,741.980783762153,570.062615163768,524.955437643392,1066.94277174971,499.22363269606,505.54418052009,767.734370650331
629.158497928081,368.026249710542,-621.62594055405,717.994113030609,287.209573105314,784.388050197499,949.257953542208,498.487204225384,959.457080400739,930.821340324153,97.870101747624,957.267520456529,1003.2339396153,577.494026490198,651.295218395245,926.372913586961,490.764245011865,618.470322469577,822.216760102708,441.29476214073,665.068634208882,430.93589048093,513.676569274343,805.138673538208,452.15540260856,555.010073864247,384.391165562419,471.003316392021,568.144596435591,428.15483705548,483.570954674381,514.096335168281,412.305103154313,348.338591043858,432.037659743869,490.143090338659,487.435593706925,436.273768797623,394.907142525835,463.598289685971,516.899332688797,542.472695768712,517.159944828812,566.901958016208,583.3352008946,568.626895803856,855.772456386446,378.786333375545,795.684087336009,401.979331657163,426.380044336793,738.553904623923,394.572527631707,437.716115433684,821.23330308186,900.611045680581,512.720674328719,1022.51352611021,470.624792829254,543.53654473049,1424.30396861943,887.695106011444,513.056365309093,1247.81877695238
772.499592149632,571.911941870212,-417.433817595301,919.731887207326,557.923236125354,768.027006369694,1121.43788065074,810.843484575995,983.140109508986,1206.61913657578,480.101144421916,786.769897506506,1131.65835168037,931.27276664076,724.236273106711,1066.34354081749,527.900236214767,728.764272183956,1026.33886874519,578.849818317183,840.007328913317,544.252203235898,662.716166721364,974.561440678619,610.029984241828,657.407102919143,521.206974926064,587.080616711444,690.046618975352,543.972968181414,608.550967570107,675.949566410945,597.380443180714,442.476541492392,548.779548969959,628.136321698665,659.308529374066,618.44765178591,484.714685556007,588.224838090799,662.508861393538,720.690172023603,667.670945181544,725.935831130585,769.398543324407,505.725178051763,658.419128381122,461.245998214517,455.01449424941,433.675010401019,548.844142083967,563.463068337405,432.25800623569,434.986232229756,612.266517696645,1148.99231624626,480.747455587841,1168.72003304882,351.858593622232,621.992803737556,1588.00090652627,1236.79747687419,472.972490574538,1580.92275566868
819.219057722478,727.060184518602,-291.892562702684,1030.39430007119,852.455946064023,683.355386574406,1156.80930969863,1111.32471531104,824.811306109803,1371.29546359484,894.121223930107,451.724734495265,1062.57842299545,1262.23738047489,659.712845078193,1057.41616457874,480.907859788517,695.057547104815,1097.09951485319,553.224556380407,831.06470363245,543.425464310403,656.382455182061,1033.14030882918,651.825988392591,661.440004501961,575.082734033228,614.119106991064,764.565890376531,596.256212209952,681.011933999979,820.273424920233,825.304974462549,498.897166267113,630.788402249937,740.1116992323,831.739668969596,831.82173843097,550.04909022671,681.140710925307,795.429261913933,882.732733030899,782.867563825265,859.264220948174,938.610080308895,493.845458288369,396.897564702653,514.651026688465,145.487118781015,311.794102858834,639.402157968602,349.527985291196,501.425914598211,394.465176515144,316.502930859616,1200.65583505589,462.18583092348,1153.09307316222,301.31273047697,740.363331412999,1570.63832144501,1464.8065261224,433.978264327393,1724.46317424748
870.721570982341,824.16806970125,-100.993414426569,1091.82178816612,1072.97275247552,682.556190723372,1156.47435999445,1335.64727212367,655.689536468263,1426.74155196466,1243.97753032111,210.216779171185,874.606366091927,1490.23739646642,576.528976457917,982.482028894672,435.160833419591,628.19112995404,1056.87806525533,452.922979882442,685.562929103061,488.76612737022,527.400434964883,942.278491086647,601.197100083111,577.859386401062,578.569891101062,582.338088864738,807.630454490126,615.679802568396,722.014548892337,956.3645355814,1090.72776125032,535.373586451193,697.853357062094,844.933449177691,1014.33595091128,1088.99673873958,605.022631303042,764.825209870387,940.333302130184,1061.38869830512,886.721609973232,1000.0040502822,1111.42722511315,584.949486425151,287.594847113075,576.051730757848,112.265076648872,115.224799964642,621.76938275332,260.130269179657,472.709672284351,376.478764868632,178.470897184334,986.430316501006,423.298471353286,1059.75935540018,242.515438189063,777.997949227361,1512.46620980779,1502.33015779009,388.357811697556,1736.4999448272
884.567753061667,771.696473345646,472.45054615145,1048.60375776381,1045.53424851843,741.257667704455,1123.84104507028,1339.97410264135,587.075933740512,1324.43387097978,1347.8158527048,179.493859300554,669.461936538801,1441.73655722795,528.086224365375,823.135238500897,416.121130254145,547.860823875822,831.912747293957,385.574187737036,465.901068917631,412.0057249608,345.78898638679,656.473809335622,464.990744530048,392.494997221599,524.988366800142,457.716197885138,733.693126120953,562.093315020541,662.741725160274,969.182576614181,1214.02657412217,505.901350346218,672.893949260566,847.412154166439,1076.60227235702,1224.22244997919,585.963784307458,760.00121962839,977.377950297857,1135.20469509599,891.577453892799,1044.64563157446,1174.05376119412,669.98513997788,283.026281585652,668.51899908893,273.649903355731,20.1113650456417,527.429959563691,280.611613996915,334.878967535232,403.901135978033,287.667495371302,590.815127294133,317.181045597349,934.617492494464,82.7802741447627,639.477957377946,1411.06169563241,1295.50823502324,262.128203553125,1604.36929561861
753.962517772965,510.641384186527,1348.41430803766,817.878209471467,730.923001427574,749.559131149155,971.19990915128,1063.58996054008,582.893192057232,1025.00803423543,1135.76953152044,277.17260418472,508.451065986366,1087.90033291818,515.160273467058,593.102311986807,462.121583569559,457.729885201074,479.997954787983,413.718337377394,279.311367114325,354.194952459055,174.772483269628,278.603762773127,247.93996088837,119.401003908842,410.982517002158,215.210597289036,494.084469710426,402.825573447269,458.644828736044,776.373516446968,1063.89208587406,395.704313602958,510.660926939581,681.31750907405,920.052385891757,1097.69110426314,466.15546410978,614.535848428319,827.541195831058,996.501238588763,744.125891591629,912.04589501189,1041.7896479725,620.045377389229,285.029029329999,717.354410340861,389.887127816995,69.0480367943714,391.48573067982,245.370314630392,178.463342212474,325.924262670253,355.393144361987,163.583903876086,94.2078817661611,636.132456846127,-136.291493524243,289.06587628312,1040.02984695523,796.123860543403,-23.5369482734213,1198.82621508282
439.389045729803,86.7615760192883,1953.64989295948,368.947986843452,263.471317169699,624.704226037509,607.198187453644,556.963941170209,492.326695057363,528.108330745062,707.069329733165,342.603373650136,332.549045109854,565.6696288148,503.252485878829,369.592481414054,595.088161402448,367.256666016586,195.532905514584,495.45740856009,194.858148892423,350.095477968602,38.752559090171,-5.80698254538734,-3.92397613393852,-181.305427871498,278.452123375836,-67.178968618276,157.515565704425,196.863278108973,184.133539527903,449.304115950648,715.614600257317,272.102402264931,289.952712592652,419.925187157589,612.371217493452,775.297392009025,313.731237194409,396.563283374807,565.355154734346,706.572189652981,516.792558585758,662.103207080363,775.436543522477,359.760535779754,330.133980182183,610.004666888914,329.198483998054,168.197303423896,212.937675932321,74.2027058975928,64.7782456165227,61.6889447258325,116.397658260101,-171.086945150081,-162.738560890253,115.943225772077,-242.06076357704,-143.243400307357,334.730280490229,93.7088973506074,-354.086568969577,476.42994998509
-0.698932948161797,-367.896011481682,1906.51524040201,-220.776530641748,-169.593149498652,340.348350937555,56.3504960479834,-53.0221719457323,225.987532835825,-86.7496830351552,217.332950036118,276.201900675762,40.901475587569,12.7945657186531,407.411403488633,149.009622043382,708.378415224121,213.874059728358,34.5059683133182,483.240793393807,120.314614430846,335.882225762282,-95.9946217268887,-144.581658771805,-231.037706087187,-445.278274683146,160.033189690072,-281.089882001872,-167.174907003833,31.9698816442881,-49.4788417450914,120.441746001514,332.322841298643,187.812266070049,112.038780542708,178.150124710024,295.823501871635,426.686295830666,192.913147867045,207.753891346143,314.472540561636,407.441798186924,313.776604467113,415.494806958587,502.044641358656,-103.365555645904,471.840748215397,276.931969810101,113.386018616108,316.63464924424,-6.6499967433619,-122.224017635061,-46.4286926560722,-230.854141302856,-260.403706844628,-322.179546465583,-297.942984370271,-350.079851712686,-184.891929842404,-432.910118261355,-402.462685518639,-466.173114551851,-502.643545211414,-321.749120023773
-378.866665058019,-642.387569816914,1500.87083804453,-696.017177296021,-398.736577962405,15.3322927439145,-434.758019843333,-520.080795254555,-74.0242136624594,-577.33528794803,-182.378038537168,138.351362518077,-270.5807269197,-426.061690008618,214.164621058881,-91.4927757307289,689.500001030219,-29.4465144692985,-85.0268905217525,306.22514040931,-51.6675248087192,223.672681635074,-249.478660258166,-194.436506278804,-401.633220913016,-596.39746638319,56.70289411081,-385.595590278817,-380.212067891316,-53.3486515550809,-176.255633946777,-108.870438924881,34.4396257550106,145.907639571778,22.0497294605395,26.7768145485772,77.9895119910887,170.497711782622,124.644116289288,105.704326833591,156.952219097533,202.532658105633,206.653180039328,267.881727403147,323.913520466246,-608.680779953375,681.618901778959,-271.710116192496,-135.787438905273,586.284533807527,-269.476505724706,-187.532528763554,-244.80385636796,-404.350298234356,-468.410701099151,-236.412566563013,-322.479524856478,-474.272048183916,-160.846203119226,-503.411412358946,-820.417601855865,-537.427149415638,-424.74227101558,-780.77714250395
-520.060177212996,-620.375426255247,1256.83233973451,-835.512568050099,-409.80301518549,-169.462866052583,-615.627981209087,-675.245834821251,-204.586803106911,-745.206619416812,-439.363037698535,55.0047661468134,-396.352533708357,-659.657853637081,34.3698995916606,-286.790673701065,567.779630143789,-258.376132690388,-200.411197164728,47.7946294543837,-273.095648829299,21.3679198026884,-422.081657370351,-210.178010093793,-555.255449316159,-619.329950550166,-56.1096453598967,-434.107397683004,-458.762476018326,-101.779463315158,-215.455038992004,-226.629951482347,-166.716577728769,121.921474517018,-10.2403114348635,-41.899230107155,-42.6134047511495,-6.45442135528089,95.6185700107644,70.128304988179,75.8713204743069,84.8966235117719,183.281287252578,209.915244207593,229.055687652599,-947.419317758823,825.392135137601,-899.004847712806,-342.546284306118,826.931917342237,-563.610255417453,-142.579961055149,-541.828497224951,-514.081084761096,-499.169029391625,8.73844415716156,-404.046568279052,-327.430453624625,-344.970962129073,-453.486624682998,-860.621896958277,-222.544279802057,-289.701615645351,-753.017429061971
-506.121732171193,-491.598701351721,1250.10755367921,-771.62193935883,-437.584148397886,-224.360778409637,-589.056813634787,-702.917616552096,-219.74915613884,-749.453822532617,-677.605580566707,12.3021508023681,-395.745677970306,-820.482908009545,-80.5649245795091,-420.887293169264,400.551264059116,-405.965983852968,-341.348567188007,-222.340321886514,-469.770065369639,-224.124746776035,-668.296992180978,-310.875197509367,-772.567707959035,-671.17174338975,-226.491381810982,-531.043071339609,-546.860451721032,-209.804175189506,-287.357452122711,-363.779205132982,-403.034598448842,49.7614732648705,-91.1508991999758,-147.143706778561,-206.649110245817,-252.2623989267,27.949971338418,-11.7838957687499,-59.9047469603183,-85.893717687033,109.333745564813,93.8483374204381,59.9708091614716,-1085.56604766185,713.832786042725,-1359.09366721453,-585.401023170762,714.304588677426,-859.525583576221,-220.299170643555,-855.073419020535,-689.998616276837,-568.04902500024,118.885867948551,-650.068640253965,-264.302454229606,-682.61838938849,-465.568278378392,-772.306272755906,-22.280955032826,-304.831221814813,-592.412182238108
-520.550159664076,-504.42137369756,1195.64150559373,-767.849165269875,-658.68274922971,-277.258524710277,-623.907818056558,-865.163210352707,-311.612751147065,-861.542941694808,-994.251691218064,-90.7111706670739,-501.013921271485,-1071.97621930613,-203.988087199282,-572.925577521135,178.668728801345,-538.028424676098,-570.416392614882,-499.986816868615,-668.912065644683,-483.116415715701,-994.784533322322,-645.558187932988,-1008.04278964191,-900.93860755542,-436.159304244839,-681.311719332919,-799.252134166629,-385.28117096137,-471.633505364713,-645.139706026709,-789.644898047772,-100.047776287589,-271.843863662763,-386.049779169024,-523.293069369909,-665.047835413727,-132.329175606515,-215.293728669979,-335.456832155121,-420.477876772868,-118.861793496146,-190.753917073899,-295.455851432633,-1162.72197111,287.478969883343,-1541.92074753174,-950.602878664284,195.992566960488,-1173.64370103453,-589.105859427896,-1118.11442408706,-980.372242290123,-799.88560555523,-199.215189151306,-996.838961588157,-543.864471520631,-1007.99819897564,-706.356590293589,-860.099394393707,-241.082931317997,-551.116215938482,-710.592695954182
-537.61961178147,-589.114172068932,990.509620890257,-808.773198212713,-903.820663758596,-319.132199978045,-723.360743789268,-1084.40213249711,-473.475286058349,-1041.41563959426,-1266.51522860895,-249.19150879422,-708.755737134204,-1328.23818975215,-387.862202441802,-767.027372468641,-107.884946216514,-726.841229958843,-891.998114254169,-763.295274543419,-923.917901792454,-730.39442713371,-1269.87937103313,-1182.81799424497,-1098.43983005449,-1198.47478063336,-580.254817960077,-756.735049460207,-1131.36376111677,-510.396027155744,-676.199662425638,-981.460016952956,-1226.5961152838,-250.333100969236,-456.49717556808,-669.533846409639,-890.200328394744,-1117.9678687681,-310.522558944748,-455.889239641863,-649.696077816982,-817.749313978707,-414.295124472189,-546.914119706685,-721.719841007391,-1266.77304639049,-317.115377896188,-1607.23378282127,-1369.16978204593,-442.32241690801,-1506.89418456542,-1121.30933459001,-1321.79715724498,-1325.65340805303,-1126.90064149612,-865.418579634911,-1313.16898448948,-1036.20354809851,-1252.91146389837,-1153.96034963314,-1172.89402070153,-669.101965924349,-936.137193079722,-1046.53317284771
-460.20294633085,-540.879586782302,795.637770579523,-753.136047821618,-936.658745138594,-296.130681566092,-744.160923605156,-1142.36075813464,-580.389652928904,-1107.81910164195,-1344.25389780692,-400.747970295453,-853.824454769863,-1431.57973655885,-611.59749616152,-962.572278214845,-437.920120087961,-974.405088594221,-1256.50140525651,-1003.84564512904,-1242.80007532705,-961.196540416032,-1408.27787050927,-1700.00138260727,-1037.17282825992,-1345.41425562479,-631.418444724872,-713.446903425898,-1302.88553364074,-533.235000317099,-771.525749594434,-1168.42180083986,-1497.20303590326,-335.223086237072,-547.291744661351,-832.480463849835,-1109.57524302835,-1391.50768778615,-414.23566527554,-605.761263128076,-836.062814820011,-1065.92990815673,-606.757592197574,-781.798281634363,-999.436980480635,-1291.3120061565,-869.266557077916,-1632.82101236475,-1660.98443924888,-944.195814767638,-1678.49409881563,-1548.17662537032,-1411.70447575468,-1565.54595911492,-1408.27519751712,-1466.36538476651,-1512.81574352736,-1386.88307837967,-1425.39528055988,-1585.82405455435,-1512.62685516632,-914.202273468259,-1281.61916144647,-1248.79259157128
-355.329741965282,-378.722866482652,663.641602191804,-636.611720978462,-790.732454601642,-283.085542205535,-707.212058154994,-1041.45065771216,-639.259772226369,-1064.81371884075,-1260.92672882675,-538.531506215561,-913.721304096538,-1389.87950964002,-815.152028330069,-1126.5292529761,-742.179363440873,-1208.63135604506,-1591.07759790131,-1223.3992473925,-1551.61555461442,-1143.74220046457,-1468.59802276453,-1989.22863884113,-994.527870364576,-1302.65378965963,-667.49956124506,-667.480692538682,-1207.30987152496,-531.75544018328,-749.719774509078,-1131.20220058287,-1502.8808031644,-373.805237684306,-556.266509037793,-827.73751092043,-1106.79060220595,-1400.60457588215,-444.237146128134,-636.441903694523,-842.635843270205,-1072.61344169428,-630.736346703528,-809.387229597144,-1032.46992743822,-1090.29349479909,-1152.8012810491,-1439.4211230675,-1666.10203269001,-1200.45710102534,-1474.88025811671,-1703.56739680929,-1269.813044835,-1509.88807729562,-1530.73437640145,-1680.41495129692,-1492.14228950689,-1446.89691256945,-1410.00718466647,-1750.70282942495,-1725.42042503282,-830.254056052652,-1394.13234671084,-1165.23971521383
-341.696043209311,-272.107557108551,452.875798442215,-578.937238745353,-646.554372794709,-385.352325592165,-723.502505773259,-933.264614875281,-747.446753109002,-1025.87171737066,-1141.42518743151,-681.03785743878,-981.195396645057,-1292.46411570498,-933.895126259316,-1225.46019097046,-919.841921984073,-1321.39457205551,-1784.23305107413,-1359.22353360517,-1704.69063764599,-1197.10530911753,-1482.18295094103,-1997.64407863646,-1025.08532952101,-1197.30680363288,-714.330201157343,-693.846925495214,-978.850020743064,-558.553069373164,-689.566647899851,-977.580418948343,-1335.24911357941,-397.731012465897,-537.227169316193,-739.822920969164,-974.124806024363,-1235.00630741965,-443.849515859551,-600.9416159242,-754.903534172086,-934.563780022595,-563.299761451416,-708.192020177444,-906.693147720889,-723.503216049001,-1119.2947026338,-991.207183419162,-1375.17218016304,-1168.40568201067,-998.383218137004,-1552.84441267232,-912.24091443244,-1144.27986464752,-1418.65715731773,-1505.06111305307,-1182.81429925534,-1312.95560012589,-1084.65344750372,-1528.02487630582,-1756.25720682667,-585.813648182259,-1176.40368004331,-923.146657203175
-415.430151686611,-282.619734171084,129.233416532299,-593.781308440276,-582.449030693699,-590.401308153958,-803.370199692619,-883.983267745461,-921.693089104489,-1030.06178094659,-1044.66837900913,-829.353934089515,-1092.19965371788,-1186.55443116756,-963.950834152168,-1232.60808044933,-952.105874845141,-1275.11214142271,-1755.5475608413,-1337.22175286208,-1614.91836092021,-1109.58342120667,-1379.44933585567,-1809.57398895558,-1005.51111145191,-1121.48552760068,-727.538569232094,-730.407291771803,-828.161550210769,-585.878382140529,-661.667509657526,-863.76547254604,-1171.23848864711,-423.674767469051,-529.312221624731,-681.621711843495,-860.596772550803,-1062.40302127467,-447.749943584431,-568.90271667638,-695.921764625099,-820.016222933302,-526.869009411796,-629.222045911553,-784.962815736537,-384.46221833366,-922.36480194087,-537.397305949896,-957.561315224687,-925.463383420472,-567.747141467516,-1174.27920439141,-547.36755057575,-697.471951774032,-1077.13654354064,-1123.18096076036,-743.890541954919,-1063.32642266409,-622.08584769046,-1044.02631720025,-1533.38683216822,-441.300758795184,-773.333285985609,-705.241807938352
-458.091180949931,-309.407879418438,-146.836378799633,-581.462028377365,-533.861962389903,-751.180673209909,-832.195436629193,-812.917807112451,-1029.76164588264,-999.195136899577,-925.708675444667,-922.07540060788,-1143.81965175728,-1054.8005160894,-929.723497314708,-1134.39912741284,-906.565617857244,-1111.91789715052,-1520.39441204073,-1158.32302121091,-1326.29640078072,-968.166853756544,-1115.49350110722,-1516.29814072215,-855.675146752585,-1017.16239231374,-683.315941212221,-687.285720224114,-787.305509752048,-576.229427239551,-657.024879382764,-823.238305380552,-1087.09020116202,-449.911549295132,-534.791809898,-674.166006164191,-818.26589213717,-975.855671621674,-459.340393348086,-563.495757788439,-691.195780140464,-787.740349743644,-549.65597127377,-629.431004299151,-739.773496014637,-139.244093839129,-706.295776928582,-237.099646774909,-590.640229907431,-634.629852421824,-304.133470846657,-733.286194863591,-310.539404323927,-365.571296061852,-626.010478688838,-699.418309063834,-413.348875245119,-734.869868811536,-299.127158718684,-584.296985231847,-1087.24429815089,-466.760458171684,-431.957405102161,-580.064551543307
-369.456160969731,-240.952389900859,-290.28115977813,-453.03641807789,-421.407090551968,-719.085120032151,-693.176762006251,-627.479949823886,-906.05551737982,-821.743563748304,-726.25312414027,-843.849742923185,-973.21928939878,-851.385218085122,-812.029028365049,-935.35669150542,-822.912048802106,-882.105324940768,-1170.7885948942,-903.802500930009,-955.666376496167,-846.296557230978,-774.486227574425,-1145.72839829207,-652.916829029919,-791.183052683308,-598.562593350922,-561.274395838121,-703.774830964492,-524.198382024697,-603.99624017239,-753.357126809149,-999.408376322818,-445.44894243669,-514.352212958376,-639.103394007441,-770.487030427929,-915.305486703526,-447.208185364574,-544.364948103154,-659.514145773229,-754.315919901135,-554.040675119761,-630.094710443875,-705.439595240092,69.6867373438699,-485.626431231911,-22.2910623489196,-303.65894746401,-373.802416992933,-102.196309428733,-349.580373477364,-136.93633716822,-125.140416161058,-211.164097596872,-299.459592790112,-216.105588415669,-412.829283063066,-124.678657482098,-311.580470799568,-641.835051878695,-504.034284282461,-212.563680944866,-507.08363800747
-198.998358502555,-109.440020731106,-404.311181540736,-262.24993739368,-285.856236794284,-520.575382771124,-429.552640703192,-391.067502503058,-569.187006434699,-519.580891013747,-508.181882604738,-573.759208316715,-592.929831671905,-600.929163237297,-613.925185566532,-706.899439275442,-701.662105998913,-648.61474777688,-845.107486835633,-682.813990925567,-635.504374904613,-745.64442734432,-509.614843355698,-753.468720463723,-508.727566842876,-514.920476342613,-508.966519906907,-440.319705886795,-514.379602716888,-456.790446038043,-492.527765762173,-597.473639819495,-823.099765072595,-399.108758442688,-453.72472004491,-537.010739940735,-649.95936343844,-782.130969694182,-399.238857385378,-483.905753269669,-561.976025265407,-650.309645304758,-496.161697319349,-566.00228603289,-611.676300596508,227.644677753623,-268.312814323017,150.966623666202,-63.8704819316225,-143.083058376161,75.4069009594393,-53.1061559585667,23.0278393363816,73.7526753119331,81.2647469348978,39.1418383523424,-63.0564895437559,-172.570827757258,24.1648438863744,-174.555687216673,-377.046436016142,-425.738518184335,-22.7784812741432,-433.986637569187
-106.299196683614,-50.2921566818256,-561.893142451545,-165.688104764233,-248.254737358125,-329.825164487749,-225.243443445564,-271.447883594673,-231.925930519172,-264.027648840063,-412.21115510762,-255.513464282998,-233.470961619458,-406.71243895172,-414.026526798866,-544.192735686167,-560.148897918418,-473.210424891037,-641.447642289646,-526.880196798093,-442.948082502444,-631.412228029728,-363.861215519556,-459.564510490993,-427.921897786857,-362.03418702116,-441.251976651675,-401.350052466635,-354.142389458162,-409.309394649451,-406.037473987466,-439.668809584689,-592.394919934113,-349.039853399455,-396.113257932138,-429.154020193714,-493.741795274132,-580.201976294703,-348.822315072817,-413.456825529174,-458.176838326655,-511.424982037021,-421.491532677583,-469.419147749166,-480.737883454791,247.293577938833,-129.363426169225,211.879078188712,86.2269179280085,3.15503303152047,142.647885457974,110.426266915487,94.8678848689459,169.767503501887,207.027914334933,219.050609270315,41.5141937383961,-37.4400856954196,130.98666015299,-72.7409257687913,-243.574815976996,-295.848036962686,154.180302995749,-334.806373153858
-163.581209798377,-117.962664485826,-689.222639996076,-221.450500567691,-329.612887826283,-257.200454051822,-186.624493532255,-311.613899571788,-61.1152935416086,-162.11902994707,-449.849472032596,-44.9731441217158,-56.0895871099723,-304.237813548079,-261.761441397701,-427.393023185432,-411.66911103291,-325.759133052777,-499.58137037609,-351.824835546257,-311.041019983051,-455.631317554166,-220.438611477657,-291.186764289644,-329.310080301482,-342.51731616881,-379.380201847497,-412.078511438337,-324.528983183605,-381.639607868655,-382.610703358379,-357.797282110392,-384.718071272186,-321.492480059271,-363.550783533653,-364.936207091652,-365.706594908301,-384.319442626717,-314.762130654348,-356.364782827275,-381.228603028223,-386.90120326409,-356.975681088336,-371.563986801556,-357.194757195456,142.693716247658,-93.7690577044143,157.34283514708,105.352915681966,3.6071045145067,95.8468172415861,99.7925373666247,62.4077056962175,147.785459193643,171.943377811296,169.749500297044,81.1425311415085,-5.12141950481201,148.584280884854,27.2770863124651,-125.804536471882,-218.815797767467,257.628757884559,-201.895428131992
-261.849845001917,-206.666745241309,-736.623680827461,-308.36908274651,-397.382111296205,-249.900332878413,-232.3115712503,-364.011143735008,-34.4721490942208,-139.289020877897,-449.811873596587,38.5082364356294,6.2850633000935,-201.519737581021,-108.827198620666,-235.654535445779,-231.856322735585,-102.827483530814,-262.339210471261,-79.5334271969026,-88.8472918752614,-161.923898166505,28.1782701660936,-107.937970575788,-137.568348781099,-265.176599386652,-264.239524043206,-348.294773422445,-312.397120806252,-312.936770530484,-333.017284380777,-292.921518431686,-221.327623412367,-273.872077734167,-300.552246770049,-293.118674262208,-256.346754912415,-229.221034946848,-255.567095542688,-271.221706994193,-279.429342588627,-261.017667952234,-257.236619952238,-242.403970246806,-231.324307952559,38.1094559632933,-67.8636786057648,109.266841424314,79.8099782261893,-69.1336020365601,72.9139683617212,3.62747975258965,57.051599450315,124.979256001565,77.1635145319671,-21.8031840523626,132.212278827458,-35.8280926903702,154.704922500614,120.574843045161,-16.2191916139456,-176.16575691606,290.171564282471,-51.8920365232849
-254.57728864746,-176.50577429272,-774.496447169352,-281.333366853133,-318.513926910726,-210.068985188937,-229.339831478427,-281.997437819172,-45.9324952520262,-80.0821890068346,-266.378437521686,60.178182865709,66.5827709316564,-21.6814292987609,78.1327276498862,63.1407197095572,-31.1829079627724,202.372978471538,96.9038785076131,223.566525780747,242.141601252533,203.79321643471,332.576877540173,177.175630977325,136.864704289661,-18.6024627621688,-74.4684712945178,-136.895600440917,-155.641112060522,-150.401323591309,-168.125032668107,-150.653971260637,-74.2059412268291,-155.317929571972,-153.66324934513,-146.63318613074,-115.523445264356,-90.3148302509618,-133.729218762733,-120.414057128902,-120.714148217698,-108.000853323043,-100.101548300961,-72.0657690005622,-83.1526815108107,-6.28088504174421,42.0523878678495,142.488637453606,143.910649178597,-51.7812216222721,163.387639636436,-6.01425669167444,169.509804627382,186.796388887201,56.4396028606659,-151.720567443535,249.219498016324,-35.3967984808555,228.566814732093,208.633675919818,73.541946619012,-79.3178257444532,308.857384656649,96.4685219734298
-125.655987496452,-5.74755031923093,-844.104218987856,-122.227697918241,-86.4984537355077,-122.768887775453,-140.861950467537,-73.4802657973197,-37.1892592605697,36.5379534660743,54.8794436006326,60.8745388874904,136.815860186086,194.418697117578,234.737508738697,352.329962657933,97.985202784097,463.366360438609,427.622767888196,405.506937111868,516.022881587726,446.856438187705,543.816535491773,431.28806280407,379.656439065277,260.314966472278,110.888859522359,133.181402673242,107.88824126868,53.0136941212239,59.9499851083092,51.1385378358764,92.8249117995487,-2.41483572802977,32.7001068737067,42.6908509058845,58.1788313295983,63.6569451553415,11.5621090933567,50.1068378219536,50.9608774983747,53.0900406226573,58.6544662728459,87.7567698022012,67.2451676301478,-14.9271362535161,230.425225051606,208.713395536632,324.182940318856,134.787989512327,289.126835612758,157.577534116378,316.771202451622,272.565472618017,162.289283258531,-30.9686666972728,368.767601335685,102.373125123982,320.52488933132,296.104502773603,213.893760882966,122.87286992243,330.329177879158,261.309756815743
44.1035565963811,225.427345081501,-881.520516283703,100.605750531182,216.583049504686,-27.4760764943753,-1.29923663414416,171.996732647504,5.84474542765274,178.944683326424,367.889636333176,58.9980080061302,204.413442509697,379.278989338798,304.877040934068,527.667985827094,106.424488591515,607.893326677052,621.653262680233,438.298773555162,627.534093412938,459.900348018754,608.92900475975,524.832344435654,507.557335345804,415.16346642485,212.1056370087,326.035375498212,306.089851203815,197.32507782327,234.661605667589,220.665678229496,281.243049105644,100.464480269871,170.742120747867,191.548989722774,215.757039303813,231.537443859442,113.65338008522,166.671412829714,183.687890088309,188.412908038575,161.790950288865,191.614214050571,189.569605351729,24.3996421127913,419.968255816338,251.315825463415,519.737009285984,399.373913026053,338.901559403792,422.675841448744,380.627686154779,296.173962503816,336.283110191701,357.094586440413,417.335886865372,385.501091548294,358.793207821762,376.447138068419,445.22515780246,407.967291886172,342.145880647202,469.604820564858
202.409337100144,444.194632455566,-860.043299475943,330.80043603804,496.973606836122,51.910119289883,163.065731497589,403.743300444669,87.9983835641145,334.373508465315,588.675246452711,74.2317465160433,287.38837590432,527.418492807786,319.642093432768,593.173024582283,69.3895139024539,680.965236576146,715.501597190696,430.148641369835,663.749801127459,363.568878010718,627.708095404102,548.999442287051,562.239047876032,504.616529866499,248.102236623289,432.472029103252,396.781448714512,265.839628001857,333.800650161555,325.761473674437,437.304083624364,130.880007781613,242.302917680772,279.268100732348,325.023068655224,378.900335768454,157.728951283802,221.374816304176,267.348050024352,287.688256948147,212.292506647592,243.076444374416,275.446965746417,122.176023108585,512.712787267649,279.94561028627,605.749464652343,563.866158063438,322.355591296835,623.27306585415,364.285292813139,281.368890417515,462.889888914224,761.742101866728,421.464565089892,656.008674019611,376.4770340427,443.898455970122,669.022761455586,666.047193521668,368.157800647179,682.884510116891
345.701853716769,615.173336324114,-849.564856909893,529.56637491961,678.769859588695,103.039158937615,331.086541754704,598.425779297936,188.922064814348,488.921795059837,711.657323093892,99.5957170152887,377.425888644855,643.407380781795,311.736517677249,568.791821516455,61.8692762752008,689.162948686685,732.039529890973,414.736156418827,696.85068194713,295.96752570288,651.401435388189,615.59118883561,584.965813865577,635.495027966805,265.288182324754,511.607704854057,482.108081801072,306.405184240306,412.983230634199,410.216470039099,523.496462039859,135.671066464198,291.299217117717,346.268305292037,400.952625221485,482.334237991602,177.309501512881,260.364279033495,324.598988552129,367.106237786802,248.057406405588,275.997323450245,341.804749797893,228.800983904924,473.327703998255,343.944977918369,560.957841445496,541.828423043366,333.80208556356,656.090595005526,353.888181718136,309.455095464543,486.656849139003,892.972386301881,453.628943725769,743.160375464799,443.643476883416,512.559792847925,769.619816815291,763.252920367741,448.824690002807,807.768560063741
459.557111331388,708.626461640318,-869.484714961944,649.772083658083,728.804444203435,120.273666250883,455.912731110126,706.856433928953,267.664674676691,594.938162040715,743.930540383245,108.252364030592,433.422671613588,695.453548520642,267.875838477118,441.167680441757,69.0483091708377,583.202409134514,614.796253471636,340.227579486152,663.119924125112,264.764936249603,605.716718093769,651.472387857007,553.149237830132,745.19866653645,274.56658765282,555.660761546567,580.304701301173,341.165981184325,482.742141766213,491.970019566337,566.050228867894,159.197023810558,340.83123596609,412.415334155994,462.652033218085,551.401575783597,207.78406559572,311.278739613817,379.550414549918,438.495434427759,290.594800073113,321.149387837147,410.941101740162,330.5592133547,384.890180894331,471.489574391536,476.111670311104,409.797600944527,420.382384744711,569.493301646112,396.701204556796,393.096676852722,459.477800308505,739.391559749639,522.758902320068,665.326523850724,542.530268148778,581.333958299499,758.772899124491,676.908737353379,550.396635158837,794.418395820704
489.943895055306,687.937273668141,-841.213036893503,647.957025843055,663.049504964385,118.130423988179,485.904215380137,679.114443514174,300.23745920089,600.916307063774,681.306271992622,97.3891102484936,432.879152721025,655.781493952199,196.66781199789,242.742804953825,68.6759064943495,411.106329773854,384.684790859767,254.592511716323,542.762091663616,256.584208834641,507.49235272444,585.553156076993,491.473193061386,736.454220802996,286.518708243128,529.766456705045,596.539089528517,359.392891060038,497.280683972926,523.46028883315,572.337877675383,201.844757201548,369.476128048448,445.006180975325,484.498314417674,572.302245625217,248.911928665806,350.082047587797,414.54139894569,471.188996692017,317.247854190085,363.292252566665,459.694625928908,434.612063992738,320.25603350616,597.638175345607,397.086097148323,268.640023880357,517.292187849402,425.782681638909,449.150410907887,453.12837992061,406.063569834331,444.499886827073,547.318620064968,536.468402499087,566.231330879851,575.812030658044,688.486068514236,490.260814220777,543.178010443234,657.811717249297
388.181450729984,527.638200754226,-750.233112466558,513.556650069416,509.943414388088,111.566484735808,413.30300016839,521.486778014368,287.906078142702,502.443085211687,519.671809160267,84.5098989490902,378.731390017168,533.982045001107,145.07480138241,68.9015147284619,88.7234314740205,312.710427748289,197.487312343957,271.587253082024,469.167798286131,307.230539407239,505.646485502794,533.918893289455,475.711780130978,663.317297424569,321.562067345346,463.615453475284,526.652728195722,358.028630961539,446.965594010943,478.365924563266,503.110901283651,239.470185236179,358.082459735603,414.296924878361,433.804546405124,500.112298576188,272.406862222696,341.782166385295,387.17056629377,422.764459311671,292.666149177301,348.210294411153,427.358745900717,473.46738751236,220.982141018253,608.531590772159,260.409921071321,117.262747840477,527.751512089393,190.662009138466,444.54549282729,414.103455507216,262.379391068552,34.0402236396684,452.549565278241,363.896767123734,445.455860323701,417.922241297496,532.407336591314,258.554977750004,340.666261484505,419.486081184885
166.172595969695,240.460557701975,-689.368142454614,280.257342087635,280.101959237243,83.1249736193746,269.804740448777,289.923899759835,228.534191842881,343.414655507148,277.184752468889,60.0203586617865,273.53281375976,365.763831997251,122.354641185398,-24.6726468837448,127.078200322111,335.047640136628,157.170986774859,368.84503565873,553.008072865159,408.946864553806,621.847984365909,617.892302047634,509.545025651224,626.999290541465,370.033811594202,408.905015985757,475.138080893659,341.182423722648,373.759436986638,392.880909117888,356.29081857825,245.492636518466,308.801047263645,332.277471399999,320.825175003753,331.586046830162,252.178561962322,278.294659750753,283.495733332318,290.767622208955,205.915086916549,242.515055266211,286.291479112573,390.816728317159,6.85606779360395,491.273775755366,43.1093769473597,-85.4120642344999,439.674384250217,-119.962943307834,381.345789460015,289.31714425234,25.1161504138472,-449.394298129298,276.050331088069,102.095957177579,250.880683527148,162.503302116299,254.050788139927,-13.6568508683772,26.2344790627235,100.797220823578
-97.8606679608339,-96.0643331578523,-674.022863007863,22.6622191860792,11.4453132978748,10.2109562894045,92.8711987001129,58.8288184000168,123.449793116437,181.744596837763,37.0226184202494,1.57867062780279,134.961066093009,213.188041540452,91.3661931925186,-59.6055944596034,116.8281537576,389.708596440865,204.877043016548,427.918826289605,714.351913541272,475.444821352288,721.057039670072,779.818989543011,530.980101982946,638.715340154315,387.352120536511,373.284973797994,488.358238870765,299.523741582074,310.388399274372,310.122152110746,198.403932293885,200.714041013501,229.424342514385,229.39679299189,183.267962307811,129.463330530324,181.015805140271,173.512584499982,130.88034211721,114.351788708115,69.564398909608,71.229226462933,77.7655697670065,252.224303219931,-260.35304895372,359.302253386614,-132.968810102952,-311.164213919791,321.130189783512,-343.016941163226,314.695336036189,169.366529951677,-166.600942945038,-764.289350182017,138.719176791783,-173.218858746463,133.363848192036,-28.1419069396978,-83.7655139020796,-272.676851774288,-216.739802902771,-237.535487057867
-299.346268858692,-352.560189434837,-595.244256692481,-163.588464157103,-181.073523144514,-67.2627286104725,-61.3906432167527,-89.7259055578693,25.8571119354147,69.0806106110276,-68.7617056345404,-50.1147447137926,31.0114835914825,147.476940247504,55.5471414446702,-52.6243855468187,35.1344331358499,416.245509798122,258.422215739229,435.396823840943,793.62573680625,455.272410919442,759.28443020869,922.804947238271,529.105207836873,696.502463422023,359.649605390719,366.013245729049,555.227984007605,245.860047970549,287.252342063776,278.2141612374,130.747009354144,131.048580816146,160.22775051646,159.973285547505,89.7548919315707,-0.871002982915518,99.1412718447844,80.9050874589472,6.91144162862819,-24.049731518548,-62.2820838909785,-76.3941191188193,-96.2317256056078,181.528988068037,-393.048850345238,324.444666970819,-97.4291584124596,-443.529090169303,248.738266533938,-323.281357411467,297.851457860709,164.881969190698,-144.994386975737,-723.828190865233,138.69268363088,-290.855744249081,180.598848343603,-36.3518902306959,-328.534117747843,-409.608686368172,-253.811519133305,-491.114117677685
-411.797264144188,-469.717992496338,-433.594703156925,-249.001078228919,-225.388746086913,-104.771280592486,-149.798923647181,-141.780529515529,-11.1373664593293,6.82205609688821,-22.8657561588247,-39.3308754081428,8.0185045081833,139.521876199969,29.7120326559493,-26.9526066882568,-89.6095561043274,398.245988871616,269.94158663118,405.213348441022,695.060215965375,356.979503806711,753.63549256504,989.507530478344,519.166108900018,783.706804257882,310.04602848681,389.316963422262,646.407813745334,209.085463172577,311.66411862494,325.5090464591,205.536093191806,75.7831728714034,138.850023645747,161.821950282759,97.3722268764475,13.5521630588202,52.677069231849,48.4864427708601,-19.8353791502206,-53.8744585033331,-126.545110124485,-126.263784362266,-156.518459945744,209.446060963713,-294.484822391034,379.586444388724,171.722771789469,-371.675063430274,241.783908148178,-74.7745346713278,323.112512571271,308.605047647873,127.759692642179,-455.604744822704,261.526655205646,-186.747200890836,327.259348856121,107.49163631304,-367.257356891306,-401.830414160501,-99.579769274291,-590.370831040551
-496.112293530132,-511.580966556306,-308.879518969414,-291.478460857845,-203.756448254708,-139.550870085638,-187.21773650965,-175.570569264014,-9.51581121575481,-50.5895394465405,16.3755283775076,1.25529774420525,21.0127668346326,64.1126037441106,-45.1485364640073,-68.4951142168068,-270.736202737253,238.993886759505,173.636390960156,229.630286302124,369.187718005188,186.230491289569,605.918610322305,855.937228066076,474.402665240462,761.999670696335,239.181049720633,375.972108339847,653.489826192203,168.306112561107,309.508604628712,381.063979789593,355.348890068366,17.2548336954898,121.480919408054,178.081668308867,160.405534943029,130.576152604102,16.1173187014464,36.1167098615698,16.2627213064204,-1.27695066602149,-132.178875019712,-110.361086920877,-127.67973970669,253.16025406117,-88.608196236147,437.722779077917,491.670868442253,-105.209294954289,267.601154720682,257.883848627701,346.401829144105,505.625742695915,520.849684286075,-167.462893809125,403.038106402788,37.3218088071539,433.737392435189,279.185694866434,-221.529609421351,-329.732258175725,110.535662923529,-545.074233703033
-546.990343221438,-512.325279553782,-201.260974257861,-302.572569945239,-203.898973385617,-197.348978271282,-179.579804954486,-213.49686096312,-2.05382626412604,-86.5533905967365,-55.2572608053828,12.5556883463556,28.7849047237726,-86.575454427228,-199.417701424965,-213.622819175887,-479.321344577805,-124.445827991668,-23.0640080708394,-101.376898885082,-151.476582367311,23.921200506221,281.091111989003,470.352397194304,412.467018907408,552.854479759672,157.716621916917,296.423172507777,510.874042109581,103.850673423155,236.748808364426,364.077437761677,474.715412049162,-54.573727134526,69.4979508787928,149.703288475304,201.634767352039,259.020895434694,-38.9781821907655,-1.42858198669565,45.9484786359513,70.3545845630316,-122.133142300992,-87.6468808801887,-65.553564969615,263.864646984205,59.514522805412,469.633042209356,671.300315796412,230.324034197587,334.730155745058,540.645738057781,395.600257860153,651.80242816967,841.72927907367,142.16663895577,515.391815561811,265.343561721112,479.973124277698,418.616315043912,10.1862600563188,-209.318733344563,284.865176813466,-378.006946498398
-497.183552648502,-422.321701757254,137.58196722248,-232.613223930869,-190.370491443358,-233.455472385488,-111.674382911281,-185.852978602862,7.49408757194358,-33.2865791904157,-154.456725589211,-3.12949101839228,48.1769598506057,-176.501148154531,-317.555300037135,-353.672895097939,-544.013546566429,-491.759280244682,-213.724647416166,-303.938557332842,-641.524124250277,58.0625469725997,6.59497460433679,41.6867794152966,413.58062989118,341.208348036034,117.325000392449,238.371993955051,343.322938883242,59.8477719276875,172.654788363083,311.978265552876,529.365059366267,-90.3995887128125,33.2652260963919,120.745345191315,224.373453091553,357.066666617519,-71.7914218589133,-26.008922246459,67.5393299923522,141.362475669202,-100.268383058944,-51.6293818446387,13.9196552794046,267.753973943549,108.659295069386,479.241683580949,665.672569852914,463.97086166855,457.895818897748,691.763593030883,510.790763594319,721.863467080108,955.418428548658,503.72722293819,626.192406568025,447.987238202805,547.207799885261,541.653571318032,230.797438844409,14.1925683612169,430.561476915866,-128.383528238925
-368.517886631533,-247.149378876325,791.297523593773,-98.1303011715947,-111.970901415258,-219.387620753568,-19.1860105264503,-75.0391852180023,15.0752580743582,94.8855913155206,-171.282719388197,1.67471216802859,93.8985083145546,-134.290808527424,-231.618668104284,-309.366055583237,-302.256095009757,-481.487733358529,-268.370565798955,-76.8947198658536,-708.703395724649,362.87392914113,71.6069536250722,-128.200318529945,497.615536112566,340.754477778355,146.804918000849,260.966087559978,288.507288373282,69.5111217742575,175.673038707992,288.806710202768,537.254022935298,-68.3770926872794,44.578310378806,132.326222057664,248.793098787814,406.974339569649,-54.2413013198577,-7.27365945345062,89.9889026486747,187.568045416103,-73.210027911894,-7.39587170690425,73.7284792274481,263.463076095403,58.1770925066397,396.924333343094,517.283662385484,455.512513356238,538.799385373816,666.343339517221,591.628233229544,708.146787059076,853.985666947135,758.376785095119,703.683474045566,570.661745985872,606.504966589321,623.973222536381,379.230183500101,305.649399490973,539.911304543622,106.704941502212
-244.349515520769,-81.5427182624999,1399.09130560247,28.5662863295355,-5.48420175992579,-160.963713300256,52.2103220755106,55.4524807503449,41.9587768433774,214.568004794972,-97.3660994117253,74.4859773214019,172.87080809965,-6.53963815815518,77.1488368049753,-0.828104227365987,179.763766298964,19.5402910888246,-54.9381837069908,497.370690855822,-148.323882343909,753.901562858045,476.729585715682,87.1475865354152,585.732844203626,484.717927333283,222.251584942838,286.912023475338,292.86820103225,95.1477543099334,176.169217324441,261.126120876416,507.885286406782,-31.5922171370368,48.3300953113732,127.973598344079,235.901311967786,391.226457733226,-29.3031144633001,7.7753747334626,68.9795908266947,161.666644191756,-87.0778774555584,-22.9027920098722,47.4495541206294,245.534046516598,-112.001748172772,201.807389966135,309.581410573523,193.105586317816,477.062476758611,502.123322012049,508.869663525004,606.886230254411,663.616998262472,756.871593259924,661.09218112423,639.180268504403,533.357176383062,611.258289336527,468.49305582241,525.998379161115,555.421836460066,262.861155989446
-169.869088571958,-20.7457728250222,1539.50214468663,97.0022697772677,26.4418472534695,-71.5205962823927,97.731137590126,128.938405712477,107.187131271115,264.472906248407,-11.4943803106,188.880001756988,263.486240198462,114.110940666749,386.262873760349,373.171324321257,615.985813314206,576.309594098054,363.709760533853,964.779119237287,630.672989792075,970.022427587902,848.747024691278,514.324645860759,559.704107322585,508.451060493756,290.258065513523,197.582420373477,219.320197103337,72.7494238102787,83.7521529097983,154.972048790746,413.478142219239,-22.77472370125,-11.5141259514461,42.6875260552227,138.33159896527,309.391409970174,-48.4763503896266,-38.1839131635889,-29.0315765355135,58.5354842431116,-165.476902328477,-127.566449584646,-66.7168448081638,297.618710052025,-357.35115255967,82.7580277069031,178.242598202595,-191.841523696061,362.028047254122,310.535023602896,333.73709651376,480.92151517844,529.589038437664,559.228463995096,505.484529513922,636.946749875291,334.577400743834,512.91018262704,539.048056919865,541.638091207923,451.090944178164,347.956718711097
-188.580275379268,-121.287369676744,1271.04496500793,52.2894285801853,-110.468434195606,-10.3516989216582,82.8750575006567,67.4710553213272,134.793294081591,197.849220726384,-24.8941342303367,220.087373722959,260.079156514208,114.236928099196,420.278337464623,453.397113120849,748.403166310511,654.755494650057,607.684700208466,956.203067561206,916.105183742531,901.657688951374,809.528873882076,773.800079328067,363.333628938678,282.969861078184,289.020776708379,-7.80989900003485,53.9873704523944,-11.7323514176176,-80.5580705221795,-22.170658380857,219.933839326735,-43.2210459447135,-114.650426140335,-96.9743873175098,-26.0653544927605,169.395161569788,-104.229650556953,-132.968003184445,-158.865709717598,-71.8466374519659,-259.412794665544,-248.670592373885,-188.297519442387,490.000228784829,-551.878580821844,251.155886773112,211.17701013831,-531.966275289026,358.451977340437,168.136118211182,260.11796826327,417.644196724524,474.517748676517,297.979266377485,352.969219682494,494.058676606845,170.597993287951,388.754450741295,552.851478041068,284.587590247024,263.086427692343,331.229179629389
-366.050210070987,-384.4235620801,1013.26162377512,-168.055788036337,-402.715801432038,-76.3007286849288,-74.1538409685537,-161.099674628949,5.42191348882969,-16.7593949063803,-175.482532389477,69.6266997966649,69.2055733810442,-56.0125144529127,159.733375828304,157.207367052556,569.459697144604,275.509606259384,429.026319271417,552.997666934142,567.441805185716,606.511247801888,403.359461500789,664.227862870662,68.7818462419862,-25.1910696491089,186.191792459502,-203.662036449697,-92.4754686383535,-110.227672180732,-208.598830330693,-176.434021838293,-25.081218763837,-73.3065322391343,-193.459286037135,-206.244063497776,-177.156180622616,0.77638688959679,-148.823108436725,-205.64738716256,-241.45646638589,-173.140238264128,-295.862430962361,-296.919920874727,-245.416502981204,708.110475718018,-615.905143132185,616.821501252118,327.949220223116,-730.803983931076,444.488382413053,67.0846301425581,310.800101793661,404.619556422387,409.60876678576,21.8457598915823,270.612188120285,182.464779962561,131.266066808768,271.297400492309,424.079656464494,-203.532861187935,52.5106689396709,145.786069530993
-672.66610570123,-703.711434204797,968.821286136214,-516.669419472305,-691.529662150509,-295.143198550707,-370.768249718859,-456.571910304977,-267.046161675776,-314.276183283271,-360.772235289737,-201.721719387201,-229.631042226622,-291.635007775065,-135.695492597548,-199.262971621456,298.232232470904,-91.1413118161848,93.3594773862772,123.507584355855,126.580767279804,237.56813361085,-19.5589940269907,395.092917888448,-200.88836721296,-179.659125275259,27.5477087130441,-297.157197668303,-145.459725612725,-171.844026743528,-236.933700222673,-233.01126920847,-195.45238797116,-91.9982669022035,-205.598603606254,-231.541278742747,-243.219026867212,-127.63552418966,-152.43832012319,-204.634980482167,-246.646425992456,-218.362204251354,-257.135692185295,-264.220271159268,-238.56145648098,756.045096534184,-589.898832572832,853.725318542177,375.775041661352,-774.581214654027,468.614992116537,-22.6277504001127,323.557499298938,359.843024198432,275.518982727677,-242.310177316907,222.415670385447,-174.903842545914,151.318990205307,194.410504647788,186.532143164527,-718.34203251226,-84.0895483682112,-137.865748737476
-939.369753637113,-905.200231529993,962.821438737001,-810.868847444689,-819.105972862327,-567.085682538631,-664.722998656464,-658.613094141112,-525.748343188321,-552.061708164497,-455.873028298978,-437.411313638714,-457.847472291428,-445.843429393983,-252.05089908263,-339.740299263587,132.209651506896,-181.077148558607,-51.1591971418255,-107.681977916997,-5.58169806764452,-48.7047852083021,-259.289184507475,218.511261379364,-378.518196541752,-198.312274202733,-96.5455522801182,-311.508070825033,-175.988896487994,-189.177992982901,-216.09559523574,-231.681599223721,-250.385617460099,-89.8438893826,-174.995935706509,-206.584687068792,-243.412863530395,-191.30690859799,-130.793343875761,-160.169344262994,-223.405462933642,-236.082417513761,-205.133771148919,-227.410050300532,-233.815067889822,609.016027950015,-547.0207731057,784.490006834624,313.588492449223,-703.135490054433,410.435025820857,-101.705265145647,223.490521080874,277.051316257435,110.234119047467,-408.802307521086,180.450134897078,-376.506898649281,153.506138179277,239.1003997401,18.6054931807193,-992.098489330149,-33.06821413012,-312.623352750155
-1017.16749875081,-912.293738228195,834.749134790042,-911.195195232701,-799.299464896643,-751.607154891219,-816.834695156611,-719.285902007376,-656.673674852369,-653.725852546664,-458.14992337376,-560.914403860916,-556.965824333308,-497.543650817339,-256.891855908653,-345.130145691492,44.6864917693003,-170.225363033412,-74.3918682341544,-215.785834862002,-1.47025533551543,-229.740987884828,-387.978671152345,53.2134129077893,-458.102950201907,-276.992569241876,-160.259672573931,-299.12149043163,-303.616811434874,-189.500753831774,-232.049640736324,-279.397714179087,-300.013930814798,-88.2025399566749,-167.240800939406,-220.637670019531,-273.592705331665,-269.850982957964,-128.759894043685,-154.604187493727,-245.507714384482,-288.776451857856,-213.045995792373,-260.49171414779,-299.769270513235,399.958526727024,-487.241586185394,522.122329134051,197.776615610235,-586.241966168063,368.679597118759,-147.611709958771,106.747576522965,221.758097450297,-8.37204555018052,-390.982749252438,165.298752583408,-337.220521965452,136.567824237513,415.133047434511,36.0004763313705,-936.955652382621,175.565688687961,-290.256153098436
-875.716940972667,-770.618383411556,670.70926959773,-814.595108764395,-722.579325035177,-740.776103764039,-787.481456204589,-675.524966120086,-659.507203949845,-631.144151985128,-402.470424088463,-594.241424692211,-589.44027119743,-480.209375045425,-311.748487889621,-397.359482579729,-82.3691121039629,-274.932162480746,-194.143375464125,-339.624341586051,-133.07730057087,-381.311038450109,-488.771333064276,-233.949427371016,-447.4358464937,-413.029970431833,-192.772532672728,-249.637930106509,-454.043524033827,-171.500830667187,-259.037876201647,-355.06983550584,-391.561330572929,-91.3521688628005,-182.681798376995,-268.40523975323,-339.714219523401,-385.33882258473,-142.704188416199,-190.13586040297,-288.977298979262,-356.327264799422,-249.389667963522,-319.625179700007,-396.097964944686,201.738299577627,-356.330617166623,235.447343795604,59.6589263240586,-450.999825933181,347.454311414835,-124.324366934727,62.4576313897246,220.368793624835,-17.8394560897049,-185.043356524874,189.848393449636,-141.891781482275,139.908416420874,582.726293572267,186.079593626941,-699.998461998666,330.538525721079,-192.173625271943
-566.304279475192,-536.216824238456,569.78709787269,-587.481181554346,-591.880046660377,-525.651760819571,-614.711641158828,-544.546623483382,-579.50291300302,-527.139304880951,-265.855855454761,-562.197697836187,-597.042889257677,-384.850052610936,-402.876957743035,-494.610998249542,-218.487972177977,-443.163482301742,-386.302805391463,-457.476984961937,-361.924090423062,-495.471456823982,-531.327746642006,-515.202157342643,-366.306158473689,-414.404561876259,-191.395114136317,-140.534066012722,-409.646560083592,-102.184004950711,-191.65983535634,-309.509497040781,-398.141979915747,-59.4324772074794,-142.144085968334,-231.36556604094,-316.873500380617,-407.018156248682,-110.623460972986,-171.518241659865,-248.426860210275,-329.691530134587,-215.513830749775,-288.539488293885,-396.670956435699,-25.7586189197028,-190.578233944534,-49.448450041119,-139.526954855907,-293.668145565771,221.558845309656,-58.3397858878793,26.7859442991621,214.275322356531,63.388299588456,68.6223065890473,212.163963758883,52.794217962182,165.290670924554,592.910866998162,342.589206555583,-499.2243104534,283.33183444312,-192.754215733439
-227.844558000446,-289.773746546531,451.141049467765,-353.028057600956,-411.565640765146,-255.313144173737,-417.476644286058,-396.565832387761,-473.115954347704,-440.341193971836,-101.37065959714,-476.283070013695,-581.713629585528,-269.618128755671,-413.721944372766,-570.370255308651,-252.390905212958,-525.130446924623,-541.369293080339,-471.411821572419,-532.590139058971,-501.539784865906,-502.66538383095,-652.505218155618,-273.795321654436,-280.132819451496,-155.88220357356,-33.6592525034877,-190.6096038719,-12.8845934638062,-54.8139397563126,-146.452665322868,-271.938909826216,0.140805363033877,-46.2197876182884,-101.302509586802,-183.505048485795,-286.172751861974,-37.0731920236037,-83.9124236075327,-126.544570625931,-201.070310073782,-116.240537165403,-165.441829248249,-286.652539776982,-294.115058833071,-134.64731553169,-352.337018517431,-432.576284621118,-197.006491989911,-106.198446194895,-87.7055931773487,-156.862812832752,103.462786589783,86.5447287222365,111.673066326535,140.529258545999,75.477027398798,138.241473247938,438.951309608847,359.521167035103,-511.213605312131,120.490590613656,-397.073143069518
-5.2807370509798,-126.769074280207,230.974740527197,-222.847511684885,-256.780859187524,-83.054617082439,-304.93787004739,-331.699004521784,-355.579144198117,-442.537576778322,-45.3855806557104,-339.062933017629,-512.353839767158,-242.009691375401,-312.736279557909,-609.958806939302,-173.99711518492,-475.296180739231,-639.141438392664,-360.706578778751,-581.664518890393,-400.209177462317,-428.741564540267,-688.448924179056,-203.194726155126,-192.845553242999,-112.587102975776,4.45225849411599,-54.1044241380655,28.4930348738221,16.2327586767627,-43.5826428999104,-162.618278366225,33.516100368608,13.60968521135,-13.4906311721055,-83.5499240218378,-168.719933703407,9.01332878425992,-18.1375807752539,-41.5638739825783,-98.4848972151954,-42.6416955183725,-63.5894139386389,-184.521939386505,-535.01301163037,-204.157588636829,-610.062555817825,-699.199876797842,-237.028897219929,-585.598743909458,-277.286380733485,-513.440333189882,-156.0516202632,-100.591969186385,-174.375853145715,-64.7790355122602,-183.858662152614,20.1437152851073,236.908001951478,145.986287398479,-758.421933995066,22.6588889992423,-710.486495150786
123.754964702047,-16.2137008872795,-4.58857539210086,-149.639592801002,-135.70671094207,14.8477032459402,-229.625282904353,-298.963892805993,-186.9417327354,-438.764494079421,-91.5052710799286,-157.800750097713,-336.497585232986,-263.115906036179,-182.421122029153,-570.72121751451,-61.8313853754891,-338.643916848168,-638.753551684981,-190.05314979083,-501.40551892781,-249.069945025014,-306.314128519771,-658.289708795245,-114.363469789411,-188.317938017485,-60.0436733804099,13.612131815204,-78.3848095653661,34.0177417696603,3.49346585078223,-54.6780461916608,-163.663824791078,42.8349515099349,21.1143849843394,-13.7903671361124,-81.7347823510747,-154.889530222466,22.5695609068302,-3.62763964917485,-34.9697137227442,-85.0462398024418,-18.2719663080099,-32.1619546068638,-146.930875514925,-708.961399902995,-220.182201099804,-759.414714128046,-740.836468473837,-308.696010961858,-1015.74688938011,-481.920080792737,-831.937359915155,-485.990204563308,-453.406928153566,-564.640169996384,-305.027519067889,-598.50004072079,-99.851700892536,89.5256772587715,-174.849245469315,-971.271814384905,50.9689199205791,-808.559234598701
299.671385509069,174.805486248447,-145.614557583257,9.57590326576081,36.5241018954205,131.419531017666,-71.3711101523523,-155.514341136512,30.2631950017772,-286.741468045656,-82.7568714545087,7.87091441912977,-74.6580728923798,-193.880953745916,-152.735419877067,-425.953384521118,6.6840714930513,-222.571343588032,-504.01757905103,-66.40036051542,-357.056553888778,-101.35382061935,-178.535147344091,-554.18029197579,-6.62031405800501,-179.928128867952,0.826234808480249,37.4455310483653,-111.473360860174,46.0268703241231,-7.75227934725946,-73.0208955077935,-195.251849996161,53.9772445090952,25.8083631695526,-25.2190902072364,-95.4187724217168,-180.306333918356,35.0695002190434,2.69400400997534,-44.1910888629703,-96.491489782872,-5.26969977095042,-23.4639426766245,-121.795018999382,-786.83778791904,-67.9537080069126,-773.369568183138,-535.443207723883,-250.804893810862,-1120.26243917275,-510.089011331453,-844.77352220313,-673.975223290983,-693.186538775236,-714.906212111246,-389.997360907297,-794.534601769669,-103.860912373351,40.6826633361561,-305.271888381186,-775.105325057356,171.155279204444,-475.78838453522
581.110556088695,494.070714986791,-230.907284803223,297.929325749025,299.068936553922,281.128780732438,186.693798328353,122.204419599095,242.437334405341,11.9725675194461,65.1794947067811,111.740523729719,186.588690158706,4.76990397037577,-256.985029070501,-264.340027922666,12.5838019350694,-222.874392319908,-327.940299213124,-56.7679610596497,-278.377318172447,8.69373296693433,-140.506993797415,-452.02086563005,46.4475362079879,-171.911214756537,38.0820585548395,42.1840190163517,-76.3620780379618,53.3889573513838,5.57684224110777,-47.629664980385,-176.436914816675,56.8566566146567,35.2274471413168,-7.0381227520178,-65.5129937836203,-162.391333195538,40.8498142205695,19.0499851926586,-24.1404664579711,-71.2240786570097,17.8362551077271,3.49773649969286,-64.7363434930285,-647.944683453745,177.485053596752,-579.466880969678,-212.636794597391,-53.0702603479222,-757.189838775789,-308.128766054479,-480.051631353497,-498.749038158529,-551.218006624294,-550.117994989583,-188.138954238364,-539.604356512758,44.4285744330785,130.895922137686,-83.7774127531694,-172.548350609933,381.925775163576,112.087507602502
874.100752209857,830.031691166106,-344.413956500066,608.150151771843,579.639416549465,424.902583850493,453.12548037555,424.498004201904,418.587096626079,339.594877308807,285.315278457323,197.339072247096,398.318288104842,262.906591967767,-358.008968970499,-192.657033687559,3.8407241219461,-300.979422447269,-225.93089975851,-110.29930682672,-295.33186425326,64.1833822179416,-181.007384261352,-418.704748957792,31.9104930298692,-188.88441323746,47.1672786394622,20.8662291367987,-27.8185889460859,46.8999411800717,21.8104150388011,-12.7326517219596,-117.60760467557,53.1705314686483,45.6865862346335,24.7706471391179,-9.24198099657873,-88.1402843660422,43.2482485226477,47.9310036320393,30.3925203975514,-2.37054033840495,69.9812168432569,63.0580960342703,31.0022530532473,-261.565993960824,370.140987107368,-195.903777218495,108.429783432464,181.405885006912,-146.061449830341,12.5242429847566,40.7719473779222,-49.1682675891831,-124.91525757902,-269.973062356415,176.556042452171,-75.2853814062204,254.416480569253,298.722833387517,311.957482313191,409.759966299456,612.241392350285,625.020590427489
1048.664867427,1039.28697844572,-460.591767326304,810.957726936954,781.350424308554,532.016289127311,640.911788209059,651.917333544791,549.649007310388,595.073414419834,482.667580069778,312.633570471136,560.957234846299,512.49313022748,-304.214584678684,-184.872132720943,29.1103674469151,-318.168716057148,-161.715446819534,-119.524305737617,-279.896628993769,65.2662992452275,-173.635320698119,-362.687553221464,32.0551243705546,-148.224094396694,62.9940985181106,40.2905194441947,29.5880927247128,68.4006367758445,67.0515191608801,40.2567050984299,-29.9570321122568,78.3317352143407,92.0944174938647,85.575694294191,76.2730706573121,42.2690445532927,84.9733363443396,119.802366943145,138.93287841226,124.12952566354,190.710740693368,192.895617576337,187.781310935799,166.228976977684,441.445368444274,166.260966834337,338.205005513147,406.612357678116,313.178162644864,304.349554329106,395.659967691332,281.147948485654,229.08241516512,49.0448899828627,393.637494336921,266.038770993657,359.337940707956,340.356925484089,607.1878955614,746.833638581599,654.24326519791,970.443296916089
1096.21414562467,1104.61123009742,-517.808250404044,894.47947814424,885.816390991304,612.083331709611,742.27599130472,790.921766024647,630.643388485609,750.013593171676,617.413708600049,437.278116018286,672.979574976529,712.90366766401,-88.6776542206369,-105.551440842766,87.3199736200268,-185.552319428181,-12.6617306873029,-40.0098350669224,-118.618966064968,46.7958296645119,-53.1485671806742,-152.452344357942,100.475751577768,19.7500708456689,110.013316070162,139.090040554041,160.669756546748,152.124091615413,177.774748853061,162.374775311239,117.098798853933,151.785623449872,198.144839300819,212.460393426729,224.110521381456,231.215497646256,188.531434635425,254.217894848092,307.139004478076,312.371308593341,379.100557283588,401.953813281176,406.386478958616,440.320839609323,456.611527091496,364.899256848134,463.043628081966,646.296965406434,490.431326778404,534.37878814593,500.425536691415,323.857796340155,385.676656550886,526.006417462036,380.1535653849,537.154421811604,330.078193500635,212.897126400601,758.06291861146,1064.76337874947,458.282418196885,1260.82365678542
1085.28701266275,1079.44417084904,-544.872772791944,904.117511066732,903.583656084408,681.78292413195,769.716732722726,835.21262057903,646.473198975219,786.777860401701,647.009473055195,521.615938627523,689.727273412023,792.595683147559,188.952787587219,115.288590739774,149.145855099615,64.7564687122234,230.633060304874,86.6775534415407,133.635970470314,59.5737642829802,108.408817430076,152.38774508681,193.61378701055,223.19619223631,172.927756506846,256.621331171867,335.584049312351,256.254857112419,307.14529700797,323.394315990416,297.946678592284,238.946155747575,314.400056609206,361.930391851691,390.695484837301,412.098313992741,302.162855181584,390.806797047123,454.241189110141,473.438208610923,532.164574428875,579.285444667933,581.785942665156,508.544169090253,468.408028431131,418.716709346676,512.176262419826,819.741243932877,498.003000691006,684.535446048559,466.046178381794,271.213177137982,442.11325204044,1016.56464318948,318.577528638166,813.783400341662,281.465552211996,107.801850214962,814.581083602848,1421.12537555578,243.674942140691,1465.66355953416
1036.0410213587,985.623806499766,-595.746772902045,843.482002567698,836.001915735464,718.344848504339,712.560376925835,767.987680702579,573.754346367417,683.184393344315,563.191254281626,546.179336684453,562.983052224529,690.269241887529,458.957743929292,403.232844803685,199.422921229348,341.96404569534,455.327589477508,203.077205539609,340.433747158299,121.806035367203,220.726041323102,346.505988192493,258.482243755704,321.71717649516,222.262551746139,313.156702681722,422.970750397936,313.032151010272,366.110841615047,414.342760534358,411.865886594669,288.504085172302,364.686511083658,433.052734059479,472.08550281989,485.431434816482,352.810474822988,443.548292263096,488.11127378182,507.839273596742,550.343628768201,608.677865107393,605.563123019339,343.161261002831,388.641977734144,298.757726281142,414.542674017644,742.125952310935,326.543163058604,626.555029628686,268.354965650887,181.798821223767,339.362305776434,1085.53479845635,198.968513331533,821.051878950637,175.407612582606,49.9167841698478,684.624204566401,1461.54359107402,125.048754482155,1400.7036410732
955.235206257197,874.085134235326,-642.686157888265,747.234675423807,756.083796791341,699.434881900073,609.089835724851,660.093715683043,439.769155723799,501.60435063265,489.063967212354,535.724817120686,342.101294330723,473.325228878453,714.138094222691,657.880115199179,244.829365855845,582.00943221695,590.218430034492,291.173147893348,460.181333383538,212.836174430944,287.553890013824,357.609606129661,309.503020573594,328.941692373758,255.727495301891,316.11033994829,383.722963269226,322.341102861344,350.044093861305,397.13363455712,419.740369247768,295.069415920674,346.499644244407,411.322351084926,452.346163178747,456.841706361323,338.591537375179,418.612444927062,443.625682742318,456.653005884818,481.043703218985,538.639227611559,532.94131493642,18.4677727666676,163.347798514258,-3.63869415481581,109.817215697672,387.254135266618,-69.8962285686243,304.098276614961,-160.641536709872,-119.043982379404,-21.9634413839498,615.136990345105,-179.292048832892,403.277799173916,-144.530280857228,-181.809766897176,329.920448435412,1053.05856931991,-49.3124875114091,1083.1621916395
892.727499084299,834.464245340771,-642.459744144999,711.423911127417,763.981966418607,656.117161008062,553.787733150187,631.388111122816,344.702894589287,381.418827359977,541.544168523968,530.440282503945,182.899051571281,312.002167849558,943.257291875063,879.581946231534,301.801213380823,782.770224868861,690.649357223965,379.561732270233,573.512045247316,311.851922135222,380.619981859264,349.558509259227,387.776305506568,388.461688395962,303.175396661192,344.629573453531,346.162880631801,341.11243000396,349.240979015238,369.93809189594,411.859547777863,302.282047630343,338.13304114558,392.783699181417,433.195944074135,441.021600318279,329.484544880539,404.910151902503,442.046062832562,448.976124792505,456.376376212569,513.574953975061,511.814526775161,-195.710753219505,-39.1876476154944,-267.924073793491,-219.370610065959,7.91967727641071,-459.934088585881,-79.424087752911,-594.187112348171,-574.360042555798,-432.46077487436,33.3481365966143,-709.259387348764,-86.2875690797148,-581.752271230113,-609.946695492868,-13.9709697278799,565.187613583485,-357.706197090174,784.281663451548
885.804477733447,881.51366798876,-630.414782031629,775.984833509989,848.079149519514,641.343662313861,603.033552624691,720.06126692341,369.599045697968,416.8279554194,683.410987754285,559.659456210017,226.742816965237,338.068942828982,1140.27122236694,1142.93987843023,389.188059451381,998.572271289045,868.040990601781,519.019247765716,768.948810690887,423.733453396602,551.876358963232,504.319481103483,506.75903165368,573.786678043462,384.748724803113,450.939313945914,440.655497004581,405.689107960923,432.947538366276,447.143649208055,493.013903076661,347.652722752271,399.859538138412,457.788969629662,502.869397210889,518.09327672184,379.022721941707,460.662051926438,531.303138858128,534.191750800357,525.460890388443,590.759974942953,591.754738234146,-109.581680001753,-15.1908924509063,-253.175338377352,-307.063320895202,-121.191266046182,-541.422684807014,-261.75818287601,-709.74175223843,-841.037371247446,-585.766646243903,-204.869562332663,-1021.55922953605,-255.547366624206,-849.981151187525,-952.514520400009,-134.187012852872,310.781687466954,-648.825942242429,619.125148309165
896.608080096122,924.14431229462,-647.264553353254,867.08446208443,907.504112879353,647.388300118354,709.868303065687,858.322056141551,469.831921766889,569.868323097672,830.762110945239,600.111669267537,443.242580127084,540.880263719291,1301.39575899289,1440.19016859452,481.98004578312,1235.58288400779,1129.48651909783,694.859251588697,1007.03560556977,526.952622960802,755.818864017038,770.973105993792,622.09228022429,779.097787449003,450.989183324758,577.199719939057,613.006891382937,472.383568257834,545.170958396207,584.722211655372,622.58509382574,393.094433793786,476.645094043532,554.305825441986,609.732154670045,623.906249079322,436.836587354765,530.673474529491,618.770614296103,623.433458895836,597.396174774057,676.281065309798,675.120447201049,103.749440479658,170.90571595597,-54.5207325537119,-170.218551364815,-32.8011510979437,-391.354336562775,-248.550022677055,-563.976193647932,-783.54214004099,-517.523093837415,-135.307367199168,-1015.3088796096,-211.755930013003,-887.693097018488,-1056.29807693515,-205.474147932707,130.255691610192,-816.287830789543,327.053872307815
874.296497986596,893.178181660799,-650.936731270878,909.74567100048,907.033375873031,634.703322203507,789.283828179659,966.538186885731,547.077945793999,726.210828640954,975.625373147624,590.387217855573,651.228771445221,800.534879764865,1361.32860441038,1627.98045564297,508.726243039938,1375.18493287566,1336.00825962129,799.881644244641,1138.51961835113,553.734840938672,875.300759070194,949.443938099443,662.455375707175,864.046447014668,427.947702646241,620.265386881421,707.693222948993,464.284595757727,576.693498648424,634.818987546498,666.818419895949,365.51324652846,469.957188018749,568.856099541141,635.382052515471,642.078372512128,412.053832606672,520.488151932342,597.439334936966,616.205068822858,568.751930876189,655.383451368258,657.768275938197,148.034676862425,289.773524260712,57.2553176299238,-39.7672606282945,40.5231422320571,-304.490553852923,-211.59752056064,-453.567256426544,-590.521258322703,-449.706951635748,-70.1390476997095,-879.045094255411,-276.80263434598,-841.159858743726,-1027.48865609826,-472.091850724085,-240.498205722164,-885.58546942995,-295.256445312776
817.161645188703,808.806951494742,-601.25901046787,901.706399534632,892.108604861664,610.176991366075,811.726755547305,1015.25476483453,573.433717729178,810.990304152299,1108.13135991646,513.840118112444,717.423844752122,997.279539838382,1240.40189764118,1572.90927368917,437.133889082333,1288.9475064536,1348.91516814362,740.003076363884,1063.31164370656,467.696780520233,832.896104051507,952.34449140485,599.4067499771,828.221268728781,314.427606636944,564.336153936015,685.219990468315,372.866663754818,515.539600015321,567.693445214019,598.403043565146,263.817463137583,381.064301273099,491.318044981576,565.176640236939,570.346521251672,308.085124774868,429.071968941971,494.836487370209,532.799711182053,461.389882645935,546.182820803914,561.105304934905,-17.3413577763629,251.76239600805,16.2504943095685,-42.9110079005876,-0.788599151324426,-324.819563795097,-215.938058799482,-446.437441750086,-440.337324104664,-434.689198350022,-106.739389303448,-748.106038186588,-478.416529403742,-779.413173909366,-963.268003986749,-813.296979992015,-727.849538072743,-870.642383764171,-1014.78919576524
688.484795851792,649.806158750673,-549.848248758689,803.199577032866,817.447283298108,555.713189753925,747.951244197716,948.460035357752,536.033512583009,775.082897069087,1102.78169335619,388.088691201679,626.864450225705,1027.15975451036,955.065327048056,1272.28281208422,303.861948990792,984.567248344032,1143.05378661498,512.279091813426,805.61705186189,291.76692990042,633.115462780989,824.298812330262,442.835919171083,720.548941242976,155.014578327405,446.027709590194,595.076546336743,238.020699271524,407.809103763741,455.450213615516,484.83754203379,134.315936882573,261.334731500896,378.633343891347,450.909520342308,467.10759551924,183.179731893203,303.75641768389,386.663804136781,428.266367517902,341.116230191703,421.491855457133,444.836973331802,-247.472284437732,107.150526366932,-90.8089420457755,-172.196539583782,-124.200716438606,-325.576946412821,-277.475630608183,-419.045637664405,-396.037766277593,-464.535191449282,-181.738419465304,-662.628895943543,-672.959951036377,-702.247816018766,-898.233662877172,-1040.66174835591,-1114.21278709278,-811.82685870475,-1516.50260121894
415.063980182815,325.434576244133,-541.052387237556,519.552218587214,544.769053213269,398.92696332701,534.151261075596,676.871810970981,395.559100629865,570.425549066485,829.128356503469,212.316041678598,420.531883943994,824.718919502911,606.496217516462,837.595562988749,170.389575497472,597.479385314233,800.505596405685,214.258851016156,475.954135569657,82.6022687168333,348.279892583401,615.588323943751,233.648311380631,517.052627405682,-13.8359464519162,269.455590028753,426.748103395272,79.536399559082,246.906336765829,298.506388778651,328.983535097567,-5.71042120893552,107.395299052133,221.108717603964,279.516858236326,312.335993362664,43.716521608174,138.007411037522,240.790533818165,269.117088381623,181.714654821338,257.372200042384,279.765945940649,-430.266458795271,-74.7895458433606,-227.517723089772,-361.016683632164,-275.666189706482,-303.971046780832,-419.289496629594,-341.210447762567,-452.757918873098,-582.861501500381,-306.586713781208,-615.63821132085,-824.297457747901,-615.807287813469,-844.948296295817,-1203.51516364789,-1326.17189798121,-765.154034046703,-1746.73848078162
14.9789861738607,-144.876718735502,-512.186417980371,60.6840332789664,75.9528585282283,126.049057674564,171.145038368182,221.355482043758,151.382739999433,223.050559913013,352.00875871012,-25.5175346147045,154.784378509232,444.265098271267,239.546883019467,385.500827035001,61.5623310045912,232.666129074342,429.749795247292,-21.7913833507819,178.108427352515,-93.0313678301252,76.5020248862871,361.496086127264,42.565935321518,205.263025300676,-166.345225292412,37.3628557365772,139.331166126309,-101.989395940607,6.71076739220183,42.2676764405255,71.0609780430988,-167.845465615311,-101.432380903719,-23.9655596770272,10.7782694599784,50.9383007716151,-138.361230490307,-92.4103101497719,-13.8476211607941,3.83915590265606,-72.9987855292796,-6.38792251880435,14.3313928678285,-531.925816724234,-190.766179982167,-385.766371732466,-490.030020214397,-346.604244820797,-326.576977560035,-544.066748161698,-281.461288523756,-517.301631661201,-711.207332716672,-471.439770985218,-545.270507997146,-909.844244543189,-504.491295853488,-748.759445812934,-1317.78272631857,-1326.80224680382,-692.292448613386,-1744.05823068265
-391.101627983571,-574.920938129213,-408.79729053233,-408.175790372248,-368.128816003199,-185.052247232761,-225.825489778987,-241.142039139249,-131.276030693322,-144.524420799644,-96.7751651815725,-291.506528381513,-104.920011218827,37.2350733498712,-160.212521793847,-18.0688768319905,-44.1769345516691,-100.872409060381,100.151428775596,-152.150087219591,-46.1050930745214,-197.568553665375,-127.146378874349,112.804392547914,-96.6636493674834,-122.16561903969,-290.039371468113,-199.121677741094,-203.590813209553,-286.868810969791,-262.815134348061,-268.773462982737,-256.753130015113,-341.499292707791,-325.102154390379,-305.602923604623,-295.347086453394,-267.580750043599,-339.198563092636,-339.312129979715,-320.586513257993,-306.51469117353,-364.511068690211,-310.822509603953,-292.602502391204,-598.427774429125,-137.727476300455,-544.894957706635,-475.659785595753,-236.187384999644,-403.089996426056,-493.89318310876,-288.427598935708,-502.745214834875,-664.829860184567,-542.681239544266,-437.625327981512,-841.184560179889,-381.380876837132,-586.877116441769,-1272.71360058584,-1066.1068559656,-556.228319833941,-1551.26390379746
-697.539290208802,-809.561805785751,-299.701292460525,-723.240869086019,-593.485908879238,-456.864992566873,-524.571362192337,-546.357579786566,-362.689462414033,-414.5387454588,-367.314845372793,-490.392027555459,-299.845379753315,-283.71069538631,-516.780295374332,-326.055903570952,-174.349033966338,-383.616700725478,-181.506109215622,-256.807180969564,-210.707285964118,-276.04829095076,-295.548403744839,-137.895650687856,-243.831296090645,-379.392752102469,-405.273002781103,-399.018402143351,-476.995091659176,-447.58558920844,-475.97627356592,-509.790236187157,-513.982801251964,-489.554109010132,-501.645489039754,-519.315640877252,-518.62512936294,-514.857546440037,-498.364097239692,-521.355837496207,-551.065726154989,-541.261675436942,-572.952107546059,-533.491182189931,-522.640270870732,-717.96687738195,19.3397901014194,-727.379440466865,-397.926284709005,-14.9374603177385,-539.675953954744,-306.057460496051,-381.80525828372,-473.218559768076,-451.378167797167,-436.549403021598,-387.823529752495,-649.773426873981,-338.711867188416,-470.658977495166,-1130.07345298264,-690.790908434446,-443.697558874197,-1314.43666146989
-911.989025252688,-904.684542515359,-229.669263056341,-893.023350458712,-672.442509360778,-698.487491936782,-721.14653566297,-726.007320752867,-539.067784140774,-601.577325167273,-550.09601877706,-605.053308500065,-456.577075483782,-548.656625815127,-742.861445909374,-555.777713844636,-384.301764366894,-590.750948175282,-478.432352257536,-452.098430578982,-389.077346075989,-467.486574915906,-520.791732607633,-484.690257730261,-512.293737802254,-629.932027204324,-580.556649036938,-623.519856369644,-686.076385908745,-620.456678063555,-657.064405726275,-673.457026538793,-659.406947754598,-630.036768115925,-658.91413353594,-680.595315357221,-664.890626293281,-672.946056932572,-636.812424423434,-661.056568204258,-702.993074624745,-696.28914590614,-703.523063251422,-678.943751345242,-674.049970530466,-921.31568310149,45.5871992985888,-973.242927600526,-453.785903084809,84.0329682038349,-760.221420759512,-234.379156985655,-568.984198149652,-579.46545084098,-335.543513030108,-292.760934650544,-492.483908083569,-540.896040570512,-451.770781220672,-516.182219308341,-1097.94136815603,-498.269328512038,-468.919674285769,-1187.8077961704
-1086.36989047593,-986.56171091631,-57.5101137987629,-1018.12188733942,-773.798321318651,-940.682753435366,-894.580492047354,-891.648974842827,-731.758224506694,-781.713514011269,-779.816605841839,-727.821814920975,-643.433589871343,-813.486776821317,-879.668164173407,-754.762856279849,-705.54394491576,-738.618937094363,-769.242425309861,-740.39106310128,-593.722705425595,-842.180777241542,-810.192970121623,-868.001874476685,-908.902351319796,-939.230044038089,-825.895709955632,-923.339594101387,-901.488281024295,-838.22897653955,-874.62026463354,-839.880160601032,-782.252585551065,-794.456671483664,-846.347894400722,-862.914434856079,-820.815384623094,-818.796145745778,-801.576169735903,-824.12951218084,-849.15394367733,-843.693680764021,-836.405812348478,-823.711530715384,-819.54393997119,-1102.22158317071,-144.918513137548,-1194.66968177114,-679.821434999657,-55.4348263840907,-973.070856859877,-388.832559503637,-764.521097294446,-798.392001330219,-455.497370950885,-276.79854385231,-677.281893500062,-590.830993407409,-618.267158911131,-645.504867172022,-1151.03071657997,-524.227646099079,-578.065786670824,-1135.46808313473
-1167.14695380772,-1005.42669863713,2731.49762455286,-1069.51977441797,-854.102196421841,-1113.87886665599,-1013.69415942532,-985.315896704174,-902.367610614756,-900.456912095889,-970.595016280279,-847.388633810169,-796.20805162434,-980.478034671298,-942.394388553141,-858.807434423549,-1000.81542319245,-804.812941054358,-877.995815653584,-965.500461686749,-718.956604859541,-1230.83715520384,-1056.82348952846,-1085.19850016258,-1262.0156297942,-1231.34654931637,-1005.70588040627,-1193.47584621578,-1074.56383637125,-1007.54988968178,-1064.09146521738,-973.262499910885,-887.267877616504,-904.509460318848,-990.635541591116,-1006.83858200346,-945.393212412617,-927.215044907821,-918.4378146632,-952.073965221192,-952.563190663831,-950.514544237753,-937.113823407243,-931.459662924408,-924.663472255417,-1099.75630195728,-349.755569787997,-1228.44951509003,-852.721341037211,-266.461186112317,-1002.45126259404,-554.020247127957,-812.645268593217,-898.617812101209,-609.552805603026,-313.508862689178,-728.416331906155,-609.663362121425,-637.363604977396,-649.771867980714,-1046.27380082396,-483.522242023493,-573.806834010033,-973.87749221842
-1043.49269471624,-830.914818719704,12122.3624786805,-920.832790222658,-764.476061510629,-1107.32400601945,-953.941451341637,-871.787068253083,-909.241630649044,-840.962221416664,-955.225947379408,-814.747354185477,-789.202946368526,-934.951295623917,-834.835004678242,-801.331536192075,-1054.02410111351,-756.432651619384,-780.129684959257,-987.847726517655,-765.099558257559,-1366.22956885385,-1203.93999777918,-1197.89982240953,-1397.40863320642,-1442.63435269941,-996.955329930679,-1300.79077943073,-1151.76749740305,-1020.00310323915,-1118.58394414364,-992.406006055219,-895.311718071285,-865.242249159499,-991.322009193341,-1013.08151839335,-942.573930522872,-916.684271247851,-887.992618613636,-946.761157910341,-938.054968557073,-937.222159622001,-917.856059525358,-920.632798769573,-910.147326173399,-901.242978055356,-393.426900504662,-1084.09761748111,-798.760840918201,-353.848192694911,-843.608820497106,-525.520695751423,-695.609095593688,-764.012190008081,-581.726723900396,-255.447685617497,-582.185915938039,-456.646015111439,-506.377187508068,-475.930842159402,-726.527355738472,-235.223383181088,-399.934552936967,-636.555224928803
-746.533445524469,-534.440753529842,22702.7129889925,-605.308926357276,-569.922258997227,-916.266863368223,-722.278881799335,-628.530892221578,-738.294868992918,-663.116155237909,-802.508150119759,-594.272377552799,-672.770601037849,-793.33663499457,-569.767813485623,-702.520538965913,-830.648149283458,-674.982637645727,-721.941623853434,-843.985547672137,-862.402157871124,-1173.72368647744,-1253.02274919523,-1418.18619386981,-1298.94689407515,-1560.2806155973,-841.928958603126,-1233.75123231736,-1187.909952763,-903.618031196852,-1055.46205708058,-946.016574065087,-837.997478571941,-716.792364576096,-878.824541443332,-921.828867627285,-859.592888520479,-837.129754001292,-746.64596457517,-840.429418691978,-849.990842238703,-843.945980487593,-810.054648250948,-826.653364429111,-817.947449651027,-638.368693355973,-352.496718537775,-902.428879787957,-607.787571008398,-364.118224723966,-657.821052327373,-395.124280545798,-549.755702697747,-538.995121761726,-430.293864507989,-169.131362792308,-413.368570527193,-254.523719246777,-414.646256495412,-294.267433233272,-389.159470626305,25.6494213859048,-234.342924367907,-267.506974355047
-459.204283708132,-343.905638656312,22668.6284394347,-346.510919520159,-489.016418317685,-638.221269875136,-490.223004554831,-487.988059295616,-532.073571235404,-553.776515486583,-738.307078847298,-342.497922731107,-606.92168757016,-761.973827346011,-336.696166416238,-709.660027970519,-503.9691931836,-672.3730552989,-836.009959893074,-673.83474883205,-992.388641724655,-822.313948321923,-1157.64773179582,-1594.32689180545,-1060.71844115662,-1493.74055260666,-650.481265844078,-1042.49012544363,-1184.71599866359,-743.29513084745,-938.076510544291,-906.598042094028,-801.588659228847,-554.448785771146,-740.330764180712,-821.106447084877,-794.83533702138,-789.363857757451,-592.734144353499,-723.257354222413,-763.425705999165,-755.101235068506,-699.867797612246,-730.768361713026,-730.059368420267,-379.912169702734,-361.613697001026,-681.135259865615,-433.406320312267,-437.890154380698,-499.370500721177,-345.015853775156,-427.141398208929,-376.075661248641,-321.494827133843,-210.664353271653,-344.360932669368,-169.54129305176,-407.723582736375,-247.859963358237,-187.481227340979,111.157940196696,-222.574874984841,-26.7852821710237
-293.569530775138,-328.969329631042,14532.2203226899,-267.129384503392,-551.694648616019,-354.501787014305,-354.969020844824,-499.110300646133,-368.042076164964,-535.817315955326,-770.875298686008,-182.809668091047,-583.287446192885,-788.071011991804,-261.221269523496,-744.114384544155,-253.547817304471,-717.292832703682,-908.020931719306,-566.362834892335,-984.551820617211,-521.423599561573,-911.731455987916,-1377.83999077006,-783.665594878742,-1175.86123040377,-456.583960361959,-763.482421252021,-1027.8893687591,-549.209975586656,-746.575568575051,-799.058459811883,-714.641191026465,-380.26922937294,-567.303859772956,-676.729540188822,-692.529540954012,-708.323309194927,-430.108927544337,-574.769514156181,-631.190164582353,-630.93057321824,-561.056247627686,-598.975606966841,-599.832417937979,-84.3424133588117,-368.042310862752,-300.073727752955,-257.647244442117,-503.62307462298,-267.273991252699,-326.880663694486,-222.382459782881,-229.381160707907,-243.343707407384,-308.18788017513,-254.380734965838,-141.65696752317,-302.757493187991,-263.291565639494,-78.022263171181,113.816723745943,-270.691327325107,87.6264962557597
-225.514941311314,-378.09417684326,10115.8198263673,-285.671210566993,-606.46303987729,-119.239641015248,-268.289567433929,-521.766369809491,-224.926889545938,-484.390198299151,-713.167820812072,-106.243898218983,-481.644922488255,-668.115183129331,-312.854680335025,-656.840242232181,-139.13833828391,-729.951715240654,-726.253352620991,-534.343999439477,-817.884353364525,-357.452414261198,-671.261268871896,-846.61175384653,-558.446712862337,-761.937805858233,-270.127474093097,-470.473829560807,-715.036064443689,-321.902939864507,-474.930510988004,-550.764980162356,-475.526753419218,-171.374780504337,-328.130197229203,-433.774217337812,-462.091188930107,-482.890119914457,-223.649492075829,-338.588451812318,-396.055547207067,-405.22393296388,-333.189519111047,-365.587257061415,-359.374792208224,236.454861762459,-229.830452703315,187.182808985445,3.31906167588112,-366.7122702982,69.7926592432513,-163.770927653291,111.055748018496,4.43693433366779,-66.0188744437786,-239.244627797809,-0.241728737005454,2.98134872142243,-4.07869840375573,-183.769980896628,39.2402535837182,225.632115817903,-206.317425367728,177.642152803819
-238.563677826925,-441.758389884643,9845.46518836375,-337.218699828504,-620.690316467765,-10.6867552871391,-220.332365697454,-527.670969232686,-143.03274057892,-414.933056938566,-575.279119499673,-95.3397438574186,-353.656256784862,-461.577439261034,-410.455693833047,-518.534009605081,-91.2583259089597,-722.42770599234,-446.411840514683,-525.401922903057,-664.070697939883,-277.655305921328,-584.466136365377,-474.676529198027,-429.035187241675,-506.518961539171,-150.366738013189,-267.0998996697,-446.751776361572,-139.38650094159,-237.296428074833,-296.175480606064,-223.595783502277,0.793116177969264,-107.38042548731,-192.49076097481,-215.217776570783,-232.267252638642,-35.0655891761002,-100.106208073979,-155.703402933441,-171.551367135638,-92.3915802808117,-111.810450293253,-112.512962490513,464.7563085447,20.0544481634039,539.880149624297,282.497468758437,-70.2559936575423,391.801584831828,111.720662739741,437.656108922362,283.745896582184,181.803912089631,1.09897998162442,337.511767451581,247.695341570534,321.480157503942,4.5015621054314,160.479049277119,431.732738092322,-27.4022331517014,276.105104374387
-303.167518452274,-517.482212098395,7881.63576834164,-412.602963069306,-649.324026070287,-30.269140600289,-235.840169837709,-574.082279137138,-156.805797716777,-426.341899628626,-529.019289161113,-122.176447374174,-325.646413021261,-390.263882118028,-440.911332425504,-470.819887303734,20.1924656753818,-681.473834568504,-339.759474124571,-422.622082492819,-601.70619480931,-154.727940351835,-542.550143654723,-474.618606384353,-311.240368759937,-427.570067817803,-90.0551587477372,-137.29904212213,-342.708550364796,-33.537965196273,-109.378339663403,-191.159539250268,-167.222183226023,85.9949963538593,15.804597318443,-70.2403004530797,-116.935572111783,-158.670612511658,72.1370692826168,23.24229726377,-27.835206586484,-64.2462206385696,49.1311111188497,31.315230408739,-6.63855418987041,547.276710190779,210.047051793024,655.563141979546,452.620324705786,142.851456376684,608.862420470268,302.536149645792,625.961194313827,505.072646337693,341.560165452609,204.814446962119,588.026866678926,412.136377226441,503.436053872084,216.994625338781,240.8311011529,551.433805449773,165.610445148381,343.891864848
-290.205894712817,-494.541123435231,4632.04019085233,-410.084787331731,-598.765254738757,-33.0970654547468,-223.613118570761,-558.497752877674,-148.510762300984,-427.302625440973,-523.472784590344,-85.9040006693716,-312.699685934067,-411.182536004573,-313.942288728182,-448.067548142254,213.920894762232,-529.097441001689,-382.926267033712,-181.878856794172,-529.762362089633,55.0963496677294,-339.606598488849,-575.004643918509,-98.0465368913922,-310.218080852234,13.687071394184,39.5643732880549,-271.661945314256,79.9664881218138,-5.54200717071064,-164.790862349782,-251.767266696415,158.84201426948,103.389415134097,-7.74974289897615,-112.468511292624,-218.635711830961,152.574264621626,77.1874425387827,27.2083714714113,-48.4745178484006,114.353026273624,76.8899037551608,-9.05955198601036,564.251499380236,293.433417779015,673.24071358462,540.946990054763,203.936168778486,738.528688847286,374.253836805848,697.228165555538,654.701597673237,390.022376954995,288.688335600702,707.584705781341,431.997837222483,576.436111916182,427.90601416415,322.245644252604,508.011491431997,356.812806476722,392.157397256819
-122.790996627033,-279.996885893029,2696.03997316552,-236.640687431687,-341.399663635084,82.2315813234737,-84.413713279773,-344.699567049936,-9.12210117165907,-260.726627727976,-367.420564219788,58.809642453514,-158.610518737995,-308.687180983392,-90.6519973149598,-315.629781486623,355.11677335988,-286.154608626781,-387.349384211039,71.0443758867939,-388.654186158038,226.369151762113,-26.9280812539078,-509.922937571268,140.803490675135,-74.7381448146788,169.017189342323,262.999093959937,-95.7785910644004,233.022490496397,148.64117132316,-59.4349519596187,-257.159916468792,270.405801275402,220.481434784835,102.727283818495,-37.7325193084071,-205.893340001766,255.685369352937,165.852305420909,106.41027379284,5.88558417502393,183.219621243043,126.998013068439,17.7394711110993,562.09326322549,383.411827207189,700.906394759683,662.596336900812,272.386898353879,783.083144805575,470.640767197755,712.035150427123,745.213325151101,450.249448653277,368.742698481368,730.31241818627,425.607613269765,613.175929796951,620.834338790719,486.249173243518,420.406642742536,549.11685666672,493.955585172235
93.9266192235126,21.0809296092,1330.33920033956,12.3851280355514,26.8944510488303,228.760870090735,108.650422501119,-28.475620752426,175.362864360695,8.94894905253268,-99.936824865402,213.968752956706,75.1466026735605,-81.8515544292767,87.4472321640036,-104.993757752557,370.855126669902,-69.1632989335703,-309.454537254264,211.979911445402,-256.471993208799,264.436357351497,164.658379696987,-350.417253797943,267.34056919073,129.485961065238,282.085498757631,403.475051748023,130.33636307999,348.27104357174,293.301788593461,135.808055911072,-97.8213295484775,365.617503352899,329.339769191069,247.809285837304,132.097877961634,-40.8364920880104,340.051911762275,281.73178676745,228.513385679864,146.265532169318,273.896165733493,227.453097324002,129.044737672622,505.107178683755,547.437260218356,684.706041154665,809.763807593996,451.335803396159,739.34670727072,651.277925678367,686.459130796287,751.43643940987,583.548400369032,542.623443927207,670.640781234372,531.242865915182,576.402045006983,707.373347950326,733.958759373888,467.66755099547,642.751405720004,688.042666423644
244.708368860882,245.484296044279,-543.167523329441,196.110815346309,303.940464302937,300.947678704612,239.879311036157,206.945322415978,281.630145544701,215.521078792138,101.671334382298,308.624977486642,236.727008323476,110.72851039791,215.31667942701,90.6920382433391,372.823703719773,107.943606994948,-205.587073093927,314.835225394386,-146.166481927512,309.429567786521,235.418075829803,-204.071168262122,361.355175229546,271.742188023628,364.476039488542,466.901560255956,326.506770920064,419.112501430855,395.898499648364,337.747697433704,139.806699708437,424.261854462329,411.466086699236,380.787386040236,316.554400571734,201.467236322144,398.760872518541,384.803697385057,372.450436065536,332.891943838889,383.025285174786,366.857662506726,297.507766307728,456.271593726077,702.831209303996,615.099713503841,861.42371441013,665.043007160562,729.016076045099,820.181871511491,681.361332618501,712.633367978209,738.56375013046,778.265706843974,581.155491010985,774.795565666002,454.772611353082,639.756049510214,974.153195214506,719.584945997472,562.036645999215,928.794031228803
351.924699602298,371.396780913268,-2173.9862077948,319.407961242399,446.300145007568,331.196711578718,323.040160725305,347.716469028217,330.13121508999,336.007666539459,223.350012832455,391.384213082508,318.082034308085,221.462328585575,375.192422824061,251.355932079602,426.568939885903,311.836838251274,-117.630095133189,482.987055025419,74.0218639763627,497.517426798604,405.772831791491,31.0997862203873,592.316567926298,518.413415778875,479.282666152989,592.592341773828,523.920923419705,517.738865852882,519.940454947629,497.492824090384,332.375394217019,483.662143152468,503.489171016228,503.770740894996,464.004835651856,418.454798107298,478.585797988539,488.437484176638,511.35058596295,503.402989838278,504.968490694043,509.466537144009,480.470720975892,563.795867026225,714.879960652977,611.482518436209,761.821580868854,791.68492286085,880.822204758115,874.953118626875,776.972744788301,737.846460842677,850.420920113291,975.957450355217,561.833491766243,1040.54199833718,362.343505625136,512.678740173162,1098.40090927038,1054.53671528916,402.61007417274,1109.94048946996
460.09310012251,461.932527296508,-3230.28711307422,439.525358858432,540.692049568612,390.219460201039,412.572010503197,475.37013884675,391.995279697228,432.696633438823,362.198269731404,479.258647211358,387.171762811882,303.308298542807,488.342129793706,343.137519732283,348.764626279448,444.584982730612,-109.568675321785,528.577484660983,338.516970324013,625.518395464324,611.479905445486,342.497514260614,828.325333781977,797.756280054961,547.982181802721,739.731294920487,710.9371493631,609.395933646269,645.783774924671,592.683830645227,418.339721593077,522.439028006723,585.396937899569,597.82157260642,554.336211329379,543.572132729916,555.453525098041,580.582995799705,605.582781621051,608.743274042537,606.156288035124,610.415677890461,633.39981496799,805.790980366372,574.936539071251,717.028216489474,597.985712291364,800.318967008836,1090.88962269714,815.555839603875,914.403652110971,846.094033698907,891.626213026507,1057.53043522024,644.095544524223,1169.58432735225,405.575271719566,483.271739784747,1078.94907740024,1254.46213433928,338.14212421693,1151.64524928193
547.341606756783,549.585234795136,-4393.61388431169,551.644599379032,647.955849072698,490.37273955413,513.109181303823,621.174758276443,494.031338153695,543.120763172701,561.015982808629,539.302261373413,487.541029612518,420.645719254189,444.516584961646,367.576067851578,-0.732875172657709,389.745911517494,-128.104604535728,236.79847940205,373.380262608553,442.054464143955,554.499933753983,482.156893821129,806.71808094688,807.540941105504,500.813844166682,746.472386528416,794.797642701475,617.178284671824,686.852654712666,637.875494632126,450.992628044962,516.544428851148,618.223046928084,640.343081124824,600.965000532083,591.394884369849,581.270386669848,631.205578861428,659.276175260922,662.370065759471,676.239357417848,671.632453925224,740.204152586397,978.25362984798,458.874157373384,816.185972990619,515.716506517525,775.101469544311,1137.73673533064,737.080451937435,952.021757223291,945.08620412172,882.738962696682,1040.66341289703,771.525226909952,1142.17254255688,569.489611739681,643.64877166076,1014.44898520288,1239.97047683039,456.58575287854,1102.5227511004
583.083097527383,620.463861598598,-5633.33881501123,624.570930250082,758.7724147515,601.830824516553,614.112728286901,767.300843321268,639.963169014532,689.720774157748,791.815919364105,616.308906721973,653.084382095791,634.916307763464,420.971699648995,521.078488534078,-341.114954996608,397.560373326912,131.405097510286,-64.2923433597062,344.740416632417,159.854334700401,404.926486255455,503.421739672498,644.59263478615,666.978838736694,463.056409049216,686.681011268495,814.110846810131,602.692111957835,692.560813511901,705.218747864787,535.823388117372,521.136885623264,641.22104473371,677.136648691785,657.885240539718,640.046793771793,594.776386106266,671.468908473357,719.488006155741,718.06654305307,740.636528054512,730.227629376832,814.624105035016,953.41932169178,521.315228495348,801.26721379006,566.711174613687,808.70093072505,986.208999113199,723.119121367311,863.759366803441,963.190683546942,866.624725674526,1012.09815628205,882.741083864776,1079.31185467767,760.284337983246,946.290951447051,1012.65048209237,1132.92093293456,707.333127663367,1069.57128291617
565.366282541378,636.663427190842,-6360.97241530267,634.441431006629,814.047107833856,671.449267852124,686.405496973029,858.140253275446,784.711302991765,839.47987619669,963.345176049959,764.814466817783,850.59659944432,897.623071930578,676.296012215429,965.7777227041,-224.806947245138,811.067851133753,829.426107414418,185.331777234702,803.121728013644,219.409470648058,691.085192825213,849.671173577751,674.857900849241,858.378542844224,549.297326884006,744.858548486857,933.663335314253,650.239961501213,770.131756689463,829.784560387105,695.094598519264,568.317352248956,694.270097285032,753.373259949502,750.650445463784,729.961711974079,643.223952399025,734.210284084151,786.149956118801,783.248551859753,793.832932031204,782.809657310441,854.358767281877,791.898130869596,699.197655201242,687.079379702741,658.336699548239,884.131743432335,785.819757279823,760.521977193936,743.028539796539,906.562353317138,851.998265808995,1009.28324178779,944.739363770688,1053.38491156374,892.391736168956,1228.44439042305,1046.76948108678,1045.95842678561,966.401878447821,1045.45026285367
515.024113876155,590.598121071995,-6816.47359852881,580.796180977871,773.260025355873,658.724376839288,681.176186297761,839.001691655228,830.520481601693,891.978882574207,989.970349171395,906.863309517955,948.989717535017,1031.89725189743,1110.93111188126,1495.61672513907,355.824919403665,1474.92481225456,1614.18267559832,907.514768002825,1694.41932389335,630.117954717442,1366.81929053643,1594.86103576396,877.095538567773,1355.9921164023,670.28778750349,855.112031423886,1152.43903955038,703.862740495256,872.660151282955,935.41744713304,845.137964871624,610.063984410557,737.654232582631,827.032462996066,834.40078744147,827.471242480551,690.052566198743,782.932935704715,812.069687951284,819.817595251899,801.586578215693,795.414170443961,847.553106339891,623.175067293891,822.393901118684,552.191931484724,674.964940852396,921.343188070674,650.222666414076,796.099749572862,661.147042043516,817.757252963457,822.849464659637,993.480913981173,944.667229014325,1025.22784218389,933.551132168067,1344.39725716757,1023.85931613701,949.411153262176,1140.13014987465,943.880256990192
481.336148604642,556.251217239557,-7542.81032150842,532.824089745942,708.968666576393,587.115140668201,618.761856529596,771.96458414147,748.924948446188,835.138188091468,951.338114005706,910.053956974368,893.630934236657,998.949235815599,1364.50748194786,1754.67734634673,926.831054968608,1880.88838103021,2022.91612162612,1447.59207033562,2263.37043580584,986.897955214213,1784.10529056594,2190.74775710357,970.421470098096,1601.945170644,721.150173523647,855.464517756157,1259.85561545334,699.044586628015,889.029039043964,940.174506149964,916.176679264593,621.946495741596,737.351553787631,842.072609771777,863.015109420072,899.240686090715,695.374489312564,783.35796243921,797.987137235297,825.212426840354,774.031567301741,776.735824895876,823.531721196824,525.30251340119,821.036240942441,457.418076402375,607.722835394759,905.850087315404,591.478029043674,818.706778181404,625.251672671048,738.138705596123,796.740357877264,946.280129894427,895.034295669054,968.400886237226,899.27173296279,1275.62997800092,955.703890326137,813.986086625081,1189.90864118009,794.664606352436
510.582368460536,619.700137997731,-8214.64953228993,584.10624350617,749.293959739064,521.179537992163,597.614724591612,800.676783906757,633.867993756008,800.652645826319,1024.5663874407,751.328262856286,806.693929377846,988.087870058775,1244.26916761303,1638.18630564723,1111.52431504152,1759.26212495979,1971.46556717094,1434.73674468824,2068.37383401607,1051.19447441858,1625.77599569352,2208.11964725362,895.633206042521,1407.42671023072,735.102918303799,783.905710388083,1171.35161684581,683.291997140011,840.616158724629,895.239684014847,960.167423586339,634.431629318798,724.073332052344,826.663168123375,869.965703680901,972.028528177721,682.951782441144,763.028851569696,798.035065294833,848.085591997598,758.514447404727,773.262501423491,836.862061311271,495.611977627707,731.267629447891,417.309292618948,523.485290894997,879.834701120929,589.503547917999,822.249886568502,628.180801495519,694.324207328879,803.942759069653,902.009274513787,826.976359151526,920.536664289809,818.690296586204,1099.64699195275,927.076295181744,724.123624027841,1093.64726516844,727.622954777966
558.951572006686,729.686179959267,-8360.06420496427,696.171458415593,867.389607434107,474.343932983643,635.427447620582,916.560466904896,554.859913404097,842.869340272205,1170.82566003545,510.387080499201,775.327648994617,1068.96488769202,843.199606622935,1252.03053844093,968.429037941449,1249.00968045441,1615.53023796557,1077.96160209318,1400.77929162683,923.435367746471,1201.33276958163,1815.90944088063,778.945749191483,1128.02807124077,723.332817535762,720.219362209174,1050.03761133684,669.612020565506,799.323776203481,902.041569817112,1058.51736208354,627.429317211494,700.668891098141,817.924155708451,902.182540674904,1055.86297421263,652.252922417643,730.316814189906,811.323385856312,891.613900384056,743.802721039807,776.068965820375,868.010856529318,461.446128451813,567.114385253108,384.587647490145,426.04474740245,817.517523165203,587.190178833963,734.10294924038,626.833834722686,668.240154068205,792.56480834015,834.61966963116,741.515013574332,861.613094098745,695.19676565777,873.258571594828,895.104034136082,714.227424603395,849.843122371194,724.741958406223
540.389991698662,753.045979442865,-8392.96747870343,734.389430162672,904.420847886616,414.011485213127,644.958138040134,960.369625436071,485.293220757417,858.747096719834,1169.77990415959,282.603287626028,733.092829409971,1081.17935366001,387.948584416626,740.81805505775,772.110680066543,700.886273894452,1118.5126329549,760.220813387152,792.32007188063,788.981789792625,893.458880807335,1397.93394824711,675.642316345861,995.247333829174,636.432292857336,626.077605910288,990.841393592147,592.679685302958,738.115938575952,934.74903372532,1160.87825253279,547.883596845413,622.829404378332,774.794274293019,916.984613669826,1074.83622266456,562.27360227412,644.719561829329,767.564955964033,876.906588333205,668.516586449891,718.171708607554,819.886043624092,365.923533715103,331.44997952609,314.359287251485,276.249226598594,659.502366230945,516.146316617154,514.553263376521,553.92021019746,622.928291514544,680.742685178244,657.223387691073,632.884760477977,708.480994650764,542.953283578414,637.002993577153,731.772498513373,680.331622598353,556.809199858491,630.675880079945
471.537855505748,681.8971129843,-8775.81355538869,680.41998694062,823.357062379766,342.965404267057,599.860142731268,884.877806829008,410.388502812206,797.185421746728,993.075031604226,132.417063124747,635.570753774432,967.920034825117,67.2058558856945,265.070356169348,683.33549270644,395.85004514183,674.822996570337,661.224422664619,547.048999053435,749.595793656615,782.107993585957,1120.07952637019,601.309685187472,899.230030423516,515.937638620585,501.963784395959,868.91825142589,464.267521414277,606.736909519438,876.998695866654,1143.74769137277,422.593254400396,495.244282524184,653.763344657847,837.543951596678,965.839820711729,429.833784871852,506.91580145006,636.72381153635,750.329071592002,523.675348405595,576.920852231063,651.19247749426,240.534362811437,103.072797292008,242.896708579068,119.9331866841,452.84516745707,400.243926547073,276.981751753474,430.526950591425,561.046807580507,500.085704022912,380.469917370688,548.279282657822,476.806005217148,431.196462230074,480.116492627623,474.264891407258,570.365965985643,385.234179636646,451.980387963848
420.700490256436,611.647894026138,-9137.42245802586,620.701240688374,722.240012262281,275.538040195453,548.599750313512,782.057519498211,354.40551281093,719.174264497331,814.444458650902,54.1394692572218,530.295840708371,846.095056639634,-117.317927298487,-95.1477336754535,640.348281329034,274.494115393494,395.972880699006,655.715807961252,550.730901123879,758.601931686395,718.933906693782,908.061799661126,563.618287012453,733.829117717346,432.38712588375,421.950256428492,619.08600890407,361.241394431954,446.211184693045,712.901380381044,1009.57651672146,315.372804626921,372.400768059219,497.037855504322,680.361677402556,795.12002647225,315.938068599597,374.929507309594,483.702950559467,576.119883975065,373.914419980509,415.120455857722,449.6766353453,140.473506898285,-29.9700994692003,218.282884460861,31.9161142068463,304.572839829548,328.997080023073,157.323582828275,350.083876430058,490.675675108057,347.028523567729,129.405862548616,510.616189779688,287.59061643751,390.957709429493,443.001861254617,308.242990808484,479.113050113755,375.336765957276,385.645094750391
389.206487466643,578.477424574166,-9223.6015574262,587.964632531779,662.315428027096,212.185353336712,515.701304501072,707.607974306229,332.450090838733,667.90973604124,711.630410393902,14.5774348868613,456.827611388134,756.275464243305,-284.627799086283,-390.829699999058,520.70657533541,65.118713722214,164.000003791943,529.377837970476,427.545106624132,698.699471756892,566.845042355581,617.232611112147,538.37835607645,547.748872209393,380.063522620541,413.567633434925,391.165289088649,321.998712595095,354.497934192004,567.907263684024,904.230776277435,259.35167913889,309.83932971941,405.468031186419,567.154413055989,711.829785634591,265.256483248829,312.012543503325,409.483724645513,488.307918670079,304.22351280785,336.702176442507,355.588174018651,94.562194843505,-44.431035710658,231.193407793835,20.0839988862786,271.169267580837,343.716889552562,171.287875838987,353.816643522112,413.193581013548,275.817240405069,35.6555985183414,470.818396855561,246.393154457319,366.369061391351,449.767045115933,346.993568742175,530.338027996652,400.270069288228,562.200003658407
330.451119452898,524.125309282677,-9550.87744330742,535.586393503155,612.315598613103,171.449502637902,487.484948121654,624.974521704135,338.729094011804,616.438205444828,592.957214159162,12.7574453122516,400.517908014014,607.90879428458,-452.545425114241,-660.498386261044,333.852309208556,-275.127085971499,-149.53663661453,302.201817002873,60.9153374361064,563.998200737421,385.383626507987,278.291819328825,522.913283133849,434.8700432492,348.255028937951,448.710324243945,312.666893759302,340.164385109581,364.461811815452,514.918177418187,870.78013533852,261.395431950526,324.120249875849,409.767164743231,552.500462327866,733.323485951257,280.897462523548,325.289567162846,419.314048721164,506.77540531393,321.479009852446,360.473494884966,384.216821474239,98.9647072182016,15.8453179162566,234.645334796834,35.4822161952896,322.993531697366,377.513152699242,237.376421675504,375.578871497558,338.336042254091,270.96647813608,122.111054712504,379.375566665956,345.758747848407,291.134295422772,404.039928848848,517.011575906845,715.578305242646,342.053821211294,881.699165886734
206.528933760157,369.468595646305,-10249.8209748565,410.582110412876,500.313366144403,154.155717913672,433.971332554525,481.812340100113,334.875236898655,518.974548692124,374.15181509514,28.288569760653,322.031301498531,355.200305139864,-530.518955182835,-825.569698828441,175.996818429486,-505.402400754184,-422.255747606864,170.982926348782,-244.125185188167,446.896335248995,319.810895308817,123.430300050191,511.406917231056,438.85416373837,335.955611551417,474.841825738404,338.825338122245,361.4671621803,398.482750678774,476.582534534374,763.386402458772,276.931087307125,350.049008706727,414.276822393807,522.713213911597,679.612179910032,299.899888244609,332.092646269174,402.867314797419,484.552273221107,323.148197541823,362.389166415102,382.437528388046,89.9066664779442,31.6473634262997,171.967279803839,-5.69058686806801,343.832308104294,300.586788158225,229.329601636482,292.34840587257,232.819684332824,231.636404554558,238.618648350309,209.440311319582,426.079321265504,124.786236909124,254.378631432148,606.70975090776,849.695391290138,168.308897743854,1080.0932741344
40.100157732402,119.121537389627,-10539.154367607,238.864566760777,311.735476822478,128.331536350842,355.579527539102,311.687748154622,287.510215004188,393.296426005521,127.644209794701,18.9407542764577,220.404196406086,106.814048442568,-470.216634748031,-763.6111853734,95.9821220664462,-458.150938803684,-441.300447887399,198.924597418551,-233.078802131033,405.462748533262,365.213362638791,240.331843517814,476.658781271347,511.162106734105,326.725600340383,457.842938647714,391.421165868636,338.140123306915,385.549342574219,398.966022940082,529.249036014205,256.291798918519,321.725082907807,349.095577036853,394.194712745942,464.073194991045,267.630915199046,271.360733231746,309.853622999499,344.795821656091,248.963745515457,259.930479856651,257.981807683874,21.7168090692969,-90.791850822457,53.3576325048399,-138.499301621243,235.42276762459,92.7513115982349,77.2116566886915,78.6062603520642,65.1488177894049,73.805167003896,205.570527261609,-22.8697860548865,329.354175666035,-107.557608478484,23.810508416718,474.574889976543,768.010208048425,-80.0944552268703,985.952706556622
-96.717576741682,-149.597901259503,-10134.5130285488,100.163137798372,84.571100944013,88.0712128684749,290.790191068764,183.138387671415,217.83107867724,292.948594671989,-34.6337630562887,0.818060078861869,130.091318946003,-24.2562950145032,-304.80705893091,-473.791768390652,74.6749931772363,-230.594472213066,-206.374623468476,268.770254042617,-18.5865531934603,433.913771327947,402.895334726811,421.107527427637,444.637125137438,541.846975266432,338.349482012135,426.776748425483,433.116340763492,309.720909945236,349.285135233632,336.251600439578,319.781417854757,231.450339746397,273.27996277498,270.071636697718,254.906573662502,246.790561772879,220.519359810578,197.921870155246,211.869241627018,194.105118511212,159.268547041444,131.926287199902,107.791123306583,-42.5682310727421,-291.55983552475,-23.4446955537271,-276.435371229307,16.1309263562701,-100.569255029746,-154.133669902706,-132.891742838775,-101.333068947884,-141.09857023244,-12.9214669229961,-228.499655501193,76.8693579248696,-295.585106125054,-188.960700581444,186.624154123937,489.094708317761,-309.189715718112,664.206677828174
-179.620418279229,-397.893427893601,-9899.41411618957,-4.95711035299069,-190.309532331926,52.3636707096569,229.057625744382,48.0163497840944,161.175593353318,180.309646382183,-173.311400684589,29.9411101722144,51.8776083611079,-114.240842522965,-96.491359771482,-122.321142156603,69.6189971929441,-23.5903741909897,95.5873371674642,279.434173201641,161.023625794979,486.706781629579,380.713805861232,470.6857174709,454.234059399296,472.201718078972,397.008525119973,415.096816370862,424.782824897087,328.095090721833,330.138208705655,316.607983988584,239.820154580338,255.258598211264,264.02442261718,239.531718709474,198.83038884001,171.352322519799,215.404365256183,175.340369544438,162.711821550284,126.668169481079,108.305996851834,65.8175449154462,38.512660132652,-20.4977404204378,-415.943723597622,0.121054348014383,-289.26822998224,-216.746758323848,-162.293043230216,-336.678008189535,-220.254315502078,-179.267409861512,-278.119874121882,-333.079114457571,-322.784204223831,-197.33076628174,-359.05293220565,-310.739436405629,-100.693662131487,112.738011237228,-441.213236488357,272.189884120678
-244.377524645897,-605.734287766408,-10179.6799639473,-152.440797956552,-504.21422739026,17.3269066201978,98.0716760404011,-194.835750443745,116.792946899696,-45.7490392462004,-403.218042249756,118.269087350807,-33.1989266453643,-298.537795396665,100.640228606957,129.20918281661,57.3310945436279,88.7496948439112,315.334076053878,244.888264861521,245.344442051264,501.798968405028,334.380643137583,428.363012369849,456.574631881966,353.723158293845,457.679527611645,396.834800545361,359.572761577914,358.342744553894,314.465985607059,295.17821998275,221.330919477509,305.159330380591,278.383883188905,234.705876973396,190.750735070594,176.498669782467,242.782586403428,181.1231360362,139.773362936622,108.875828828073,78.9204059994467,45.0656402560143,29.0727304785077,75.2171941162837,-362.108368057825,84.3872737154835,-122.044767634265,-346.303693904914,-125.199479966957,-372.982895261399,-200.185391637476,-155.610978935562,-266.819820750351,-609.939297804243,-305.813229369006,-382.528759821101,-322.140331462987,-346.572367028243,-279.834592872554,-266.885635415129,-452.823136591453,-71.5814735714484
-296.619571439743,-699.460835383471,-9885.38005072445,-339.072022815054,-719.297730757239,-20.5160413339745,-107.104418409138,-486.474907537313,78.3852808567948,-349.96879015415,-629.212445812323,220.930795031947,-94.7539233694768,-508.595253863667,235.675355715356,261.016077237813,36.1511366469381,157.503088868876,411.522048673528,205.478099333666,303.805062525714,424.388267689455,286.361886639551,401.598828142441,362.927551196763,252.474506882471,439.204564061057,323.165266012555,276.350149037381,330.400402281257,266.939336265037,236.542271654383,163.982833798986,315.152461009579,259.180863239437,202.756577332344,153.439917442376,141.909804347202,249.461383029428,165.032408100548,108.361274574377,78.5351840750829,48.6428152278629,21.1030978413983,13.4362160128518,172.84139873461,-147.534635701007,175.000107558227,151.929780937381,-291.544618316528,-57.134878473307,-243.760386426719,-131.084490212525,-66.8253864232315,-135.667613993276,-686.053019055504,-221.557873672491,-425.48265435395,-230.567388458366,-305.68696786892,-312.306999257373,-522.517170244962,-353.666316513523,-274.008408877136
-284.961754153949,-613.148035077938,-8718.99373808633,-438.554026834693,-687.143850864059,-24.8543467251455,-261.490996344017,-620.828753129588,72.9190754991462,-517.768966186412,-641.845653897656,288.833068602833,-76.5213652379798,-539.356054781586,257.441844883706,312.966182581746,-1.95826034624792,187.855351728516,388.459751414369,132.139424148697,328.590105659304,234.522257534702,189.992438108969,360.108175813585,156.078947383759,138.4213501778,319.158568862601,173.327393709155,177.815242258861,225.667676528431,168.259826138524,140.170710166577,58.8624583492385,254.013500938223,180.926322461823,124.006601141935,72.8442664445664,56.9951719024179,201.036348516255,111.247262021356,57.1500464296699,28.1233636734885,19.9504658295266,-17.7361147992496,-21.8360042898941,223.036799393905,105.515771575655,235.692863660134,356.299989230722,-88.1913184529098,27.7303286289786,-42.9650053294947,-16.1004294421003,39.19852794628,10.6918078478035,-524.677168710929,-95.4132873636592,-347.601294648631,-88.4522259544468,-180.994145532584,-238.833586474387,-552.98397831668,-176.550908467955,-306.599700183666
-179.990523520582,-369.038638876559,-8921.10872394573,-357.874242034528,-426.580199267205,16.5845604348198,-257.494042104641,-503.398773774713,109.012047607797,-419.901882169083,-430.939978716053,303.579378539595,5.7117610137303,-360.786354027965,160.885172927559,282.48776268507,-57.246476060898,109.10580000545,270.819216437767,-17.9386976741107,234.436407532964,-11.3438077999701,-2.91166033364678,200.451610512606,-91.0941723500768,-52.2017935127004,154.132153314478,-28.5398518019189,24.1141876650008,82.3656026325743,25.1164133698345,13.0014547717102,-46.0014619008694,146.674097728225,66.2130922444744,14.0110975690818,-21.9401682535693,-21.1080517213671,108.701172254627,31.5239524280911,-19.5860559865078,-30.2083016631328,-19.3366039825457,-71.9538288222253,-65.3346772715752,205.744297021455,237.677023664093,205.317315674898,342.086814073479,112.556810000542,96.5228898035447,81.2020276260176,124.017193750666,100.207815386781,60.7610035518391,-269.094798590595,43.535602825752,-240.969006105658,86.0153710010895,-18.4648729721378,-161.033839983079,-413.757353017368,20.3060202673701,-257.894063792515
-45.8146197521302,-76.1293402072878,-12421.5597006737,-171.845314206426,-112.762927314937,27.3627348987084,-161.18338534674,-280.793261335311,115.785686677953,-204.619398180107,-210.437224432557,238.820068663676,49.8565903350439,-179.13319310298,-15.0717562856646,146.380267882812,-119.435945068605,-102.395330932844,78.301690741354,-222.027139241421,-0.177699560703197,-228.915114784528,-263.942820972009,-93.1825860743763,-308.234151561054,-304.262472692296,-9.04348719379301,-243.22402361734,-201.350486641067,-72.3029418255085,-150.479843122491,-153.009760417921,-159.848902020505,16.5004414898757,-68.3342051300419,-124.405534598494,-141.785437740893,-107.620144069652,-15.5990766516306,-81.1236471397162,-142.74050046859,-128.61897263881,-118.411847324469,-176.498164761051,-153.007028638051,110.196766386837,162.079164320154,33.5221506170996,129.854123696931,151.659282004556,60.3922408327097,53.0094982119824,177.42241720561,57.9616474010675,-15.0733754879718,-123.434164656899,111.732449647331,-202.748778539474,192.142174512108,74.0290255104313,-150.109543277429,-289.817400871749,146.561243752293,-240.469721452181
20.5154077078242,124.269095889634,-17019.2258464447,-35.9304911740578,78.014203880424,-67.7459946455418,-120.54341917277,-147.716677347827,8.78336390572363,-92.7606989487942,-121.430793301478,31.8323129825379,-16.6177564255054,-139.318381773204,-267.192614418115,-91.0808967555959,-212.047727512016,-381.945984597376,-201.009729509486,-430.257016107084,-313.722492975745,-412.506338638912,-524.858286727155,-444.305770903075,-500.65139335337,-552.188890151073,-196.918817935759,-452.818431394133,-473.282266991233,-256.18538035695,-357.750642755347,-368.340838497875,-343.046795037212,-153.287678240948,-241.689600050741,-312.339350739136,-327.523389312076,-275.002170119881,-186.360971953871,-254.387400570111,-319.295444271957,-300.468619541564,-293.805912690495,-352.689460917128,-322.174419510035,-35.1595762071809,-48.9114996751241,-212.366257746178,-98.0360544678765,-7.08002224038955,-103.090222333129,-73.2232676611904,59.5550218066112,-79.9128898701946,-140.125960925081,-170.56364313559,35.8712421790115,-245.73994918577,127.959375558879,32.3238874073846,-172.357079719079,-281.337969484083,123.8692400856,-249.146858256493
5.46782320243597,149.22021293557,-18235.1428129253,-28.7489237392324,85.2763590362259,-229.404548785141,-189.262277082364,-147.232673668866,-215.098823847294,-137.370474295515,-86.2350250840843,-318.948556880974,-168.983619290699,-139.456230331882,-585.343948256656,-356.692296821167,-325.641088906184,-608.249643125869,-511.770229321784,-576.644073384297,-593.247864441388,-560.330695886757,-711.912517673513,-738.376823415209,-652.495337029916,-720.135405564627,-386.709964056793,-596.736388228209,-692.119208763426,-422.883030548587,-529.266203815247,-557.728208916899,-533.807968205087,-314.389957482443,-403.557841179381,-485.040499580357,-510.145348599653,-464.287879229674,-344.996239450669,-422.554769038618,-469.914306041063,-458.853128924662,-440.212174466756,-503.224439424773,-480.517333034644,-136.525757656863,-229.396578869798,-365.657119466405,-169.240431194555,-237.497629135068,-261.785352869641,-166.321949857579,-125.076609430783,-208.974092989824,-188.218258115432,-293.142630077149,-108.443226315479,-266.520870021089,-34.3016584189394,-70.239200433608,-127.296781309355,-278.467340037433,-0.834016647135748,-176.651744918146
-65.8651047418588,0.802494853347925,-15042.7646486242,-173.847084137759,-77.8445054864292,-379.73016393768,-362.785665922599,-267.16501839998,-518.956419600127,-319.062442430022,-43.8671022946746,-690.568646469589,-383.942545523658,-70.041049218436,-837.007215940972,-518.181446933723,-344.675875296787,-645.033150538036,-671.573586739517,-564.10495325618,-697.308389035066,-571.801146344976,-744.904363268949,-854.217695840718,-659.028896057066,-722.676632742472,-445.088825211001,-569.322266013362,-719.847747227015,-438.408020454936,-533.25418839767,-583.2187863749,-560.816128960398,-334.563219528818,-418.630605298478,-496.053591266561,-530.374553705765,-499.400424514529,-359.282856740822,-434.119823753834,-472.766393008568,-460.656656667222,-425.388632568188,-486.564588939403,-473.81833072882,-128.173802702653,-327.563130835851,-347.561172022754,-113.01619747797,-410.691051962931,-286.788561373394,-173.972220388544,-200.164955955324,-248.765428408763,-132.518600585152,-351.303013292789,-170.068075052953,-197.373428598594,-114.80562564433,-132.626621336223,-19.028987418328,-185.616729327269,-103.328855792354,-29.9217215579197
-219.42001951927,-265.714372224031,-10982.2525100828,-477.936153459446,-369.59588513301,-527.56372628374,-645.446863615634,-521.620531166997,-878.247208093954,-625.258861277763,-85.8099116568568,-961.816026646331,-671.079980983431,-18.5446256071678,-857.635717840448,-495.352035870985,-206.995128421086,-454.746892137954,-557.221983518254,-375.891413008875,-565.844660017608,-405.912662822256,-603.444701182629,-736.052124707577,-487.889859381698,-547.905292085865,-331.166916144026,-385.739603514578,-554.61208481005,-289.315405753541,-365.846592527466,-442.941432020138,-414.265611542476,-206.573266968401,-273.286977791024,-338.388307125045,-381.013744592207,-364.929215752685,-226.361963385679,-278.072499669008,-330.560037583088,-322.163218054463,-274.955080086318,-322.247564267624,-314.501839482136,-80.0051831028007,-433.184316810461,-252.809679546712,-122.137417354833,-530.425862202727,-233.907604827055,-195.905131034454,-171.138312945882,-270.867368149314,-124.850012621134,-394.177220510908,-147.534416008559,-157.48081791692,-85.9458649354913,-196.297557389034,-21.8700950963672,-148.32585048471,-172.116234228154,-14.8856143225727
-407.226055644121,-500.593116899642,-9021.74393225811,-793.387993595868,-652.550481996052,-687.162593242996,-927.540551895516,-787.349424330971,-1191.5917991054,-895.256303739876,-230.651449943864,-1102.21668598008,-925.114818792751,-57.7452146614157,-656.049552272413,-334.700596011617,-48.8986597476279,-174.438876783614,-279.205855183415,-152.127485949479,-298.528059864073,-221.93215805288,-375.629726212183,-460.02568756339,-282.228133212845,-309.744028864739,-185.866462130426,-200.744180828583,-359.633381159401,-136.270232976606,-190.955952793275,-296.076102832004,-284.728638856622,-87.3835752522768,-123.860298835416,-183.008113413596,-237.819403566776,-246.005917969292,-100.490431700194,-122.832740712283,-186.990888209579,-205.113055052755,-138.292710246109,-176.305363079614,-176.212676089809,-127.286594121111,-563.105065148675,-222.04903722895,-295.127521572913,-630.837012694939,-236.150837775188,-327.682355106911,-171.22040051658,-377.491686120363,-301.032887237415,-539.884817219922,-152.355305761978,-282.35483438608,-57.6201076866695,-331.210394795928,-228.330823621093,-315.005039872249,-252.39172897145,-235.810005604448
-422.535079833327,-499.037769472208,-8129.78794259552,-840.479674038152,-754.584239261433,-751.575678873382,-981.456158079899,-831.931370075178,-1255.16896677377,-897.591236178548,-351.668381986026,-1083.12674470043,-951.233393567892,-111.18157779981,-411.544442671565,-164.020763239607,-55.6193579942928,-14.8709660211501,-80.5678668245232,-78.4305966222736,-95.8707738787837,-217.022463748577,-223.288304860166,-232.912242322136,-216.103896541927,-175.942348542931,-150.785069863269,-136.693223589876,-291.187333116302,-109.658265532176,-149.582451577343,-275.733587110164,-317.646169593692,-88.425046026591,-99.2407337821432,-167.324274764047,-238.487762198952,-282.979857847027,-97.2816466412306,-103.819787356291,-171.781537380221,-220.792208674558,-126.973784727136,-173.043347240338,-186.217848430296,-315.698589198823,-640.0431705474,-321.225620270884,-552.139187777234,-705.624438351784,-320.499482891528,-535.924069511792,-241.006867318103,-524.636241935675,-577.57613259322,-738.740018776934,-199.942749598423,-491.252219196599,-54.9635358234793,-438.992549084069,-462.485528921992,-552.673165774141,-261.734675113011,-489.257479355572
-129.751775619665,-212.399221123625,-6114.12646003905,-529.992104885515,-632.174285609397,-579.457193553066,-720.4865503271,-607.325466054836,-957.130738426402,-644.776405333009,-362.856910972072,-832.192907676402,-699.509528828612,-127.955167982136,-230.572314245257,-64.974434882816,-208.849966279731,-50.9585051896413,-72.0862041515489,-192.085265287773,-91.3967434857886,-377.736598678491,-253.985849096963,-219.761115341928,-302.978679834138,-221.491337129111,-220.666324102785,-187.407674951409,-357.495361346042,-185.856210343589,-231.742334814809,-369.328068793123,-471.760398701569,-177.989744444674,-182.783564087971,-266.377119607636,-353.482400665353,-432.527086263168,-194.398137112214,-201.238615467091,-273.807063451546,-336.192859120902,-227.015233018209,-287.031004379634,-312.923148874201,-529.041733137516,-643.134362597473,-473.156761903525,-753.748788401066,-747.532760719641,-415.745971221548,-714.669976043678,-329.781325247259,-580.09828071675,-746.284262799455,-801.547176971779,-224.572893048326,-584.332578043925,-27.8382054979043,-383.143131329404,-500.33528077727,-639.992949351844,-111.68192364112,-542.633136381984
330.174837147994,177.851888227317,-3234.6360653161,-96.5877230004267,-358.34907303462,-169.133143115867,-321.009956645192,-305.946638983773,-434.35718676501,-376.773883334618,-280.706034894811,-351.38142123145,-320.884696309213,-132.159451811949,-28.384054939927,9.02104457632761,-292.313061002412,-148.348398464786,-128.542237812108,-324.004676468514,-209.691750883385,-486.911883058531,-378.754170626054,-329.645797678097,-386.808617909667,-326.616195863565,-279.514894171608,-248.653063203263,-417.346588560096,-245.153303743186,-307.420829346578,-439.006536941917,-579.701701569577,-249.651183335655,-253.201521992879,-336.101843566768,-428.385586199405,-524.559781818731,-274.375270324385,-281.008839309497,-344.633883299519,-406.303406378073,-299.280247477135,-362.558336564934,-402.592655241501,-577.510540261958,-542.216693317555,-460.022381156277,-718.354490580841,-712.331991887166,-441.650273789536,-740.153270225466,-411.923521410865,-487.758132004193,-669.620908813241,-624.885384403722,-231.144104451192,-474.81197528088,-16.4900840209947,-235.414262333274,-323.798142932851,-550.503041513099,63.563176771564,-403.664056620815
685.820163612955,443.335242311556,-1111.26453171438,181.193468199729,-42.2532741307505,295.779452744273,-21.1181611574911,-125.894707062186,34.6322449309024,-254.231917754885,-207.808102566812,172.778287435109,-34.4019604263958,-156.930231011254,228.733870398081,96.0020214499196,-223.885550288212,-195.360246331604,-131.605550724377,-353.057411267116,-318.043871783577,-452.268517066739,-455.644566037618,-383.509255623977,-391.325325187466,-361.917852973008,-289.401498324674,-276.154268853944,-380.600166092958,-248.365083967811,-306.815028974246,-403.002596259667,-549.722670216019,-263.207541561396,-251.702438750984,-304.270502862951,-382.202795351569,-470.203653804079,-274.930220874483,-266.119961018935,-297.106134112186,-351.357120202657,-255.779651337431,-307.497319327823,-363.71457465885,-436.817082662798,-270.488768995116,-186.062277628902,-334.182031425072,-559.489857180922,-406.271282802712,-547.28230383701,-515.565919014256,-341.077109987303,-378.006943651796,-318.437197592916,-307.861374843449,-242.150853698336,-125.430312674977,-221.265881625525,-79.6689212719958,-389.046499556907,30.2206855274311,-203.79922358655
828.715452276708,530.390775492529,136.437364988562,290.140322936049,216.24942173516,597.506349280991,131.690430453251,-59.0188999090457,285.537099523133,-205.009929457857,-241.770216604965,499.664796784809,44.3365766145485,-224.136931604968,385.520876130513,132.948829213714,-189.216392816792,-252.118433113298,-134.299950232376,-396.147183885391,-437.959547550915,-462.71542270636,-528.661884301054,-405.27210085352,-459.947594167906,-416.637679109528,-361.635841331926,-372.209642165608,-353.18117797945,-306.976095899024,-329.033115251571,-361.552510162434,-476.956296468904,-302.280651623882,-276.504669119528,-281.758420909149,-329.34347612135,-388.768032646435,-282.938434077974,-251.102230636592,-238.107748507572,-282.047025446929,-198.28213037986,-233.244837885259,-292.864290946576,-293.060078471109,53.2187675573011,109.430880427721,155.935705608297,-394.973704485051,-416.083086113184,-278.684266473824,-661.183320140091,-313.812243287231,-88.683465232647,-100.960444178576,-509.033162488011,-53.5183744787326,-345.383878453875,-427.218829093468,65.3422924325602,-239.294471467658,-208.045289125055,-39.705292762543
868.205133431757,568.306860961612,1573.90972954023,418.808352542398,397.890787982933,708.529923630692,280.923789867596,79.4124166104968,401.547785417048,-47.7324974800502,-279.335867724656,611.420486226989,46.5658011786226,-258.0291610862,388.197501921742,153.907338486893,-275.16135275511,-310.786945120317,-124.689479138172,-520.563585599641,-576.73503264978,-624.342370969403,-663.099155900091,-481.074969400821,-663.793987341923,-596.231796180903,-518.080199447792,-568.074397853783,-431.53197554237,-459.765495204421,-441.708902028804,-403.510269630741,-459.889901139791,-399.66738594342,-383.703724522554,-354.76674850897,-370.210948762318,-401.548613354365,-357.407161812624,-318.495832346528,-272.864971424267,-309.96958728704,-227.040529756075,-255.592492638244,-300.385397580249,-247.099083623693,149.23910355767,150.827281812143,308.370618667529,-408.409816435343,-491.447366268079,-221.310254500083,-774.053470546389,-468.626020851494,-63.8752479269888,-131.298736448308,-752.989832979668,-90.7942596154463,-527.164107105224,-679.639282349975,-7.50987397291713,-214.240038444417,-393.918794418425,-15.086747413752
881.009419543864,603.829510625785,3283.8895339169,602.997917603492,502.065402058385,757.232069205153,496.576634126954,344.212825314532,536.340497983261,240.799799502125,-147.709734100958,684.181462671767,184.677081190538,-156.613645323769,405.107901226884,293.660247510314,-282.552635355536,-213.755362745039,33.9097179963203,-531.493425165145,-574.791022275268,-718.888782349756,-723.493659656136,-547.146422203742,-808.445598139283,-766.881722497888,-595.086775975942,-701.092797777298,-533.100903360359,-561.57796028043,-539.646197797212,-458.623021515124,-459.89694287033,-452.19701612281,-464.549324141509,-434.998461478929,-430.185919729093,-454.535112765866,-408.266100015524,-389.432621238166,-345.058149437668,-380.483301401223,-282.162901835827,-319.475746972828,-345.754909633122,-208.214041627464,-73.6586079437066,-14.5914176358732,19.938514586418,-649.450450342452,-511.684413223866,-490.479095276814,-738.959011959321,-670.60866866941,-364.546415477811,-443.323101247787,-874.363281781291,-453.557760462789,-564.063381672918,-786.754697850872,-343.302718019341,-503.258737917203,-391.794521913684,-277.099909329917
767.971359533945,486.85562685637,4424.32665344362,637.320111507471,434.522192167338,775.626685567096,628.589710112484,508.201090273875,662.350992967258,447.049055715409,43.4243985412442,778.831714747215,403.166822207076,-32.8619290374157,525.525193582259,483.96424010051,-73.1964227074298,46.6859286292262,277.242770339748,-292.145882137619,-359.049346108082,-546.978205773376,-581.070259110274,-510.974914045984,-732.974102922632,-747.177030250293,-516.962567674233,-661.549065218981,-558.860856855175,-525.195020816219,-532.115236135887,-460.767745358522,-433.33423226587,-411.703303293332,-446.504806190062,-438.786269091584,-430.936137577747,-466.584296640471,-376.122895950955,-387.827916321163,-371.815159281618,-407.824987439384,-291.169773846566,-341.236264242225,-352.567714374868,-148.942956394262,-413.004769328381,-184.98252128018,-399.034134037438,-961.914105336874,-451.148656815702,-895.460100960069,-584.594314884828,-764.831127368229,-792.93033584478,-915.333846120818,-807.311036659967,-1020.2011082229,-501.443567845444,-751.158436429333,-848.405549832243,-1140.93654858049,-338.678999697738,-858.655960008817
467.644600687404,163.100366255875,4949.87559886676,414.609430539617,151.103813478953,684.507818337583,529.02106956923,381.968485243664,645.865556758827,393.939545767207,21.1952970343479,792.249993016413,455.831043435016,-108.631290900028,624.272429772794,487.633734785569,199.644190127442,238.00372964745,324.015506928433,2.05095679779418,-137.768982549573,-246.221535832906,-366.978425777769,-422.164885086617,-544.271626484532,-602.255429037778,-407.756685989157,-540.033036912698,-535.959219976694,-439.744658123876,-472.796048832575,-451.226509384647,-419.025591285633,-357.332924400329,-396.110341289424,-408.484460059313,-412.754014064372,-454.231987401994,-326.63996636129,-355.889538435188,-366.11063129702,-398.782875764851,-279.341163212251,-332.226634628307,-324.173171618466,-178.62306586139,-604.206163776399,-309.244544100199,-637.895204184867,-1117.84719954375,-441.420156130578,-1148.26123051319,-477.498683412854,-747.914212539407,-1082.73203905125,-1272.42832884336,-646.396943741569,-1459.30356090993,-427.252399513869,-633.002500476858,-1253.17209585359,-1764.50704099658,-331.322841596559,-1481.73769342276
109.933271738736,-173.928093881925,5602.93249686267,97.5630288626661,-191.660467266009,483.04741846982,274.275784349991,91.0204316879092,480.161545848542,174.006680652758,-229.958314162518,662.866134392987,295.545661193548,-363.1395391218,539.68639904783,236.893302177907,283.122677692181,140.031799669433,41.4066760866131,32.3013369335842,-207.650824956983,-120.233092099133,-349.698781120554,-468.220269953833,-441.998263835409,-575.360772008287,-382.484791176072,-464.126639141951,-556.127155706565,-400.110082481582,-452.876950948265,-484.568322454724,-462.599299354293,-349.87363682954,-384.410331699531,-411.211837177585,-435.413152902448,-465.038030504939,-322.476496030257,-355.950871415255,-379.10059779174,-399.690098797298,-294.017158302422,-335.000735311725,-301.185234120308,-321.252001924957,-528.632907566462,-423.579277169859,-624.385528463141,-995.986495945125,-531.302805146993,-1112.66558396846,-492.314292820496,-696.017236605855,-1116.50437339807,-1275.88712710988,-508.607513567075,-1512.45164037897,-366.861865355187,-435.048036279408,-1316.06210552451,-1897.88365584527,-278.691882159879,-1724.23714014802
-178.341582334539,-368.674844472828,6460.02859732716,-143.499105518698,-435.897056642606,241.454088041599,33.3370380635647,-142.556064620649,263.039881821651,-6.31152661941201,-477.578831241978,419.407815685777,94.5916779098457,-562.152373824096,229.030530255416,-124.001768705898,78.0049691031457,-245.557189026314,-429.430617723425,-280.64522879206,-628.805490681224,-297.543332608809,-615.16168466968,-770.795790517539,-496.21972216179,-756.838213245153,-439.544430363865,-468.296556252524,-657.707279217946,-417.219830552209,-498.139345208963,-560.64082148466,-566.252623333262,-382.883770389122,-420.222428402474,-460.624863616239,-504.169570852845,-525.61312342561,-366.571874665987,-401.501817315622,-430.095898034358,-437.293670340023,-346.695347119169,-369.935131511452,-317.5538803174,-455.414247121544,-280.326256623339,-495.104636859769,-472.61188381637,-679.934829055715,-615.062401583158,-862.386260256116,-536.448090591178,-637.538667348702,-960.456740119139,-967.626233517884,-421.1015470392,-1236.48024579625,-311.334725636199,-209.299119517347,-1086.17509057288,-1527.35006366985,-140.086308504148,-1498.17688823016
-437.929413759958,-492.76632524899,6938.60718753406,-346.24895429193,-628.655540935501,-38.6065066135393,-175.168624993152,-312.103946112725,17.0648463566854,-117.265980233892,-586.448722992117,88.3576836565125,-71.215869883475,-596.054601301754,-196.44965956103,-439.562385217413,-275.274996502694,-687.710251261929,-850.73963811684,-683.405506910062,-1102.21132951125,-613.845680119297,-937.307667538168,-1149.23376340429,-626.046475142909,-956.537331984864,-533.960780494267,-527.449140139218,-767.764634469047,-476.746556669405,-573.17557308788,-638.268107481861,-694.206253922578,-444.399818106362,-489.882893102304,-533.752385216527,-592.929761128207,-635.167353760733,-445.464094405752,-476.973196802649,-512.279102451309,-516.474579261446,-428.295352881736,-443.214395796707,-392.992225614943,-494.920901235496,-73.8880097649894,-488.196159417893,-339.506656502028,-369.897781913483,-611.168081755412,-555.824704415678,-516.629092381042,-557.973210937122,-713.8107914565,-591.338264272767,-351.026068726568,-857.341197376969,-254.972558527166,-54.7962801411383,-781.044094852221,-1063.23563228026,-19.3982900019029,-1115.55180847177
-719.63856340245,-629.732865146683,7057.86764915998,-593.293042135452,-825.313289822287,-383.798534160195,-443.844043417304,-526.129466333643,-301.125701752518,-292.595397608276,-575.540032896168,-304.310721223927,-283.329978394428,-545.456732342012,-549.632799227537,-615.430381013171,-515.913571115669,-906.434382043761,-1038.08818581605,-854.332252364134,-1228.28482476213,-792.082445463571,-1019.18412437865,-1266.656151136,-700.174448700494,-972.587800474005,-611.68771863129,-594.703470986996,-790.860716965771,-551.397215955632,-629.817776274496,-680.179864359468,-790.758986538027,-515.295452260611,-563.368734156566,-598.876694757955,-668.053103706776,-748.749826857553,-527.709220507281,-551.811562836428,-600.801199761201,-616.713630840229,-518.002403167297,-535.24091363999,-503.52619920714,-457.39882004121,-7.44181355574431,-426.443910483526,-265.413336654449,-152.984566634566,-523.270478319429,-271.933818848579,-425.288706846165,-441.995527950326,-408.414196028089,-268.637131339807,-268.347807885722,-484.757113286393,-198.757741220174,8.8372005997036,-487.81306372822,-727.621432996097,2.30847007642284,-805.863258741401
-922.840154130463,-695.568653454778,7399.80434159703,-799.509097063586,-892.405271133645,-717.497715127936,-750.287911812786,-737.889938438917,-657.213491138196,-576.579401872086,-441.8785280755,-684.496110725813,-570.396439192201,-469.850918542971,-734.548733470676,-615.170012434395,-531.340606385073,-829.88041852774,-941.421252766029,-746.309123006141,-938.629137371584,-734.96529452498,-840.450746580925,-1068.29289676404,-663.352522473489,-851.262590437454,-619.915398023203,-618.304071679599,-751.545108405294,-591.383120072677,-650.808156647019,-697.908384154097,-832.476992732316,-553.814817391068,-600.999496915779,-637.981538555304,-709.303931734875,-811.212468677304,-567.030267577184,-592.660875965506,-660.692578268794,-693.845581162533,-586.855466445752,-603.508633031782,-587.06146221631,-379.715566751526,6.61186406761384,-330.138068048948,-175.751211667183,51.0610402616943,-371.082363545528,-11.5450474175129,-279.78273342993,-279.480278095527,-80.2517517865627,44.5626586996974,-163.547271536381,-127.654055689132,-156.014275290656,30.173620676245,-197.515194444825,-404.89816579326,-58.0300049757593,-523.739741754809
-944.116756736827,-613.3659509035,7967.76394169645,-840.85205556987,-735.680551360911,-912.147215579444,-951.353785757095,-813.009708434608,-946.493365647043,-852.692333290294,-209.700276810612,-982.19027101765,-854.888452636669,-365.509310341677,-820.44929465422,-511.002217865432,-473.832210629726,-654.289287293839,-688.903796495323,-602.810822295573,-565.486978750841,-603.070112602321,-648.595833956784,-835.63338511602,-584.031396959014,-760.11317553642,-561.34333491334,-588.560890538035,-741.550320181633,-571.648950869897,-647.023384820522,-728.195014171553,-852.17416746446,-536.831437987611,-590.873271513668,-651.896080023479,-724.543107799102,-815.701873105151,-551.452406180441,-590.479260791047,-680.154912590668,-717.168822115887,-616.912584510226,-626.27622983807,-610.823729122794,-292.620122865839,40.9167094646681,-211.402439848186,-52.1697868666847,278.604812154386,-201.647233098526,185.099523872996,-123.926007498337,-90.6677653611812,174.358692401209,310.567526774551,-56.9892359471673,141.229790761264,-148.107785133072,23.6379012400464,10.8414428979162,-56.5984527648662,-161.690650142301,-255.969172076882
-840.861178053695,-465.479214056887,8290.79509141954,-756.330296067806,-489.350831060064,-934.512811863296,-971.009220144886,-760.274485024166,-1087.01977764206,-987.022202035731,-51.0598924034122,-1170.18823509546,-1026.80888062631,-279.801185034145,-904.326229511555,-446.647442726522,-527.674886121808,-596.444905212161,-490.785671526591,-619.662694626826,-430.648899461403,-577.435534224668,-609.181088555444,-756.238979678244,-551.18486534833,-720.528072907923,-494.142907937483,-541.600464883154,-739.610482679783,-518.003453686275,-616.763093756911,-752.944956235509,-870.429731578141,-482.023397749282,-548.111723674127,-634.761098263761,-718.609210073775,-792.370704460329,-509.762984419305,-560.766884219367,-665.02458063628,-692.75608332295,-606.597302465489,-611.894914206014,-595.817143874798,-233.220590518157,50.3605990853844,-112.057117533027,24.1457132973655,424.878803243868,-95.6530214208113,251.018861065662,-46.1348178581641,48.0887880378018,270.962673469703,386.540938264174,-1.79684214509448,222.001762129192,-185.246417331814,-37.9678194107988,39.7455882416338,162.695309678787,-287.307660026838,-115.762632733415
-708.558315797376,-344.419631582278,8505.65386509815,-638.576431916612,-308.973223386307,-840.230382657141,-840.499833298986,-672.094781398182,-1032.0675016252,-919.902400602181,-110.877701265158,-1194.52209225873,-982.654254107918,-275.141979727527,-950.787044688024,-476.615112789105,-653.233530844411,-643.482369681539,-443.97158282153,-712.488783362606,-503.175118249514,-635.105191859083,-630.30884521653,-708.438116699166,-557.319639522821,-627.396154292061,-458.265080687114,-501.150936451074,-636.976154130657,-468.393120562133,-546.134215780099,-705.343047677207,-852.758093124022,-425.363474288195,-491.662039816424,-573.359746564457,-674.611068874279,-762.548153893243,-469.417416559174,-517.019267337974,-613.992007660399,-641.258035018485,-564.557829557151,-572.363190149796,-571.397945681752,-226.630047778773,-22.7274549638739,-82.6317688584784,-14.5156173452232,397.387207989837,-85.4224444828666,183.459648445042,-83.1361547755479,56.4556508693274,201.342241567257,240.101211996224,-31.8263173552069,117.62136990317,-254.036819350917,-149.132626539093,-72.4907636586398,182.265200815925,-404.240919404621,-108.317958350484
-552.647582958301,-234.408008967255,9146.511843784,-479.136209928387,-190.890575319051,-680.765563746749,-613.691359443829,-535.664708671959,-802.712904344081,-673.943777504426,-269.511858720739,-997.05616818355,-729.102109947024,-304.593557786014,-842.427045777521,-493.514031539024,-669.699107092527,-602.888188947335,-449.592326130336,-673.067224061073,-523.037482967795,-612.059525405284,-548.92219384954,-529.770975095018,-516.362776813961,-446.749848919894,-427.211820668939,-443.092745633033,-419.044219844376,-419.962505315198,-433.36855936218,-556.837976525097,-753.002393334307,-381.044373817736,-423.401803143045,-466.849023366529,-570.60788846344,-701.994722544126,-423.170950989428,-447.998007675541,-518.29875075995,-557.758220090386,-489.113093556195,-497.615287797479,-523.940973799779,-256.717573029796,-135.016974020918,-116.132428208856,-129.18899077428,261.551627077619,-108.48560425381,64.875467681653,-149.207772928905,-35.5939881256803,49.0758004704875,24.0136602322111,-101.341171695352,-35.777270257383,-314.753745692069,-232.806762009837,-163.130989941849,131.914292901226,-458.644790667435,-74.2355979614541
-389.048236631172,-136.071276745321,10022.8031621424,-288.125862784193,-90.504531037317,-498.002268976626,-364.927279085441,-318.345549954109,-528.276184774532,-359.00201081453,-294.711808591075,-662.20670128523,-424.609413222939,-263.74339475683,-562.641678722652,-374.921284629688,-512.326830117958,-363.81530335965,-364.713906085311,-444.131885300351,-353.524685352889,-428.5648216208,-344.005614120132,-265.853393681694,-375.92590603314,-244.491468100242,-353.946697900099,-331.219872381281,-187.274630552552,-339.146624989535,-289.325886441352,-347.148051250337,-559.785105568848,-327.997027815042,-325.681503788391,-325.642359096785,-399.453992877232,-555.560863504031,-345.325950347833,-334.770366293426,-370.756551571535,-413.828331080409,-361.9479428903,-360.575256561187,-407.85713231132,-264.900941602344,-152.528059423572,-142.826901899604,-186.467934608987,197.18138025453,-91.2545189815032,23.0762091498919,-156.167538928581,-101.623276630007,-39.1960389414131,-54.6527460666238,-152.768629531378,-55.8852022917338,-342.646398102338,-226.692925468698,-80.4243486333551,186.965423831986,-428.655217023135,118.063982543796
-313.535049068152,-128.701095781831,10469.9492116808,-195.335097254321,-38.8853224574937,-359.32953991358,-209.944923772513,-139.716496540668,-351.248420273886,-136.230080687164,-185.809056111129,-388.159771497606,-225.899282496173,-163.170185976116,-249.235745011658,-177.787337519433,-303.196756028886,-49.8742950840117,-217.811991251325,-166.016561048223,-118.658686965994,-194.54290242682,-131.068265253512,-76.2055104622332,-191.66744344439,-83.9499205811119,-258.821641721156,-189.082520604913,-32.47809908262,-235.666734965398,-149.867158122708,-152.62562094226,-319.830294251734,-259.973738585998,-212.303379962377,-179.948382020228,-203.072445823251,-332.258756659514,-247.452546787231,-202.990537742774,-200.202373532512,-228.650911883366,-205.670925533927,-181.261933281695,-234.727232747144,-229.769573621702,-29.7118005718116,-163.48035533564,-121.931919495693,284.933955771101,-73.2110812796887,101.949734376877,-154.144935874319,-112.211010603925,-9.2040500902167,70.4703115110556,-226.267672163747,97.1441739774702,-379.997210016597,-210.005564879709,143.671218939833,381.03846046256,-395.310821233378,423.649534481134
-372.96341403822,-216.628839819178,10529.9761252989,-272.153637776791,-54.7623550977544,-316.706635638665,-223.09010608426,-135.437469577903,-311.342351203213,-109.063910583758,-136.762154679543,-274.066033197012,-172.736114070224,-122.140306276646,-56.6955768925566,-84.9754413061094,-186.936699635871,127.342515288099,-168.725168489346,1.30738836657729,-5.81868451047763,-67.5339915373416,-12.5721823350401,-27.5276625015359,-63.8519627773799,11.7280604444078,-208.222256769879,-93.8900290829744,31.0545965798554,-167.861332230151,-66.8935454800287,-38.8283314843083,-116.887776854172,-209.35099117179,-138.673809469449,-79.1956612285043,-60.5224645726596,-127.8776295447,-176.246409917922,-114.179644527376,-79.9765871265679,-87.5519151955871,-99.9840297894094,-46.5405266199488,-94.8492415456428,-208.099597185117,74.6756667628427,-266.978793148917,-52.2226470687069,382.844078766928,-144.523767238802,169.715698553099,-224.403945352864,-166.097002928355,11.1878339137993,236.365095370346,-361.821667692103,240.431970416156,-456.250619169247,-309.20403816395,283.071144576938,565.752817402711,-448.16694621744,654.815611732491
-480.946745569731,-274.267114962057,10720.5379183815,-398.189551061122,-73.7132086065876,-345.948544857473,-344.498365516532,-246.862647362921,-355.075098335667,-233.664939380207,-220.254486681255,-266.641026415998,-226.348194510042,-192.803451198443,-32.1825046844818,-185.250586284624,-187.863283851559,94.1993784118463,-284.582444313455,19.8213992855114,-53.1887396513174,-64.8572023034448,2.98555814328058,-78.3651094448313,-25.311615921223,21.9911812455031,-213.645097852297,-90.8361812433554,14.6442669653416,-164.462064291395,-64.7187434945388,-27.3754747318257,-16.4735653348623,-201.020725695442,-136.675008735779,-60.5805882283898,-20.9399146014589,-24.93095123019,-161.541345971026,-103.965099711148,-61.4069379514167,-52.641146411489,-96.1253815945012,-23.9645017189161,-53.7242385717607,-232.786453949831,-13.4763338486185,-411.922891916293,-114.426979467621,296.052592838409,-266.566313122761,69.2575041129597,-316.117557756269,-277.296464916781,-99.9509784278894,202.601267036492,-472.236366316981,175.760047809913,-509.382239185017,-493.981186620612,180.914682427182,546.733207809404,-540.326039751649,643.04652248545
-517.007345496213,-207.684082109672,10902.714862374,-402.727600247653,-27.397247809085,-357.276474616047,-415.120733520856,-295.315632480724,-382.501950685903,-340.812136753792,-312.624855894831,-271.168152353541,-301.064342095281,-290.60649470063,-106.843145366143,-397.123326836665,-230.785000267842,-56.6564014483497,-470.792444544968,-38.0185104142908,-162.250649349986,-74.9681402605834,-31.213872727855,-174.231125624089,-22.7919784520437,-56.9444167929513,-213.937606243364,-142.217400218936,-71.8135805936005,-185.225118709695,-115.766503081843,-90.3701711519549,-25.7233720726688,-211.832889004625,-174.623272571331,-110.720478978556,-64.6355108557453,-25.0363949557101,-186.028447149937,-147.210404480494,-109.489873925064,-94.6414033266082,-149.08185207402,-78.6879304335471,-81.2577045462876,-238.857248693441,-227.225727365296,-412.714542755887,-249.22807001995,40.8370879608352,-309.111905171458,-151.397161891789,-335.110357357016,-327.165739395999,-262.064976281506,-68.1435634194426,-477.061613642947,-57.4514075172838,-503.973886928791,-636.138016386896,-42.371696221034,288.237115691539,-585.682358078296,405.635100796889
-438.668666754741,-57.9348325668353,10666.4774069155,-240.005530919949,80.4486857957891,-266.743450048508,-317.945766806277,-179.91596539028,-292.695089633298,-272.945500941126,-288.544544375516,-198.64458679003,-279.560716219947,-301.396594031624,-143.12307050995,-553.742650378191,-220.503146088865,-163.970347744937,-573.715428238344,-52.9715045592044,-197.763989256112,-1.27154652449865,-26.5427283053712,-226.297693117951,23.8582074159181,-132.065642051451,-144.73870390474,-153.501549730138,-153.290140933192,-158.351605561049,-143.933730015467,-149.838798066973,-79.3162182995327,-181.29541908512,-177.765273824201,-150.25416562776,-112.121694109075,-62.4665805743363,-182.605537883186,-164.373114022837,-131.362321829312,-125.188607746701,-156.923512889868,-101.971974300001,-96.4063016671098,-145.827148768133,-318.648135225393,-227.837141440956,-264.6275290365,-146.557759656622,-231.905362422808,-270.870110103782,-278.916968795187,-248.224811934026,-294.773450504828,-339.163452391755,-413.879828169293,-234.534628871929,-484.005385454381,-676.606309918465,-156.843726509374,-30.2511795389027,-592.309649323241,139.802318352602
-280.346538576586,81.9758471361098,10493.7301726643,6.65539461777396,192.720885584582,-77.9765751344104,-80.0672894471954,48.4460501652423,-74.9276545243957,-35.4544326018214,-158.598284988901,-15.2331930170819,-117.051730445741,-204.282436762963,-54.3173730317869,-536.451906534137,-110.546687351214,-113.950208619794,-504.848627797871,48.825220936474,-73.707098285654,143.644307125953,86.8030448801318,-109.456296625598,140.596300690471,-68.4424886147196,-7.37934092734016,-66.4489617972467,-112.473066937401,-57.2278759418428,-82.8507741287162,-118.704145195282,-80.7309999945314,-79.8736743363345,-99.4387914534437,-102.148354961217,-85.0590472210851,-56.1834914006957,-101.228575896325,-96.1704495403391,-75.5978775471998,-83.4579484791498,-75.7286815440358,-35.2201786100003,-51.1745701829379,32.7887199547785,-164.362856903375,-11.3106717139828,-95.7861579619219,-101.376053589578,-89.4150468694601,-166.003882944926,-171.939815150882,-93.6634943512372,-156.783583460234,-368.501834975587,-302.785292459725,-227.103670043174,-414.08123739193,-599.821845442384,-119.738635513484,-197.347337836842,-549.509109235733,11.3842636273334
-99.680135348505,171.801716506168,10938.5553476899,231.667410816742,258.51380786523,113.194221926334,177.298270037098,260.472606745486,161.014933892405,222.962066862542,-8.95794707707809,180.751149532004,90.5495663185831,-63.9855195820902,90.2782892916238,-372.069841300384,54.5103387206715,63.4496648170239,-308.710595515614,212.674208429856,166.777417005312,270.06793804909,268.141071462594,174.711109857167,271.451943774888,130.296451274778,136.506854364601,75.4372551052593,64.2718430313048,72.3862848259053,52.9426684137495,20.2670081742351,26.4250044439695,47.7402473540377,30.4754257079906,25.3570475630584,31.3063623909772,39.5603222110486,19.7067106725715,28.923823579481,36.4681473564507,27.2899838931929,44.4707462852043,81.8288185355577,52.9568044771931,202.731223379089,115.147320775608,135.267284285411,117.811032527226,65.4278567198006,67.6599485825674,56.6480189246028,-5.62926892541889,56.1346716238823,13.940349591594,-155.862417173606,-98.4651651015068,-103.747062603898,-180.817495052126,-386.544612546865,-59.504462477236,-149.066948047104,-357.01388849959,19.358051103446
49.1898174503902,216.4737150461,10851.8220428715,376.391061351157,263.690964099033,221.956101544649,353.998038307014,372.391952568852,290.565100354183,373.975972551482,103.594265666938,251.176744807007,210.747024266165,56.6115862622895,157.322352165623,-188.955181386251,184.503171965091,231.036204781437,-107.292691275146,324.031779604767,378.618897319313,331.010067169986,406.206566465915,446.559300420936,360.213382721883,324.263690872352,248.119643030933,198.98800554724,268.313567298205,184.848201064957,199.874245046373,208.107138791511,225.304849511807,149.228146595156,158.680956103869,175.742307665436,199.134122810966,217.609762299463,120.804252288964,152.960746859029,172.887103767571,181.189102093743,158.535853596118,202.876226539965,201.67941222862,286.577046121891,337.160785822198,225.57889185257,216.928370253208,145.722165208005,192.796843252571,216.123515013372,180.65088631455,154.05528020054,80.3689955580952,131.006847785035,158.936660852213,33.2927226910075,179.738744312997,-83.3452679364494,-41.3671988272426,39.5095904620695,0.502929095721894,86.3790499003005
112.823649661799,197.873987465163,8379.35560965843,401.663753268677,200.909152412004,238.414362719707,393.7331080121,370.635398570591,266.682286054508,367.151797913339,136.64935709202,173.891719318416,185.895032415796,101.670154869849,98.1222362890307,-110.276242591752,219.158891724357,265.810051071449,-3.24813338410001,333.845894351036,439.405404797024,349.298024036314,440.21888426589,539.086572529572,400.030952870196,412.844638618166,324.683773100525,277.520041327215,392.559028514378,268.249009746095,305.387428701855,357.899033705739,414.99126258924,213.24897116986,252.864601150101,295.942437311926,347.687196600937,398.333902359299,192.325938666297,246.214199132569,294.923816478724,330.055406402019,252.815331390081,305.290857539175,344.771977268246,260.101816647321,418.634652605598,239.394878130059,176.483643072621,100.194956435182,221.469500312344,236.280998079369,274.065058191238,173.773808598855,40.4079623819037,327.104649027158,306.744144336035,129.83801903696,444.276803892395,164.709061494006,-46.1023711838704,210.103054110981,345.093464832388,137.462016090891
52.6758457121296,66.8350917169674,4087.64272684097,272.431879603094,43.4678489801478,180.916196697771,278.115253852498,255.314357403841,123.685151246197,200.886635365837,32.3626520160716,19.9226035518674,37.8716731985694,4.09979691947802,-56.6482493374799,-188.867588753826,137.864722910137,126.672964154882,-40.5018179330681,248.177198210299,322.828352320642,314.753798695075,371.273873100736,442.636417950248,373.676640065868,392.341067694034,324.958566838651,289.908455689537,395.699895563325,286.009052458227,323.12013995095,389.129146631143,463.211749528727,219.443811604569,270.854378236334,323.444691334601,385.473111938385,453.719403708992,216.169815893432,269.955568882829,330.015559953702,381.881017384464,277.486164286312,334.415270971854,385.546313564608,120.536416704578,372.91859911087,121.362685759823,71.8070835127977,27.5672188348484,111.946577946012,162.672885376702,193.036287378893,98.347390230397,-25.2215832399243,340.740724549475,223.82652852146,121.196801799376,433.024400116099,221.6835014884,-102.021737333347,180.181166267822,470.518979653905,79.715987524488
-91.977545151896,-157.421339165001,1179.50463350444,42.8656943058011,-190.224464416862,85.1388878982445,93.8043029866033,65.962881747461,-18.583603342043,-16.7300856652346,-190.827265640699,-116.312128273569,-124.437115606213,-209.616024718706,-221.316360552138,-340.155555642478,-22.7131241234602,-101.969046018919,-157.422925393498,98.0820449885088,112.432676523791,198.210765577506,234.669019051562,262.0854333004,268.477242758797,305.404905402114,219.215046921923,224.020110075024,307.477548196495,210.555994754015,249.343831617947,301.472359840697,361.66378795176,157.03024778663,198.344589270397,246.175278661416,297.94059946022,356.806904498283,169.985570832451,204.789853991356,255.57255608739,304.550192275296,203.245772894134,260.331619482902,300.376177398589,-98.7643281520995,270.070509029914,-89.7751202344146,-14.529444161032,-7.51012538977501,-103.253825046038,94.789758833871,-11.2653834183144,-51.9007044993373,-54.9949019428192,215.277002657254,-19.7216622149835,-11.8325640785004,195.29616575859,105.571676697175,-235.088895655979,-100.041006323072,365.42066504679,-142.478827551867
-212.655413683626,-351.749369745243,1642.38371595319,-133.517499222221,-403.562162125625,13.0529265572848,-7.42103049457898,-98.6196721841573,-29.4237376802469,-111.191119052675,-417.368777657944,-146.455854037363,-169.577318013807,-402.574578187925,-277.376127805563,-407.799995391729,-171.545564743345,-258.833678779152,-229.321411604942,-48.5759577185356,-62.6607086636861,45.0991755220135,90.5117578285716,83.4677501146323,131.994853024938,191.73139382539,68.6247134293733,116.254711160248,185.365573268286,87.4824289182964,138.216713564198,174.608467471002,230.876628179548,66.3036914564478,88.0849765355443,130.530236889196,172.248936723981,220.083128551475,81.8183298600528,96.3620962912896,135.400539024185,180.31511279999,87.3355772070111,135.225834586301,175.334531566117,-306.337614103435,182.580008668945,-288.529816108029,-41.8568671009636,-1.90607782360396,-327.944936142602,94.765599054904,-192.039870467509,-210.359004831917,-47.0826650029172,92.9581315406967,-227.758572758072,-187.159470156634,-53.8795640641877,-43.6443095162058,-410.724695319287,-477.450062329293,193.308347690207,-495.808424039947
-252.560999930662,-423.10963291127,3787.37197850836,-162.077251090264,-509.670201702536,-4.91871626656913,16.5799681919218,-180.692211717855,84.4275417789522,-63.2752283307279,-564.41374671618,-60.0513289921667,-103.135993047207,-508.971093092378,-191.964331432695,-364.776413502169,-248.121352232031,-269.058471960873,-231.196339169839,-130.602505891686,-140.103026554168,-76.1201160947712,-6.58392196209336,-73.7544719864642,14.3624753882649,69.3635675258423,-59.0758407546885,8.50807060488752,48.3848914229845,-27.1993211543364,23.5208303396132,48.6597164185452,129.708240531823,-23.4749073767273,-16.6070544785273,17.0219773773165,60.1286626839032,117.874027353455,-14.4695309783404,-8.47010173330824,19.5254483512337,74.6676495530479,-12.1971980598485,13.0805434336891,69.3801055182364,-395.827667182096,132.642367775022,-387.61617886733,-7.0972691371906,43.5214991071292,-442.807410506851,139.201026985709,-235.525959646984,-278.299390078345,-20.5890536858162,50.4243735018062,-259.98320982559,-305.820301837642,-132.621481952163,-110.684831075702,-588.213368851734,-742.708105743604,102.180898053837,-885.777923208348
-254.298104083126,-412.142229632115,4846.24337858573,-109.230825787801,-505.600222002214,14.5351751750791,69.9363792975149,-222.671887440494,200.417852584368,-33.5271111568565,-629.693751876696,69.2463496156796,-52.4572518008336,-582.870536450896,-51.3775860660353,-306.941311320247,-247.297288402455,-176.499085720403,-226.44669043295,-124.971367243508,-110.858882582147,-139.087928970112,-9.4798592158566,-141.70733929062,-56.8665304642894,-7.62492214778843,-135.038183764869,-59.9218827999756,-69.6303812567341,-97.5567615622479,-67.887752993072,-63.4981070466176,38.4554644184144,-93.7746118400055,-94.1996139365254,-80.5777638118548,-39.581115722745,36.2587931250525,-89.0194196031811,-82.9858781792931,-74.9622522195332,-14.7262338074666,-85.2664656123574,-84.9630256103828,-21.7005817550511,-308.983336452173,104.044413116207,-303.312826486708,82.1539639424294,109.855374661803,-346.236567799615,183.115199724931,-116.748764247838,-166.794030631701,48.2911354867312,68.025069779771,-106.164131061431,-291.977025340631,-17.6209170743109,-55.091308241941,-663.544781206007,-761.279753252281,121.794149645507,-1121.57205051305
-316.256268505891,-453.177390297381,4492.9812108054,-138.279791441668,-479.156646348896,19.5511432843607,36.2032210429775,-313.416356676447,207.552460020915,-148.637961500604,-653.471522195198,146.782140863362,-107.111818786972,-670.376338008535,30.2930982688575,-296.281062495011,-201.522277399414,-64.4567627832478,-238.541906633728,-62.758505420217,8.14549251208868,-152.284582319709,72.4015086937313,-32.9983847021142,-63.4991904955408,19.4606324635793,-138.598877060532,-60.2003326648723,-98.8742149821974,-97.850899367044,-88.0835114023396,-113.343845502957,-33.0164163288829,-108.757702580846,-113.693748018053,-122.882674806504,-101.284640129584,-33.4811322395458,-107.544795429109,-105.008100575894,-124.741002744872,-90.38512061012,-133.287585540049,-144.574078531094,-100.858729392531,-111.398363913447,54.4661478441173,-59.5199671711373,188.885288917946,108.666625240613,-82.2134809057395,203.609959058637,82.9733172768869,64.5178043863799,161.22347760228,99.5554540729519,109.389356667973,-143.070160047455,136.975634598271,64.508262834104,-529.406274545634,-539.676007641425,154.063951720281,-1016.6637126087
-510.473628450071,-628.617841123794,4246.08744029211,-338.061567308061,-518.950642690184,-70.8704329832313,-123.264196918876,-476.604310638859,63.090985714202,-362.066706269329,-677.068996610218,95.5067598149021,-253.799384156424,-749.968822179722,-17.8840565968643,-338.899179840239,-179.675874987151,-30.7893546319393,-272.950405500312,-42.7806429837223,108.286151472485,-156.38928910397,110.639661363553,144.54611811552,-54.2382591584381,82.2960792101896,-101.58944768529,-43.1196448455666,-55.4106181325737,-66.5313143032249,-59.0202264463242,-99.3949341436894,-75.8752660085891,-86.3413118998127,-94.1449925113638,-114.509855975102,-116.679504171557,-92.6160986047231,-94.0976947233827,-98.6447899051745,-134.201683331059,-148.375417200735,-166.451897092209,-176.661974860994,-170.903872747442,26.0085929564927,-65.8997021838303,132.847184651134,239.523299702959,-55.7298743392628,124.268570085066,169.735338982612,199.589369160682,199.958456538704,213.107948398498,68.5040406986288,199.453574826008,-13.0105624976361,139.285290993542,115.000421038623,-309.013394829785,-277.231784223792,79.0527210806667,-680.001925071818
-775.745142618611,-846.401399939493,4635.37636557434,-598.322664224231,-593.950043391629,-283.256072666537,-332.835075720556,-607.16968476972,-181.271308685623,-511.666637655044,-682.974526506893,-95.8159159923464,-412.122342489028,-765.241196948734,-187.488648032422,-429.020467336836,-217.320257055527,-140.076411305179,-362.241796219308,-142.20782882324,50.6782296413069,-182.38906946406,-18.9388555106921,156.509344492649,-115.475310078217,43.477872301746,-101.825314291072,-96.1750728628736,-45.8365742271398,-82.1336139722769,-69.0246612336885,-93.2508195678082,-111.710790349912,-93.2013613389621,-103.582922318925,-118.089119688917,-125.827332157997,-142.008889755448,-111.043155986942,-117.741985689271,-140.131294011385,-187.852343369983,-200.817471062362,-208.873867692799,-234.710177485051,18.0878360138464,-256.04501774857,118.935446741577,183.868293852069,-356.579258056827,110.758457637197,59.4171390429613,142.091532500511,119.572438985829,106.597970561334,-84.9394477804498,104.172602150478,-65.5798190617738,-14.0618516365722,56.5366150834166,-222.779967056254,-207.81222564865,-67.9171248777831,-431.670372572717
-966.139391547413,-950.52066864374,4813.78798334715,-742.702168403723,-627.015302828769,-540.699769981254,-488.314473780264,-603.662001843812,-421.647161712192,-512.845970119915,-626.616618656602,-361.425389805143,-516.179912061393,-697.798123541391,-412.616924630013,-555.978386233341,-283.853418096399,-359.345876988155,-519.505079860228,-326.283568634354,-174.903392356257,-227.275920600662,-281.747703151204,-54.5458691242976,-259.389214807719,-131.005370455889,-169.19940939313,-228.99685093968,-131.506584367849,-162.261581004067,-151.01736696192,-139.000402239219,-143.03977535417,-146.198354655059,-168.042885866684,-166.402559726146,-154.204327052531,-159.37497730379,-172.647718151287,-176.82094351181,-168.301897828242,-205.415214977373,-240.348000817986,-251.116924627462,-283.717550184374,-51.2620481636202,-461.384717584486,-25.3892559390603,33.2712457759243,-644.609001875139,-52.9907067781734,-88.839899655478,-22.4779922999556,-79.7486556072214,-100.295381461001,-285.994289817782,-68.2574099456781,-239.619693315511,-179.01150688615,-22.2094183119096,-246.873897090399,-319.597144405056,-173.984147204368,-367.373857332512
-1029.80958637789,-929.60089596735,4421.21493061049,-757.077469963208,-639.685680999621,-749.801636240194,-580.029517926941,-531.983617846892,-601.933264009847,-459.938605614703,-535.965960870799,-615.615898599517,-567.332787708164,-607.870542795214,-624.329265335523,-688.282527143517,-360.235771134664,-577.363902156187,-705.856606796055,-504.730209808178,-452.359672777078,-310.976893083874,-540.798634733686,-346.152356192512,-441.751292891144,-366.831350679089,-270.319573409004,-380.62485049312,-287.439092623569,-263.198494896477,-264.194448174653,-220.051494590699,-159.762810775336,-205.504602267359,-255.820265213688,-243.575942790533,-198.881277079018,-143.440079976755,-243.402426996709,-250.875756561246,-225.135007320367,-218.340202487252,-290.019101287671,-305.000634707702,-324.762955335944,-92.2414932978048,-620.438757818252,-160.412149521624,-142.647415837251,-778.424274524699,-198.223938916907,-188.520227611384,-178.113196470738,-243.59188323758,-246.690724914305,-360.823886747715,-218.617098865125,-314.055353341869,-318.20554489155,-99.1175177787954,-205.707471983189,-381.12222221761,-292.759223904697,-324.884329061868
-1045.69253520349,-905.805685605496,4084.39104684091,-777.385258364594,-706.977712808925,-891.34503201201,-681.84787147987,-553.693826030235,-737.384268397522,-497.572841564824,-507.068006920018,-805.490871820243,-612.662082637039,-579.195948657969,-767.601790376973,-778.814436582707,-457.325377278017,-693.979109489446,-850.937865683266,-622.261793194565,-670.389248846623,-458.714643733041,-701.422519210543,-607.424260617658,-637.522540726408,-590.631079101683,-370.156224213091,-508.069152700985,-469.675124100958,-356.533336771224,-378.804895798868,-317.841342132216,-188.399062243867,-250.10241716107,-340.955576113322,-337.512670387698,-271.196270815623,-153.511779606873,-296.674736571603,-327.593698114352,-307.377867711564,-270.987779344222,-365.355953664894,-383.96610794646,-385.472741320552,-116.780214395645,-692.294402953554,-235.756698413407,-263.954515132267,-745.22685801265,-228.21468332243,-206.166934291546,-260.658128889283,-315.905522866933,-260.364195515652,-255.103636617537,-343.093081198992,-197.746153865554,-509.846535258753,-278.067324963836,-101.520766283737,-269.615177455649,-583.080799730818,-245.441279775018
-1074.69492906696,-936.805177944794,4101.52801744649,-870.961889050131,-816.843726410091,-980.652282359102,-819.66462702,-706.913201719685,-844.464733616027,-641.690608477719,-584.056517647511,-901.069874405716,-683.914833060774,-627.306064011538,-790.73730617019,-798.222877296155,-510.095572543825,-683.646484061745,-873.1356834389,-630.457716270956,-756.236609940122,-558.472502405336,-730.168609019155,-787.643569112706,-780.646630145585,-749.775383886617,-427.218547435763,-589.628528627813,-626.436190049315,-422.470382012736,-480.211424474941,-414.615172581839,-254.252523405337,-279.920410665627,-407.295268573243,-431.61852496481,-366.127125729448,-229.352936745162,-322.349156845024,-397.812123327495,-388.274818563565,-367.089434582342,-445.015158060961,-472.397199664194,-458.992033099968,-143.804504888794,-664.074472336768,-248.827780487543,-314.087432082994,-634.986458591732,-156.214965467434,-202.117935031799,-262.918788087502,-330.453875611144,-218.979757258581,-105.576114366806,-439.007629039708,-14.3290377986961,-715.833240019397,-565.277913953705,-75.0948033555963,-86.7826014050665,-990.521711392277,-220.399217159044
-1053.41154691292,-933.986373115887,4034.77034131441,-933.724877430755,-863.005050219268,-987.187820190908,-906.717463176299,-845.051566245941,-883.119582903915,-771.194593858073,-688.147110086928,-865.153908052778,-746.076166848331,-681.909703497732,-658.622429927604,-738.364125089647,-381.72817733608,-572.898452985733,-718.934779769165,-478.564593578042,-645.444232396142,-417.518231810195,-613.277355763411,-771.219578899798,-744.046385994026,-781.944091721801,-379.653499758726,-581.424532609612,-677.176376030559,-410.664703493329,-515.253230903941,-455.094331702285,-310.515591706614,-265.481620874456,-410.257208910012,-468.275467947446,-414.909668854001,-312.664046774049,-294.477957170862,-413.827599964685,-422.696629592098,-432.520043650015,-458.895267925902,-503.397183732902,-489.176969981839,-152.24380666153,-565.568110525537,-217.147128709176,-330.789750065989,-511.744556780189,-82.7998078310122,-221.086337337808,-231.442600005786,-320.91329037161,-194.231848313337,-32.1011163985086,-458.283780900312,108.837771332363,-764.441174448756,-748.265439032283,-121.029414102867,58.0993764967375,-1208.68929242427,-224.218187790171
-913.556783284779,-828.481643300889,3699.94528750263,-871.596735434001,-799.030643776431,-894.717186597482,-873.838875729101,-844.414084067936,-817.548369666244,-795.14989751378,-729.757048743557,-714.128626703087,-742.780014437894,-687.624562468691,-429.253549653954,-614.582702632735,-103.439531359943,-416.40463937122,-463.47593669045,-245.750767613954,-387.052236662348,-94.2357607735394,-413.634834777469,-540.497400407329,-527.027613330323,-694.88510993162,-246.738356428768,-479.220022131762,-609.70024778709,-317.274874305457,-459.213185123833,-420.329210832539,-318.570102545604,-199.306202606274,-338.572151940291,-425.832345535213,-386.938651228815,-346.813272678327,-217.036177827703,-357.22247365988,-407.068712238697,-428.411701073601,-394.512284369927,-460.654044682879,-463.607676076979,-176.010566535929,-486.609960123063,-228.065777053952,-358.042695210732,-406.585840477353,-129.574153053416,-249.704009412316,-248.527206686636,-307.81030029324,-181.117075431898,-22.648818916146,-407.796992181006,154.896771780935,-620.744758557279,-665.348105033781,-121.255839221578,142.257935370388,-1069.26577982759,-151.482142603816
-708.743552636953,-671.656538410557,3480.89870388119,-736.843418345145,-677.179593738012,-762.047906837396,-762.039942006167,-739.816346071247,-680.200841441797,-731.375881191153,-699.903777135786,-543.744380744691,-660.340501912141,-645.775491979282,-247.097432357688,-464.135599834372,73.3809110307423,-286.019761758522,-278.595013047328,-106.958339913803,-182.024314629428,104.308854934444,-248.266795103059,-337.433984479492,-264.342077031634,-572.201975495261,-125.443674619998,-327.007742098393,-506.850877519608,-199.495679869726,-356.483041097709,-362.647966179001,-316.410886172357,-126.979637289355,-240.450460468842,-350.153994769611,-340.89264175164,-355.953698694439,-141.103028135093,-272.948157229956,-366.763232730377,-395.464733494099,-311.484274845116,-396.953700833503,-421.715212657263,-265.127932488374,-473.034168016118,-342.087801016034,-401.866344301418,-347.484336767677,-284.721047981615,-264.512195530469,-323.405843503228,-307.251333075089,-166.935177426466,-26.5531955638642,-352.278404752879,148.675789137462,-440.443504808838,-424.500322730853,-66.9370225146592,145.388378052537,-746.839423719155,-50.5794971790357
-496.892971651058,-489.452720308952,3538.64765531954,-571.821135325886,-494.39331762512,-620.836432482193,-603.73245479692,-573.737810329518,-509.194717074974,-592.236713227017,-576.684004127766,-409.408632057129,-501.87952739082,-525.647587341733,-178.599924503662,-301.724120390698,16.469407735554,-216.318193639291,-199.679482075708,-89.619335386479,-144.239983548435,62.5041232544671,-109.70993382832,-306.395898795358,17.3710432207474,-383.499821162173,-30.4180379718405,-99.4745309798858,-368.403595546152,-55.6472417202305,-202.31283252582,-271.058936579028,-296.531014930755,-55.0937079912728,-116.304033060453,-234.909090692433,-276.56370370252,-335.584951457503,-66.0791200967518,-164.02452696749,-271.120604993591,-323.496281802496,-209.092646223915,-300.719709811219,-341.058212140313,-335.403913719089,-412.375432887727,-433.098847146964,-385.888375286204,-283.83746353218,-360.636130286029,-209.003361623884,-337.087028031162,-266.097752026983,-113.93583323804,4.29740645767605,-269.373300375836,145.369852839601,-294.6119197411,-184.038419305394,-3.60966857617399,82.725854330872,-438.623175007676,-25.2174785035323
-242.02687742632,-236.445865898882,3531.92152029779,-325.08832222824,-201.503650557044,-438.34402834666,-371.807187539803,-316.352488571144,-312.768624076911,-358.393368612658,-320.949185564787,-285.725162696735,-288.545471131398,-293.909539412736,-151.762834631857,-125.111863752767,-112.574363396203,-190.917723796277,-88.6375563483142,-69.175336910833,-178.061764707819,-0.0409791075266028,99.96661220826,-221.318290611722,369.113321486101,-14.2686789286302,97.6207079328187,236.174320905576,-99.3988943393642,143.101422221423,47.9590373587371,-73.9950892625667,-191.879139031629,47.3797993700891,67.6493207135292,-36.9645932572899,-127.176227232336,-233.997828458658,49.9302321428616,0.893023728905201,-87.496877095972,-163.832183390374,-45.1517251965738,-124.007182695082,-174.68941503501,-260.433792290613,-210.804995349023,-342.452047354484,-251.521626520158,-143.000593155312,-237.726271301039,-49.8443356980974,-210.807035746172,-116.893718033492,15.5155498014733,90.6036259398377,-95.2001763250654,192.519552942247,-116.717235152107,37.9734415833824,86.1877851324562,29.3110186647727,-145.940853993426,-40.0437976943712
51.8816085690161,49.7115230664926,3290.42202649042,-17.1817216286523,116.082647728248,-224.930137135964,-96.8909109046687,-12.1899570564993,-118.939144983425,-84.2597782044093,-27.5272641426026,-157.705980249031,-80.97105597433,-39.1272901339947,-93.097646179868,32.1458090693044,-115.135383398635,-182.025597791951,109.656792174873,27.3485288023916,-178.976616028705,156.2366465729,341.822618759247,94.1217688465355,706.423649175821,435.666270462049,265.902427362059,556.074219790701,249.280061974684,333.296267290219,316.188504164546,170.960108274673,-44.809871498487,158.612908295813,254.840673107407,176.433752266981,60.4969540549214,-94.0197174235317,176.299916316898,170.945633040401,104.517565838095,19.6698252717514,128.188046370209,66.7264439949641,11.7152946492035,-82.8907516524256,-6.11196010905719,-149.233666195253,-100.854352937829,3.75966111233204,-41.9290324853053,95.2850202940445,-42.0031955190136,59.5155944902116,137.10302017483,154.929590351094,91.1818081217299,228.165263107144,61.0635946944745,206.486719018928,178.411932748566,2.74363226190751,106.243384980075,-31.6667251726867
270.542993454872,238.597568731526,3064.5150142794,213.202520195358,281.481144471211,-42.6619218166498,122.718541145043,195.271269369797,41.4773949323029,130.637543875836,107.667808710169,-35.790786399703,91.5832743553387,99.938170444114,-11.6080388574337,137.588469730251,5.30123209915231,-158.412597027139,297.111353867994,164.696561878508,-151.321081842093,480.38933966343,460.308434535004,411.737476034257,863.104300412744,679.706308428543,409.785527474476,680.087841766666,459.353173594015,414.779062143427,439.983591041951,290.77405180103,5.62794916011005,220.054012229544,336.40911835702,273.273334995475,145.790203303662,-34.5241333321601,235.902750351097,249.022610411637,184.153743984024,100.24022914273,208.614581379975,147.670551630129,97.0320029388901,45.415358636075,16.6103936585921,-50.9831202312142,-79.0067194575487,26.2984382622026,51.5596365668302,76.1665119849806,44.4154485383107,115.843398619395,127.834415423868,103.451554390184,147.6616044761,159.262779507414,116.45207655362,214.806478114327,172.096535631436,-52.5862388656369,183.031807924377,-47.3887126235932
349.667067168387,286.293445345212,2912.46908779204,297.309031602782,257.602694831218,90.1126180766714,250.266984683428,250.035351121844,190.171635005392,267.973570027813,30.2763547012945,101.651562830866,268.148456763098,112.297546027085,72.1723093806091,227.23362686667,121.738846857701,-82.4936926017403,420.20188580972,254.785778949719,-92.1225003411924,624.483970516493,399.629030883057,476.648730573481,741.928130752633,644.228981927752,419.963588508001,589.928672984266,442.360793405986,361.078488795236,389.582242814847,237.891875075513,-66.683738569033,206.126522154887,292.231697139624,238.7071092009,105.097164156552,-66.9506709985098,212.521066477981,224.125482420011,150.923029039493,74.4585025911726,191.072616063415,116.876646609498,78.8583055744784,78.2516546699961,-87.1913744733149,-56.9261703109866,-153.878640823947,-43.7173688628704,54.9562154418796,-56.2396042348812,67.0059876964823,77.6691033674858,32.8614408914632,-12.2348904298605,102.107221270501,32.3248735110279,81.0292520877452,100.016920926626,60.9408254534253,-127.500031881285,99.5258973716659,-128.413398645948
376.712200309344,295.102922348289,2543.59135383263,326.150447208674,183.759468043042,203.329906141585,337.9384037872,253.279905845058,359.247416907486,378.410956696703,-89.4835356073225,285.53863753675,464.802271437676,108.743072760874,177.006396656881,358.934632773517,163.861784996345,81.334870430811,519.730849059069,233.868083798432,77.8164740599963,328.799932706996,254.243431421645,414.618867125013,361.450878626578,560.071943768679,231.049607780552,407.238777959853,355.920614492052,221.669393416632,293.504460261247,151.389651305995,-128.903718077911,144.401646606028,204.786166628459,184.898506548808,61.9678733419528,-78.904694746926,157.529110614972,177.826806159373,117.622245423323,61.253114304442,162.018518327449,88.224622042131,67.4584937022768,88.8117923442641,-122.917245938911,-25.1680426521264,-171.910460671846,-59.6438846232407,88.1655366096886,-119.940610496415,115.864070938301,95.8056654285382,3.89898809020739,-58.5586170160144,113.103583261399,-23.9123523509164,121.16746609003,64.5550988101319,-22.8921504336722,-129.203990205458,81.2160662772571,-190.071212449725
465.48705634215,370.613619303607,1985.85451759846,405.14548426745,188.339610337575,315.051027528112,425.392937388329,305.363652685542,522.18643511263,473.200846471991,-65.1540888093357,487.396601066096,621.048186989799,174.181869761531,315.176889364709,528.052969002859,171.841398347978,331.117919365314,598.577843016756,164.675423427786,359.448773749986,-160.030043774946,119.451869024813,416.827948059296,-111.428193445572,537.627794046753,-45.8678621742221,198.508781772986,324.695014268193,67.4564349712793,228.164077237413,135.271609986219,-84.1623566506922,89.5023057325939,140.910653718972,177.834130204652,91.2117029140558,-18.4241508648381,120.023002729509,163.095466855999,139.387118446939,114.063035273968,164.757338007404,118.245626704916,107.106483532811,116.348542884772,-46.6375159037448,76.0137469034519,-85.0860017169289,22.9197629900602,180.870966736564,-57.6405301626517,215.348149683841,198.827933216848,67.2982600340989,-11.9497207898939,229.815604106163,12.1889186468427,282.868284521872,199.891360167884,4.89649726480206,-24.7022971429077,253.286829418655,-130.301311815846
589.117927821771,469.221610391225,1650.86847539645,485.057643651095,229.91941132406,396.088532164162,461.221225234566,341.642385938089,595.29144617957,472.981412163378,59.8950148613481,615.72288453018,642.686629748513,256.412155117748,444.288883022987,635.986753090465,223.483185721507,548.350423604412,547.385248794174,172.266107708961,498.519588304407,-319.052266129776,-27.3657436837057,266.639579139513,-437.711071039539,327.120217957038,-203.854007875029,-67.7699063182157,218.638557696915,-63.144772873802,111.741700848251,102.542419099271,-7.49791192407284,59.3300704605333,67.6401665144949,140.162011907962,107.596850454314,22.9979412640861,89.6759346527519,128.699030818529,134.902254385368,138.468939677961,139.886269077731,130.432433611814,109.056470561986,106.074295102716,12.965596499041,126.513975021437,-4.79578981418156,102.330369951837,246.965191909915,13.3966400274048,304.103765393793,256.941368880172,95.081148992342,25.6601055403591,328.085869375241,34.728468910927,420.760379987999,349.402380593243,60.6581156952646,89.5310414512174,451.469382617706,7.04708632349195
605.768088145022,446.669616126843,1541.42629111852,419.119452662656,162.03602284172,377.710562402163,355.354207453394,208.957988356942,503.929829306145,289.62094587655,68.0494495861166,585.979162320599,477.047403423871,217.388563990415,484.26221371613,558.567503453924,307.83830159064,574.384428124079,243.722471634314,246.499520114619,263.95106298146,-26.9807103741142,-200.233349640817,-281.203740872548,-479.57638183169,-199.193099487931,-167.478299909385,-324.068356509503,-96.6198003369085,-148.967968139217,-99.1536184471303,-51.1277424586285,-1.46178901812351,31.0704079763266,-51.1315335432045,0.828987198744413,25.5965221327989,-19.4825745508862,33.4172710953569,25.3449782292856,42.6748901482414,64.5092907727867,43.8864696664391,63.7557283125729,19.5083521150446,23.3116785604782,-26.9912597064536,55.1495421446332,-37.422992822602,88.3391057872293,213.371923321156,-14.4001889713123,310.270156207357,182.035236961221,6.81243480238931,-15.9211579356565,295.607847655419,-25.4647809240567,404.418852806173,330.692403385581,30.5658871704892,110.9543263137,460.197715632304,89.2634581127958
513.550878290025,328.892289486237,1249.28325162634,253.403711413731,26.1697856607075,275.433544062387,173.158835757063,-13.6541669266877,315.120251098865,41.526569979391,-36.9134763750171,440.491413167117,241.070596803145,98.5898638571811,431.167250929976,355.23774933941,321.75249244418,471.756141620788,-196.364994651049,290.47870638043,-94.6115203118787,353.921941681641,-240.111146917584,-797.712610104445,-253.808227866812,-598.69237660185,-7.24206411652548,-338.9372221481,-379.613326045422,-119.034399910055,-212.443235083631,-171.738645808816,38.86273592448,33.849267675754,-101.814675773519,-98.1234781964868,-20.9176118189822,5.59177055453223,8.81569038422416,-34.2999025484087,-7.21037534335854,35.7193365520993,-3.89363400224037,40.8776756413256,-11.8718505658453,-14.7979119932212,-63.4811212400218,-4.61975392969449,-106.49014930523,62.132303970805,159.932039314568,-59.8679445869528,280.831028614629,100.350294787613,-65.5588741253714,-38.8336918968996,226.745705535211,-57.96661687315,331.648838612045,237.200295507471,-2.98620311976972,115.634754965149,358.202958718051,132.576716355772
536.744350549173,380.427300500699,831.960581823389,278.226421338725,120.178804136719,247.305142276907,159.10628832344,28.0564993151184,231.929104436898,39.1082821192429,93.7858320725137,341.125782479559,182.525360068467,184.118649828358,397.413934276538,273.771567541069,210.363062064612,466.767535507105,-434.550717807181,285.412992815321,-175.712730320927,524.078918083464,-48.5516319400528,-674.287547224598,104.187506626902,-442.546328845637,186.17971336304,-40.5348178288326,-255.282231689209,69.3538477533822,-30.3649592625253,5.2515409469028,319.611265075507,124.975438265948,52.8725132881157,53.4532864503431,185.957711732131,305.956533161846,111.99430386287,105.424365351807,168.636717079199,255.352629733655,159.249389212536,235.473703380721,215.765250281972,144.668398744307,60.6179027952807,140.764952478341,-29.4939764136481,190.30868911816,251.962208230173,51.8451006449847,354.564853478532,223.441952406518,72.4122847597302,121.059502901291,317.014769241873,102.482602096987,405.625079650376,338.825582354869,156.89994321904,285.326626888915,418.224643090681,300.852405149725
792.432131306565,728.5428495292,734.337885308649,615.427737979618,582.194181591185,385.611885534715,413.961294863807,483.277966795335,345.614086249074,385.260519452075,649.567431004313,367.669505458416,375.633175503044,599.112749424249,438.044648407352,404.961226037077,29.7722712606959,568.821863909612,-316.479787102403,240.24589352024,-60.0653955177762,501.878874341402,181.247575687233,-169.499152149459,444.49115322153,-12.0064712342445,350.603093139916,336.371497869299,185.01600157878,322.440136760779,324.213942982847,417.130275486681,778.43828515498,270.05231596376,336.526178490867,396.818998760138,590.572614017373,808.626152980789,305.19301610465,386.352005640717,522.114615589133,667.803834362092,481.94631401601,597.56821619262,652.102465519447,432.290551631294,327.275439433087,450.350429410133,217.718224379031,474.259377172457,487.742546906692,320.419954540049,535.037059715661,536.860266360825,386.395408774417,434.609002306736,567.176545466038,412.671379293371,625.828934586793,677.34148793271,494.220682391506,609.274228087859,694.95252375817,608.256204099058
1072.27963781559,1116.73885640047,813.768511986833,988.515697736107,1122.34520322087,579.008073269988,723.462671457938,1035.82840827469,532.029417577155,814.344629824924,1314.48533205088,452.224204116203,634.715325536082,1093.60977963976,476.329629544893,583.136018986245,-97.8646633629203,589.152165418054,8.67680343356568,186.975685827242,-4.84513490631248,445.939636526869,313.743815169027,59.2157990749114,745.897170449212,269.976520051385,478.674725839174,621.020292502576,534.173471486628,531.934129179126,600.748891974597,726.462386070394,1079.03264120105,389.6356436579,566.983012832154,678.168021339093,896.424171043251,1195.20141459083,466.669736375071,615.555657577104,813.880445661187,998.718071326549,750.940745630839,896.218522538899,1026.84019371253,612.210033846657,567.429952694088,676.552951419557,466.28790512169,734.092890554013,671.59096589339,561.358271245383,655.991836684751,798.06558353096,649.595435010972,676.407625002724,777.943929199616,654.719694255392,810.985595616618,1005.21590892707,766.389373064657,857.336685686965,981.94113679585,854.113479895501
1121.11387443403,1209.37791745206,467.386795280918,1078.99993602976,1355.82502219161,695.585240913816,852.949433543222,1305.48383613414,662.356087782298,1058.29423379547,1671.14646692882,549.004043561567,809.276350533842,1399.959569877,506.221727988077,717.479627530877,-27.6226530519882,544.889720288934,432.743505901164,290.793951252866,147.371239127444,504.849142223542,548.152739776116,174.394019574645,1043.31636901264,580.451403202615,600.923682384372,871.558539074763,726.254587604023,681.721290470637,764.032500782783,804.32075557794,1039.85514389242,462.337486936301,687.128851203117,791.507253009475,944.280287565645,1247.85609356491,550.308068708364,714.672971137504,905.616691811612,1073.39775847155,854.439288405788,988.305283172946,1141.37329179106,587.523090023754,658.42501860422,677.323938406459,565.128075657335,807.538911636429,661.906222413725,624.748714260674,598.768548701548,828.601931076941,708.020236219096,680.550210871411,801.893398120808,692.023596461639,846.296498793949,1092.61954216942,810.297999889351,863.635377959963,1101.7917252536,887.010291999336
972.345745356408,1009.8517097166,-175.446021368903,928.82160475702,1249.75684852632,770.883414591081,851.125960570455,1285.9399635675,774.929791299025,1154.06688192601,1708.45296930197,718.636836497537,968.245848296104,1560.50522326581,684.802178338001,947.905344479122,332.445622552568,708.507931659165,1027.43755392894,714.666752508661,687.351099371149,779.516929505812,1066.86114252737,782.307506127433,1310.17663201512,1195.2831202035,743.309552733589,1116.98985772933,1004.25627770129,789.295218400494,914.163691095418,842.314632447253,872.651073631126,518.079732455621,752.435124463117,833.356375896077,866.35866515364,1055.6760749072,596.959410625312,745.635208428992,873.536752821403,962.069801347501,850.898777978677,928.403690560499,1024.04684808528,480.398009115779,607.617723818476,548.988924302214,520.34685296001,686.296946724322,520.751017385658,513.483922716231,420.928502578543,673.165673044304,592.157544376354,492.973717427324,658.595350467297,571.452530289104,734.984600716812,915.637430635292,685.872674588904,686.398679575229,1023.86838840252,762.564195593868
865.329122775683,816.179490236452,-359.728558210939,823.817092037285,1093.43759854738,900.758599708653,913.789658609989,1235.2724345293,949.902785131134,1273.03335389462,1708.5903718525,971.870006282635,1204.84476084467,1745.47933750855,1053.0797382048,1356.56506947118,845.848087996824,1174.28249526443,1747.44881304856,1326.47499078367,1497.45345616601,1216.39446236992,1730.92574120292,1749.14991640085,1563.9968111782,1868.98762546817,935.71511563076,1320.99352729542,1405.48221162077,900.33630839036,1088.20813330581,1022.78337190838,917.856380285696,605.11459326475,835.658305305946,924.181123124011,891.92890913913,924.169065281562,669.05624554032,802.628489947043,877.684870186715,876.220676774852,848.797051071838,876.826616055552,879.458761534608,439.984592582188,529.084585310546,473.802302008379,463.292096291229,529.954450100231,419.842403785036,363.46649841853,286.901914413706,517.242439492812,456.992924085331,303.102523765712,468.659661438087,442.501734999769,536.867500242761,621.598229516314,550.484727251523,507.76533999258,793.919757927013,632.890264214554
917.44157339314,819.215573739934,-341.375399379893,893.457804343799,1103.08457112223,1051.67281655089,1071.08457100497,1291.80191538531,1122.05696388776,1426.13450299803,1813.52584086286,1153.92525856337,1428.10448715269,1951.51091504564,1356.5516295778,1760.02783031534,1150.14379822881,1658.15539845506,2323.06675533613,1758.37946158498,2209.49775039692,1559.12741609312,2274.85403492558,2472.45745254877,1847.55098132399,2275.19154947006,1163.32402447433,1520.98900614427,1749.50007103664,1065.66910400937,1275.88113502375,1325.37280285241,1258.46848576923,737.47624191072,976.72941701333,1099.6190016814,1104.08521099229,1069.40149829066,785.466328944869,930.98378533254,1000.75272653311,970.178534119448,908.165010543186,943.332867205987,903.270675499015,487.122204518215,554.00538726709,519.00952643602,498.73762738893,517.937776396229,444.132292945846,319.45646820032,296.484551521546,493.604764573291,437.988966450533,251.382285142176,346.732946080132,412.221868528693,358.232203097473,388.54727559377,492.296062631161,445.068613639327,492.166940315131,572.636309159368
1042.15599977225,949.186615526795,-1553.07530409809,1032.34065352946,1237.46681233205,1133.03610188359,1200.59534150443,1391.17437285304,1183.98146018138,1507.9808007309,1936.02793126253,1146.21306845432,1508.68192986129,2067.25483455949,1399.49356312217,1969.61715237881,1095.62285692091,1909.48012106759,2604.87609226388,1855.96747511202,2669.67234709483,1625.16670798509,2568.86280229084,2838.99299795027,2055.81111711758,2481.26108764987,1331.72531571126,1724.41503868238,1973.85839722858,1238.91558313476,1457.59304251195,1630.71120410615,1680.47393499314,861.303492251647,1137.65821040515,1303.06459956484,1388.02611814251,1387.2429542879,898.521717877983,1087.64214311304,1189.65490768511,1194.99937874776,1014.54624417468,1091.31139681326,1079.22933386591,556.682274735158,684.453763284503,609.437916187559,589.489008029554,638.804178010637,525.707530662772,387.4718894306,384.401023946704,569.27619689416,524.070736874464,309.41398409762,337.181394937013,456.18689084107,301.270049239954,298.394190980274,497.661010594275,471.715694736939,254.578770759583,554.152999284336
1124.61423991443,1067.91682298643,-4370.57884212583,1116.12504440255,1351.9662444546,1147.1969363131,1233.92213717718,1439.10268470005,1160.27482572865,1480.28526646107,1952.43321277736,1055.20001396946,1468.5777568173,2044.6168993957,1335.39299333563,2017.44995584888,985.820146552262,2000.22266485483,2676.96766847636,1818.44150798427,2903.51460251294,1520.97395371517,2621.26355751543,3033.11419505517,2041.44514856854,2589.65965799073,1377.13172131329,1804.34363167146,2115.65155939329,1310.95113430552,1557.76521484838,1814.15370447661,1905.75218304492,916.69814938027,1220.51623947106,1418.68607201555,1546.44509905735,1571.54461542829,947.656399440864,1166.47889893325,1294.2497168859,1335.57232825871,1078.79556463573,1173.16625306144,1187.58207121786,611.193658845403,775.477333239584,665.225103981556,631.158024335405,709.532957375524,575.269845531197,454.195985614142,427.41652630735,633.802400574597,598.088240797827,364.800263515164,412.077926503441,489.76872819879,363.01769845694,334.934608056249,526.309645685246,510.88388420855,213.948570549265,548.690968515778
1089.63616119115,1068.3290055426,-6973.77049487118,1073.87835668378,1316.78819566656,1102.31536114454,1158.46240890529,1361.90818420224,1096.56459984311,1345.15109438357,1776.49883591108,1002.47182363453,1358.50824784478,1849.20277227409,1326.069366576,1947.24728943341,1060.59237550506,1996.27050392869,2551.60949859914,1771.32315179307,2811.74326042338,1370.18829476997,2433.62597095917,2940.47141323193,1789.05172959958,2424.55173704354,1289.24581689491,1623.40091504896,2082.6585845075,1209.09071123319,1454.17551862977,1747.50351162097,1782.04419985567,865.181051190359,1131.62754820658,1329.62959810444,1436.70895290923,1423.96609196294,883.913764835874,1067.55019738113,1178.34638730781,1211.13360929354,981.010918845297,1053.58409034045,1044.78759616358,639.270167399587,699.004844486501,682.916782423541,577.881426324005,592.978564454754,571.966903183169,419.325572153716,382.494973068391,618.227564618906,556.527856539687,343.341111652178,474.768540877207,466.937031900486,415.664993182106,407.457144099815,541.833372210406,529.44148965426,313.906178493825,558.070533292465
911.368125582181,900.486610905555,-7471.25171557284,898.597454847254,1080.64312730711,946.991873004217,974.819677949107,1131.65118142577,964.953830086098,1116.28451694455,1403.91628111809,927.404879875807,1164.89141451213,1474.77916918989,1253.64924029901,1693.58156207351,1100.16367554464,1758.00318135935,2159.44976867899,1561.78973222404,2299.14389026601,1110.7435316831,1966.84830109157,2413.00517813522,1344.08635072275,1882.31450688819,1026.12010694813,1177.74137335059,1755.40713735562,912.383579213374,1106.42619960053,1399.34700208078,1375.21364125508,672.036684770637,844.818480338118,1015.09032966499,1078.92089017208,1020.87922495123,673.408274710609,780.122621030118,853.726533985264,854.677283553051,695.741360883941,736.570329000993,695.161275314254,605.058537683037,475.977664900996,686.832548971763,442.40062286275,323.514507018213,516.806508025643,261.41211994671,276.685848639914,508.550566914861,358.245847648568,229.333033869564,419.416323543498,378.052630506335,340.02949925188,389.618853209356,514.002680289792,525.545916309502,340.685174229232,579.714880899099
699.079371439365,676.749608748237,-6257.29071824475,722.081006503785,771.721870214708,723.15469949635,776.027307646058,857.431411117652,802.756249678282,890.695086993623,989.941499620616,779.597140113902,937.219414011289,1057.56089060967,1022.60304615066,1298.59949620733,877.884869126442,1279.08460196034,1615.50606873109,1123.82726837582,1584.71374933322,735.463896008339,1308.70104197186,1673.31955507951,784.432556647146,1190.86135512019,605.229064297361,618.760245204408,1223.99230690029,491.691919833044,638.883193851414,919.982153567922,915.164805864196,374.998305860974,456.384609689632,601.176244706116,651.180628424229,606.474862519511,366.94837068959,419.43002128981,471.136439809834,468.6375576369,348.572870911807,370.24259665263,335.822201684941,490.147734847635,242.440989379534,673.702783418255,270.908278545255,60.9986071432348,416.731092259916,53.513285810137,161.008434180986,348.742523038884,76.0388611483182,76.1139917139956,270.800020363322,258.754582040864,177.169682053835,279.267657695075,474.456458195282,518.750564277667,249.747327559865,632.178606931727
584.667818252931,544.422809469254,-5225.09083273901,654.218218891627,565.868921314039,558.26027498298,656.512994697671,659.139262001852,693.503375135577,729.5533542476,695.437936949197,637.705279180173,748.298979201977,728.639265130655,755.436545797708,920.980239931581,541.573012644332,804.67943392685,1121.57045459235,650.851441140069,1006.11283512241,369.563151242926,701.519377605674,1039.17541004845,270.736013853174,608.61986432168,186.273529738073,140.998693576294,677.024374112171,102.102708226618,217.443308172385,474.154406282178,554.227095226182,92.191396800106,115.319072300518,235.111337089618,303.518815004953,326.152537719999,84.5240398967376,117.987011639391,155.304639188025,190.765987497099,72.615033707622,87.6814179885664,91.0963494592958,333.178182097386,108.890423600488,610.572064112627,150.142609768709,-66.1659222952489,298.986107341259,-75.8830019991319,80.1113478337599,221.629221967467,-95.6258852558747,-13.250761993303,163.782135356998,193.612556940112,55.3344530897151,210.725354568153,483.698473964429,530.185102922547,197.461673731852,726.374394330073
509.583666678827,450.232752648415,-5220.58012065119,585.220264746036,460.072915249274,465.918630212992,552.830639150757,489.500357695014,600.332595673755,541.473094874353,506.02459736402,536.367087499126,555.200705513433,457.857397857783,546.328632026298,616.224172689464,297.359829440398,486.328031639195,738.163570898385,300.650646712128,640.512233894102,60.8628611201582,293.202556321508,619.485302305589,-66.0948842951926,205.063811801984,-80.5156776838326,-147.601073914249,228.794804477729,-137.201512581238,-72.0052572816674,115.763056984102,274.90548262257,-84.5874163688012,-96.8976967819897,-23.2314050850345,58.5252193861285,149.888024647879,-93.9602251210713,-75.4359917331979,-53.254433433062,14.9978406353882,-96.545906128132,-79.4588542626609,-42.5069063254134,197.802172882274,89.8276596336494,495.766669140243,162.009586412697,-60.8765636836404,202.721295470248,-47.483708505046,46.2719891629522,178.159143529637,-24.5593195386649,20.7420933957598,147.597852538057,219.457909849337,4.79959501398136,212.721995556293,511.226271470092,524.985758898422,204.57912318396,775.094904194734
325.010747495164,258.623640753018,-5440.19638154873,370.873418630508,344.134966517506,348.175256443454,364.630513707647,264.069137279222,427.878036642481,266.167411022834,338.732002363038,410.833183120565,304.307047239377,206.621249036081,350.590840907431,346.50617602491,139.018185486653,250.666839365481,444.413914611058,35.9407988731867,365.910377711526,-218.464599152459,15.2721072118212,405.040974390495,-256.150306568295,-21.5312866736165,-189.034143312956,-254.859078481961,-34.1126654091029,-215.261707947166,-199.735429611914,-103.934884996943,60.0267259433223,-137.504647232497,-172.165565446394,-147.163336878235,-80.7357599263973,37.7419216633248,-156.458801465225,-155.792839960511,-139.03087099192,-78.5888270018336,-164.354424615548,-139.300584790929,-89.2986105935246,119.166063919107,154.144555537755,386.043674114779,298.305656691024,24.26771299303,160.214659878833,107.399326605381,46.9632070396185,192.742684066911,180.468768135164,128.450329150176,132.49403767904,253.969596679355,-36.3415624188705,143.501994329913,451.537943726744,426.135323011258,106.90390087853,657.803810851202
24.9737694769889,-14.1303514962901,-5174.49067399349,61.0477318728372,176.762817390918,145.150370102152,116.374574277401,26.0158361172403,173.469505545027,-0.804256451271832,170.608282256051,215.939106324577,49.9211062889571,23.9230743411719,136.523920730599,116.314340750791,2.2584494377766,22.4299777791576,228.25641053179,-210.713718107259,111.863378443389,-439.466094261329,-253.30319789229,288.281874050645,-416.848459555087,-139.429069416939,-237.603614941287,-290.093593628752,-124.684359903926,-220.582335640122,-216.807512198164,-165.063612794833,-59.8400997340146,-125.543270085983,-170.003398187648,-159.837481109332,-117.794540345782,-14.8912127045694,-152.319331571102,-157.379469985209,-137.440057975963,-100.656326800524,-168.567207640815,-134.341204245467,-86.4944659268161,62.1010073419196,238.083302126991,295.884497903096,436.269199568235,154.530395196884,148.729091959824,271.296931464615,56.5950247948547,180.592348947895,288.374253690811,187.343195748113,43.4200596572777,176.784771886754,-92.6763511670763,-55.3435435235509,265.307497708639,199.811318460623,-123.526161719833,380.452946115192
-259.670873139547,-242.324834942481,-4807.15772009338,-194.69837821209,-9.29984949598802,-113.975648233559,-106.08546009539,-137.649078988771,-87.0355386391803,-158.690549072709,18.6458461867205,-25.2705345257899,-133.45560674943,-68.4104548870497,-62.7974113159013,-45.1411380001595,-97.7874852446723,-169.948438107313,61.3840707066192,-403.238475165334,-111.228979242001,-540.896552608626,-506.69092393808,50.8115804366183,-566.936736802701,-306.772598584024,-300.231394248523,-369.295034785101,-245.194067868942,-254.789963904757,-259.365571632061,-207.487011848443,-121.945066434753,-140.504923969393,-194.415292523385,-181.187407349137,-139.772103883736,-50.1541342752779,-163.718582073081,-170.404889005058,-145.57088093007,-110.821336528199,-186.102086467069,-144.271341247597,-102.407170376198,-26.5647555471801,228.849926133513,141.244435124475,431.122730771887,261.081395350136,91.3305480957197,323.688564912967,61.0959572749149,72.8547801225356,204.864073839912,124.423500360678,-66.6998153666575,-24.5921960735026,-121.566644552169,-223.254423200261,39.2966612686413,-86.2510047933775,-275.413339589191,86.9654740241377
-434.261235550023,-364.369630692848,-4796.50841755756,-339.254457110911,-182.120196861806,-354.287826518883,-271.644376484416,-228.461391093649,-296.716930415075,-229.977233399206,-97.5967033142757,-263.805473670485,-249.772201033367,-123.494258597476,-242.572713332816,-174.997611589139,-153.505115299566,-330.047228336985,-112.336756009543,-502.818711686728,-322.416603704362,-539.49403766682,-659.19336217461,-373.252305800794,-620.807999397259,-570.189078441818,-356.866541660882,-478.203618438158,-528.824753230027,-322.570325724173,-388.636346605604,-373.928285886108,-220.972086478115,-200.056947919988,-282.041999429969,-294.663392040202,-239.461493928606,-118.096372531763,-218.651921531049,-248.275459832639,-222.392582099914,-170.35519174433,-254.428964896698,-208.50143114189,-170.306095536353,-133.002985812232,51.9134035903159,-155.379577811127,229.938514319298,260.860786405277,-54.4970899187934,228.029949718197,74.7830986766822,-125.17308538165,10.4996911086054,-10.5282666865674,-111.315545555424,-239.931252217375,-97.8244727655722,-220.511611679351,-120.990576775919,-311.779093608569,-207.076983097014,-103.655439892139
-520.512216866749,-424.241367163341,-4843.33415992382,-430.237241690596,-339.111758778125,-523.583387292179,-411.474806595071,-321.391344418462,-456.10872794483,-307.425690133859,-186.927157957469,-464.332450565756,-354.97201616257,-200.145031483983,-437.767480307335,-347.657766149725,-228.019917885649,-535.996741132277,-326.954167428778,-586.742550785811,-578.113502849242,-544.470825603566,-720.545919706476,-751.413875006215,-578.958582976945,-780.400091937202,-371.183302696468,-523.216809335746,-807.347960506993,-362.825069699092,-512.350721230724,-581.226358403189,-374.967857960951,-245.609250174691,-369.380109006898,-435.899793006457,-391.439168363417,-226.728632728582,-275.003444194228,-350.470632615086,-336.054722697427,-281.341732512228,-345.431842280202,-304.501255844354,-272.413523274958,-206.156765623727,-223.113507002471,-517.856043892125,-89.0966152641819,155.384892479794,-212.278282965034,49.0821386385576,108.922837149638,-320.398979937362,-179.189004027951,-122.024024120138,-92.2546167764287,-362.011909256368,-61.0290118844709,-130.770974964011,-198.998305713263,-411.904806147197,-51.8902470953143,-206.105554524693
-570.627585843158,-472.07738594613,-4574.89559708082,-518.731123003773,-472.972945612652,-617.767234739956,-543.522421679796,-454.623885897638,-575.280432491616,-434.36496842748,-284.632495731005,-595.471174321579,-472.944329357927,-304.887228521332,-607.459037452946,-540.209518147803,-332.228952208508,-765.172525670572,-520.425990449646,-704.341605210243,-843.343737667796,-607.887179288559,-772.103669766782,-866.946989613532,-551.520042605377,-808.408499415399,-361.451538592987,-489.031828002042,-846.572120602488,-356.305655688904,-530.963559596337,-644.251812830158,-490.238139867762,-244.662261373008,-392.761031445466,-496.971278027222,-492.84673008607,-347.208265237192,-291.855213334702,-410.996408480812,-419.019223515182,-399.343002758478,-415.200443520896,-391.967439986865,-373.055868664237,-198.67658447332,-422.402637931677,-686.189524921405,-331.019377696544,21.0720707052443,-217.43313848011,-101.891612071135,152.025778273967,-354.643247155303,-274.599018044655,-172.558402819534,-44.8937428313708,-359.104713708148,-45.812413087968,-84.263911420105,-208.657914237332,-391.280506362493,4.96057086108751,-258.976898700061
-578.711014316437,-491.881224359748,-4204.19343682342,-575.949811109936,-548.892240773496,-643.872260104522,-628.822796494089,-577.9277361543,-636.141313212888,-562.488856036358,-399.954425934231,-621.270464350265,-567.656909112602,-401.712125787352,-630.639887524463,-631.148317910564,-355.972290452915,-853.36926425668,-578.469642196234,-730.118689472186,-962.572928585303,-638.041691395934,-790.434272795861,-788.311993631598,-575.359751395987,-693.201760853781,-357.740703831348,-439.540892233468,-673.113095119513,-335.72620392222,-467.431761230027,-555.746762569043,-501.306893429912,-223.263239164898,-361.727849604527,-465.356101741483,-501.293008014517,-435.862731114059,-271.047930111782,-410.543866150727,-443.524548192607,-476.534775581937,-435.553384036135,-441.083414017134,-432.43411027541,-73.0196682718906,-440.834375206185,-478.924014592427,-325.881411845491,-72.8234919739629,-31.0918343697942,-147.391086551329,171.469603345479,-167.612084773332,-222.45805143901,-169.696758291026,18.4840931938677,-246.687828947548,-29.8562140367964,-68.6757334502197,-122.775767514301,-268.415712437024,-32.7347847115199,-205.740848191692
-511.804417079405,-448.118782076895,-4014.56834795621,-556.99007879321,-543.450361335456,-601.596921771748,-629.039840376978,-624.361193183965,-623.70330685009,-626.445318838014,-503.232936897455,-547.049164941448,-596.577035561683,-469.785217371646,-484.860271108324,-573.412363392066,-232.733335757339,-728.480916236106,-493.242675501714,-566.248736096525,-852.094592639475,-552.168249610861,-695.830954711579,-677.458742822713,-584.001409618369,-546.960608096101,-363.276345816558,-411.138330187395,-495.419041952268,-327.653435232785,-404.81870188125,-466.083298566749,-470.488538373478,-214.533517681419,-327.261753068269,-413.379810012882,-471.394226906811,-478.566820091049,-243.033076489236,-377.440660351731,-433.927540834854,-497.691096928414,-408.432215874612,-449.839020100449,-438.235534212005,111.228824809315,-347.841353730517,-107.328351820629,-137.675655652937,-91.9761811562114,125.346637152846,-93.6048758747374,119.824914471001,62.8972857827708,-55.0395919788321,-104.869402340063,59.3788876067238,-66.2936159566637,14.285059537787,-28.3813399393127,51.3540212264836,-77.7857297802152,-61.0193392921479,-5.34949596282434
-380.728555136794,-353.707939858136,-3830.87857676216,-479.219071416325,-477.094985853974,-511.096906390265,-568.489039201099,-596.475149291389,-557.190748271955,-623.081701163002,-565.813540067328,-442.67103426912,-564.256183913222,-524.015127733858,-326.266174153815,-469.655146116987,-75.0896054874088,-551.046870097934,-409.893921183665,-373.001952544726,-674.322851526362,-419.773877788494,-579.877915400422,-612.333125805143,-570.914185943952,-482.313983082811,-373.44699024746,-403.40179341501,-448.635092677294,-330.78571183133,-386.273708564135,-462.205734113856,-489.961884816117,-219.439064929422,-316.62867664633,-403.741258751924,-469.076569918713,-509.056796417386,-231.845276454616,-350.51102473817,-423.127225758006,-488.815753902022,-368.915151071562,-443.853150198147,-423.895404049566,203.213847081105,-268.049504289634,48.0555683989867,11.1984662536357,-41.6924501742014,44.0435694198633,8.17454430030165,-1.55594866419455,117.626217832399,125.767795423106,33.7235903566341,37.7963682265221,114.963523639921,68.5971861962123,19.6838979238095,215.251544342289,99.2619756886834,-43.92816118383,220.111509308839
-240.23788185372,-254.363842196301,-3453.26126768647,-393.839848777081,-383.992014802138,-415.634956302384,-498.403239793765,-542.838901575675,-481.464313571444,-591.153938363085,-578.781508918256,-387.982600723702,-519.185941971807,-570.796780094958,-329.781096607399,-445.055647953787,-56.0082608133199,-540.495661253829,-485.743541179805,-401.691866833989,-705.741945289142,-381.918007097688,-665.951989223798,-705.168581507892,-628.156228269979,-615.387781342898,-390.499343387364,-443.974326548117,-547.843750102795,-342.92704789484,-425.156886339038,-523.209052474134,-571.879454432123,-223.057308920095,-329.853618167492,-445.625857330034,-510.067580882938,-560.640244618491,-238.876819344741,-353.18191918372,-436.655950028654,-493.447432131605,-359.851035952251,-453.974710774666,-430.290300391031,168.090611874982,-222.925166633271,-60.6747725621854,30.7116994022851,35.4817039879138,-159.249367792104,128.659708998969,-105.218519278424,5.00738523376193,230.774287588162,213.140460478578,-19.7563675251959,224.270133980462,86.934586582437,43.0126494120175,267.332480197377,167.696391132918,-3.97448385828914,284.525253238239
-122.411591133563,-172.338803219451,-3076.68129767007,-313.277446946952,-273.799185081215,-337.118571218155,-430.811758265675,-477.494529977414,-432.097270185624,-549.113734829084,-543.799617272336,-406.266907725742,-506.113155998037,-589.904853323528,-499.638298969847,-518.017289312834,-204.505420287177,-715.006357254422,-726.620428275426,-654.415813385014,-980.897909390094,-491.455430960763,-972.705513366573,-1037.31900641646,-784.568304612396,-934.673294786727,-416.357974379588,-556.517825470145,-730.902033493812,-371.767248696984,-515.716999192076,-603.32517137049,-665.985142637757,-224.801214599382,-365.242538268272,-507.31982973509,-568.865876283928,-620.352400738294,-255.791287705455,-384.870756409182,-487.504191460268,-528.632557617618,-395.419126601633,-491.373492669531,-463.719179593874,129.885441740657,-187.190590512261,-177.501486307401,-2.09717466924782,76.7318279842607,-229.167927186611,223.368804119202,-118.987912702235,-111.184875357198,212.558695013753,344.220714088577,-62.3399268955718,212.250793056458,41.7581025775802,40.1960438162977,184.364185522645,102.382294188633,34.905478091097,148.802555765895
-21.250922052579,-110.092764157725,-2889.88157847174,-227.609435571448,-164.105551267068,-264.726861449457,-352.86848995942,-392.285672173175,-408.61074259926,-496.919748172984,-486.462090698463,-455.221361561133,-526.060254889024,-582.771149240993,-679.451332673366,-618.919541554663,-383.891603467025,-869.66892007051,-984.531400641404,-869.887754261192,-1189.28293486439,-679.944805649668,-1221.22953477879,-1408.66533126225,-938.704230811261,-1213.99565933803,-458.704955709606,-687.799303942039,-872.276439973026,-416.476674196104,-604.998333810437,-654.338057794283,-716.080352950205,-237.358938145068,-410.175097254655,-544.965740181729,-604.497007588796,-650.408518356853,-279.154748602914,-421.240543625628,-542.665298031997,-564.166943205805,-443.165289125671,-531.859804472616,-494.369646037336,143.450755852517,-179.889647525376,-154.232912963995,-36.833646548705,12.7656670507113,-121.631940101893,189.835286845444,-71.6776897133727,-132.083619046605,71.1216115914068,313.216212141027,-83.4024301097714,73.1553998027418,-55.1573382052372,-15.9769095345233,-5.30631379812349,-41.918420088735,7.84268205589363,-75.328539024123
59.6212778316223,-77.8964708673401,-2721.44618573147,-154.275218593217,-106.255668907816,-181.241611953463,-263.700964628462,-311.203126613394,-371.31303646494,-434.352706611321,-455.52971285777,-459.65845731591,-524.409755604715,-576.615526465884,-721.802695025056,-672.769289604075,-448.572158714308,-818.638004366204,-1110.59547263336,-850.739911545251,-1049.88562581027,-826.757946274096,-1186.50269546502,-1485.57112777287,-990.482303850417,-1250.45063250775,-516.538525244253,-757.215848733352,-881.436507252211,-457.967822003117,-633.582102203104,-640.439502149878,-694.144012055196,-259.204465199706,-433.681407152406,-534.967922260732,-585.898136722732,-633.259839719754,-298.708235982601,-426.108597780036,-539.239375717771,-553.277563964237,-444.382805839521,-525.455730785749,-479.780060109764,116.019942751451,-177.11699863819,-60.3427022359453,-86.9259334006389,-140.393594566487,23.6937399470022,11.795132177897,-17.7569434174273,-64.7227205609261,-101.738331098592,106.155422765255,-93.2666139706151,-130.496505369809,-152.367803928917,-156.039662132761,-243.799598569948,-204.645380235007,-152.466059461693,-282.272749864065
110.55510654098,-70.8642791283778,-2420.63285771815,-104.526170784036,-117.338395123167,-72.2485254574341,-161.105974867722,-252.1363680737,-268.230095590107,-341.202397963448,-464.552690033252,-363.636908103588,-430.079650120275,-564.479586471779,-622.496070562526,-668.74828012268,-378.950974586357,-627.116064533678,-1098.59831127656,-687.023028093704,-702.525085810072,-833.879867375398,-982.101988102937,-1249.00544209636,-948.087400704123,-1126.46367073861,-549.925303294103,-764.082022601983,-806.386223544824,-473.729175088232,-609.527775132128,-581.29222454678,-621.603846205522,-265.183630105,-419.970113673454,-492.296431639142,-521.956677187731,-581.607866663053,-291.268621545966,-384.274264388464,-468.750236785684,-485.732895201183,-378.411905433082,-449.807414012113,-407.725949279313,-31.7567878284118,-120.325990781581,-20.8716956978776,-151.574867280637,-221.0238977098,98.1584922377583,-145.145134799244,36.6280207726115,39.916433571027,-159.771278947376,-92.5452924959934,-66.3826070829514,-268.780393403766,-164.183887315336,-297.819111152997,-417.006924610793,-326.148904914448,-344.283980197534,-424.2320155801
133.883271279401,-69.4165706707907,-2192.99420551727,-66.0960175237793,-157.339361768362,42.9002369987928,-61.8561237537224,-204.68690972367,-119.320204241192,-221.690229123535,-478.133558619951,-205.197812231738,-273.267565410107,-529.498352500623,-514.347646496181,-708.648724280114,-287.850623714028,-565.217067315974,-1095.20511692335,-612.305820609723,-570.122410332211,-707.244712912933,-882.642514952451,-1026.76980324077,-885.643245969503,-1073.97375224971,-521.117306519811,-774.954152425573,-756.445841660553,-460.754670383793,-584.772441147956,-533.671287225281,-559.698315927392,-240.836577857627,-387.734571152995,-448.814577790022,-458.47886270376,-524.046496079722,-254.147401699428,-322.850654200764,-387.225611065929,-399.222770293151,-288.659557506922,-342.31040458846,-316.917720565966,-274.776522186431,-66.6707349854568,-110.705876830303,-221.487189812415,-120.079603258813,70.1577875864561,-143.733744162999,90.0626668702314,120.957183143891,-66.920413890379,-82.7596836167618,22.9968497975679,-243.862411725618,-39.484814076805,-298.095717729899,-419.075089185289,-327.815860305148,-340.957210587634,-462.931576286342
115.567746116899,-85.8737063293362,-2211.75581645073,-61.6211527657595,-212.651068575047,96.023650182505,-36.3263720854449,-197.674937789029,-39.0663387099709,-172.492599943581,-486.087509796839,-98.5533404124007,-207.861872670066,-517.860452561705,-503.605253476986,-889.677908006352,-283.897769118967,-764.213875095521,-1222.64388469294,-688.351163393982,-806.162749795707,-556.082623343774,-938.472316224235,-1006.02616996118,-816.408019665905,-1117.091111597,-431.079745001702,-773.052513061768,-725.359743540922,-407.282791001214,-543.997969887446,-494.913037871262,-540.933874073874,-185.76299513397,-332.809289324339,-390.572823388719,-405.41794947858,-470.844752902171,-194.90523671352,-253.822834645912,-305.143529098089,-313.879928389193,-196.553376893618,-224.674510650152,-229.793135033756,-508.118136797411,-42.9025185281361,-267.795220632361,-238.116570165624,71.1332651237975,-17.0613721612269,-21.4339053466604,133.192478640257,157.729190440742,66.8961195931983,101.188220315547,150.478204026389,-96.7985105660004,163.683883662243,-143.217067021432,-283.61099742879,-194.21335426717,-83.1209025914669,-378.035028050111
37.8636478172963,-145.135570387934,-2247.61703672397,-136.057236479822,-307.530276002054,53.5761111025382,-134.185071943673,-289.503795599057,-95.0535900949805,-283.997463608498,-526.188619424332,-84.4589633232124,-314.316974594857,-581.962444606271,-512.104671398617,-1087.13824545491,-323.325913338881,-979.492062591858,-1352.97009378524,-735.841621257293,-1039.06121674296,-474.689324619208,-914.350403526297,-956.457411739607,-677.382280276512,-1017.94471815135,-301.565832370385,-630.518384063525,-585.569537066962,-279.189256436748,-401.816888284829,-384.437178635763,-519.02775431142,-88.1588616920939,-207.569485654092,-257.841669057163,-305.215919633755,-395.369215601195,-93.708324279255,-132.84426555807,-164.303700723973,-196.593169618433,-60.3208160688589,-58.0681766079103,-106.856839022299,-621.592932661064,143.731168765461,-305.689319762601,-75.0530469033296,261.290552217155,-36.2139797050988,160.735081910741,195.175924681331,191.287853878384,163.61446507422,302.386199505264,277.519854830817,69.01871942005,342.545326082096,48.536970238713,-144.007287774264,7.70953835611056,251.592120297415,-204.973477911467
-60.508161115408,-215.28313540136,-2055.54798462588,-259.706162397539,-413.650213020471,-20.2868198548439,-285.324982676613,-452.428066049493,-203.851888589658,-478.565128105281,-599.508835750581,-80.7666702383096,-462.028945038937,-666.723679408325,-387.337164118393,-1034.41372843912,-279.811805071683,-876.708547306885,-1183.47487848204,-606.591166314159,-834.854945581635,-470.619511310028,-656.724188954287,-597.051728013928,-482.445815486118,-630.680863234618,-187.537721347326,-331.11244755633,-285.840379135208,-104.997424535514,-157.17678389412,-172.717402017103,-431.94477646351,30.6666476468043,-22.2397106495843,-51.1172015580377,-131.233973388479,-277.791941399262,40.5879187883039,47.0985717643816,35.838544957729,-33.3378443821844,121.224266662553,154.353304399462,70.4812816003376,-625.518261997199,582.223946226499,-182.03863795319,237.573462380694,475.744409183413,63.8016515528133,366.074517263996,285.653279333108,232.812747831312,230.040875807474,475.794708896438,377.201750761824,215.715743562309,453.927857978116,200.634975811714,-62.425085850711,223.0092589127,491.141484498999,-18.2537852781809
-95.0425802056259,-222.799758994198,-1778.26849379549,-327.275442227145,-449.125864455125,-33.3005336158832,-353.058643865821,-557.158083571288,-234.454714196017,-573.688093738268,-631.470882966615,-13.8292034670191,-469.418470848522,-652.397382719929,-130.602888688017,-666.798082191827,-117.099324933892,-473.232110238623,-625.501795145363,-352.622609440361,-268.628701579414,-466.406418259226,-317.422948485435,-58.4489279256527,-330.725748921869,-145.323383416336,-136.551727719585,-52.6125926343064,41.5225972561352,21.7732713487305,66.3407967460007,46.1319446575847,-294.0787979993,104.133040074764,129.282327675337,135.174777160577,44.023083359838,-151.395769767667,141.004854425133,201.59674789626,202.420999422365,118.899881774212,269.250736056072,320.746184476013,232.915246137879,-645.800447045274,957.264222450129,-125.498945325305,388.763851843074,641.678414351377,115.365278872712,424.575115465701,296.818160551904,178.323755776275,181.824386437357,563.64201033154,391.462266382144,282.455734046517,483.88970254227,310.245830776276,-21.6992193768439,366.430432777191,604.37615863491,99.8503356764836
-23.9818549605864,-135.515559496522,-1597.16382728778,-272.719312069236,-383.911101015188,41.2897571656252,-282.923133736211,-509.901521322599,-156.486427684804,-497.398618919267,-556.749070757174,102.606975288019,-321.959577902619,-508.532477837264,134.813814637106,-203.470523222211,121.018613148354,-58.4714541418053,28.95648927394,-59.6871010662506,234.469693093957,-339.772872652837,-74.4384886920652,276.649675383485,-228.962921686246,165.412465520213,-105.908556769281,77.7038911613693,229.392082887896,73.4209602593551,180.57341658106,159.900615975178,-187.41137713451,120.263774478079,193.476846551737,225.724259157703,131.214091131716,-82.5031639705193,179.631651700747,265.592202307533,265.250126735047,186.652820169557,327.090494224059,369.842401139555,292.902179141025,-736.032142077273,882.256268822078,-294.244890491693,105.832677032021,490.779040706996,-57.9954135828524,92.5391438087751,109.215530699227,-75.3679838752256,-151.894546363792,312.814263980984,259.251835086786,110.473866460632,389.988574703144,349.900835236564,-40.4200397408396,271.574886924553,604.958396056283,93.6782396687752
104.01160413079,15.8096242288304,-1384.71493590683,-128.335299445495,-263.178927119921,157.458616732928,-142.038080476268,-340.040895869429,-39.6667245093187,-329.843064672434,-388.996787229741,219.849194233022,-142.128871612209,-316.509237916093,338.683792641255,126.551130337892,383.353914639737,201.428229213988,431.304390585923,249.194187665314,462.703371898669,-72.384670914115,100.730074868289,296.222032252277,-118.888315125416,272.399023512176,-44.8366550043265,107.045729134536,252.685570553407,91.8796490224465,207.955371898221,153.723487807091,-168.917958743279,128.189710392204,197.422677161813,231.380712592403,116.385967514609,-102.562670584065,189.807561810883,260.656469125034,241.828773964717,156.10806136056,314.160861446858,324.382980792694,244.473508742361,-794.370855086857,368.876334007794,-509.779524932339,-465.856047122675,-142.587958823402,-362.194191739752,-611.525717345545,-208.879894955569,-427.672738575206,-722.377911587969,-442.628917372468,16.8735964327282,-338.409334212593,154.430591783473,277.548211819081,-156.853705442274,-103.547183931053,480.686822904386,-28.264835767091
224.656510582269,202.498043790336,-1063.26786445492,49.6421559546772,-106.42783846692,263.374605810439,-3.26232008895841,-120.331207828163,61.6161025569952,-147.520708931288,-175.569292930394,310.181140065124,-2.00921405808006,-130.258048945685,465.776471010944,282.684291028532,564.841605549111,322.814457676674,513.28700719967,457.226896206486,471.70059157005,160.641383222989,211.575155387499,178.860998082008,-43.3726966042398,261.743871949291,2.7029132379523,99.5968309227555,191.189997527315,91.2502072989821,191.928653113595,102.052936502143,-189.954954713411,145.259144703915,179.914981980473,201.953659061198,64.1479812529485,-150.545345518933,193.094368342738,237.234544689022,198.98685295018,96.7933613460137,290.041714798814,267.125473159252,173.720848183683,-683.635321382096,-178.989677157249,-530.635898231413,-848.100026454067,-959.078753845547,-545.063692692347,-1250.99999198198,-430.699648184698,-636.349790419703,-1143.07655570338,-1359.13574864484,-194.207318214803,-786.980454943333,-101.813634256418,127.387081359425,-305.083751058023,-501.615076439764,277.475798403025,-181.90293230421
337.077761928636,418.050846760825,-874.839694486314,244.262857988789,107.384669788014,341.518517963481,126.581127260297,105.831486284638,149.994899370057,35.3744535286123,36.3289643056111,355.880235555389,111.192855371739,54.5131851895951,457.053638876252,300.81759622414,492.762219420137,260.830995866474,366.23647138803,310.467029960557,194.457980456575,140.917437751443,27.7703684749463,-92.9498951199935,-108.103464646098,41.7759288067382,-20.1862523739363,26.2360843136761,58.6416581807741,59.1811909427004,124.25560135766,60.0593535052247,-156.543383149056,151.520185903704,152.662180628011,162.697570350406,46.5523650481717,-131.363303755961,185.890692925875,214.354424236488,185.447207448679,90.5233038726284,293.699128373933,258.745707340045,167.800160018308,-407.596470567944,-366.715940513709,-398.3515659096,-742.183284017041,-1343.24318511759,-539.935882565562,-1325.36253864851,-432.573395779088,-615.245325182056,-1063.57231840197,-1739.526941543,-253.694449210065,-849.629103898174,-156.006989730324,11.2793725344417,-328.314483752667,-566.887538107807,149.81847031805,-230.764797083743
436.892971017247,601.802173669344,-918.419174809046,418.45005804496,314.935897861391,367.162235918307,229.343564522092,273.794992753727,203.348471226237,169.798169173617,163.360288594546,313.441268512601,165.914044632407,175.1608187745,235.924288441114,130.151722615095,102.276329431051,-120.404060078344,-13.6559602331991,-301.895777228824,-539.925354562039,-177.231499242529,-608.23522391696,-744.58380365374,-329.735225317357,-503.034494191182,-105.907697170163,-158.273715867781,-213.330884034352,-9.40675766893069,-28.0294105075527,-17.3679291603413,-94.2168421058466,119.943815706748,89.3070147863687,86.7851251619737,44.092108338653,-62.6557890052685,146.230508687872,160.419585562958,176.696289646371,120.595233737323,293.47716594159,267.6540201818,213.019594329951,-168.946503191171,-177.59715041195,-324.538434037631,-368.721016031089,-1058.69652630579,-542.874283785701,-854.74159617041,-368.407772730524,-540.930550886605,-616.875223618478,-1282.01217337504,-227.099680473967,-475.504148439336,8.36349671881569,0.807832071340826,-181.444560499162,-233.052602346216,175.718755626196,-102.406639146588
478.336362367709,664.015289967468,-856.144120247565,507.105291486942,398.692496687021,325.219988146495,267.446758105307,321.13739898727,182.694922710233,197.434639301521,154.253368353482,181.656604897996,114.835822768247,151.739761135352,-111.122834865203,-221.511465311064,-346.843043496162,-722.0309339609,-565.360647190509,-1017.87618863398,-1479.97092681445,-568.852859794841,-1328.45955830643,-1557.34406825071,-571.630164448736,-1082.63510907552,-196.217361445421,-364.675178348455,-537.433848794584,-87.688657874425,-208.467545442364,-166.03154442058,-125.221959823221,51.5227775459806,-11.2071731463152,-28.6023853978211,-14.2981425807573,-53.5492518225653,71.6042413919813,62.6279873903655,121.199248408075,106.340548325076,245.017898043526,228.155117966241,227.873471080465,-113.583405346372,63.3646373036289,-344.643432468869,-160.348081925385,-519.546582392723,-671.761808348784,-379.738455994423,-438.719284396858,-603.335390006199,-270.123168225082,-474.382788672823,-316.204890623277,-35.5078962271551,114.364605769352,48.4575754547709,3.96957766722112,198.731013234125,234.291766129263,96.4579926572036
451.140648781161,594.969497188574,-615.657881218047,495.381622394368,345.429411098213,260.830728378178,258.077556513091,271.165572032203,117.29525826832,150.416938118049,73.8303485151869,56.4669938594303,18.6924905077791,43.3617881368845,-316.941831437135,-511.193793136684,-448.956543916362,-1101.40907799979,-968.480063457059,-1221.87293640776,-1961.95406756415,-700.616294253985,-1515.77058345293,-1848.85829491347,-656.146343089997,-1201.04613492404,-226.371584633102,-423.416558101683,-645.845224777979,-127.009057039588,-282.125222621842,-304.702504425277,-281.826263060422,-5.80430264826537,-82.9133742489532,-114.397873644503,-127.846905723178,-145.721465148407,11.8475052717596,-24.8927903399385,21.915170223469,19.6563549237047,160.816427622961,132.433458829891,164.038289629321,-111.349911590045,97.0069254878729,-308.561604181562,-226.280197689744,-146.521325327469,-737.066726666566,-236.870135533233,-561.203504506994,-732.988266902958,-222.582204243142,28.4264944000026,-546.359598641892,135.969715228081,-1.45654657735081,67.6441681752366,100.056993124891,392.928187936877,216.514426114109,164.442106410067
372.736535757934,432.317102180071,-941.515052090768,400.857953716759,213.689740224731,203.663674363817,221.924645301201,176.285213784635,55.3705048270092,82.3394222398061,4.16948147184485,-3.89719757153781,-43.0196564076479,-35.3092455424675,-253.397926212241,-511.434716372019,-163.814965249851,-952.499176012036,-944.36649015981,-783.738478733966,-1689.43080621847,-492.960007580018,-1114.55005350658,-1385.58094470258,-565.470275946436,-870.059290791267,-198.564271886765,-346.96215184255,-479.339560970616,-138.543777467223,-240.88014536534,-359.005133748344,-455.994013191882,-36.2951732070829,-107.777830691342,-148.144082287499,-239.08817101853,-277.172526196542,-15.7825031433973,-79.3001607828224,-85.3567132817881,-103.769533658917,59.8896932240747,5.75992406118444,32.2741874632703,-22.599606382094,-10.2134115373913,-177.827000522154,-325.899881977996,84.7683771713838,-560.014996055318,-213.777511245814,-530.515529170335,-689.000653846169,-236.188736007323,143.792901884479,-673.031150804632,94.2125422326562,-193.589884589938,43.9661937467339,104.299041124359,282.407090263813,158.909896021297,33.5358746015814
256.191313895655,212.72889229839,-2389.91273491555,248.805974474002,45.6305262931651,136.632910827168,148.262283205411,66.385573800996,1.33895090854333,6.27076214696843,-34.190970608261,-45.4305957818865,-77.8181564364234,-56.9500231615911,-103.929111486199,-297.633172299982,132.483057219259,-496.587706639459,-557.308495124501,-230.802614882913,-1024.33910525587,-187.916909037021,-655.076765011059,-662.669041720039,-435.809396066315,-559.605128149925,-177.18509476474,-315.516762597139,-284.625752859358,-177.984383284,-211.607863525405,-348.80128509245,-495.471113522918,-77.5656851643577,-142.063817186402,-178.471998880578,-291.422823685172,-331.664323585968,-52.0662800075807,-130.249386283838,-165.447958358718,-189.653211936224,-45.7541377530559,-109.71152878376,-92.3287953289451,69.9230638376259,-66.2148444758749,-65.6200796531965,-256.830890901734,287.106210553975,-268.961664114877,-47.6720601277214,-353.626644160967,-401.444754281327,-72.6501279204212,181.214998893003,-529.053684851982,80.0901579376309,-310.198881022479,13.7076186020651,102.738399338573,71.9175205670913,76.6072329769122,-130.586382565821
139.912513780194,13.5293464851886,-4104.86497182197,103.790149865362,-99.6318039963708,74.0054481229385,66.0416322656824,-15.167893537039,-47.2520432294671,-54.4064269058036,-48.9449382729274,-106.516093886571,-109.760243211157,-58.8676423382907,-95.5615653293564,-108.036759613875,150.181077531043,-181.90078326956,-111.188410312951,-29.4237213208119,-460.698456135177,-7.74078070898804,-480.81914367006,-203.724164026463,-367.017184458872,-482.197419737102,-196.791743030578,-382.44825003675,-236.926651902224,-239.537699558203,-240.882599169526,-309.111040487459,-351.046568478273,-131.035713250872,-191.335433080679,-205.549152354907,-249.568367819115,-228.711597795502,-99.4688196285601,-165.070753428456,-184.433100005005,-168.099567621866,-111.104353479673,-148.840545163098,-109.96311159034,85.3531998513814,-30.9892357840532,-7.45246314678702,-61.8049544041522,403.330153055398,-72.5490271352223,193.060065630527,-189.925499582594,-85.8783139106227,185.085886054572,281.299911123952,-285.001915133823,166.503147747437,-384.559218436349,-47.6953125289568,157.762133462039,15.0327222412675,-112.392566986691,-123.429212960605
55.7532663673223,-90.053544319237,-4614.88424326314,23.7088245650895,-162.170120485637,39.1035272235602,29.2736105122367,-36.1546271080453,-77.4639228155492,-68.8687865719401,-67.5370422667213,-170.268606974252,-123.405139968375,-78.5487365844034,-216.61557565788,-50.5503097864949,-42.4373439841467,-154.321125640768,109.324745928792,-106.940656783571,-202.547803458963,70.8201090085051,-456.505618032356,-121.730105980307,-312.081167129248,-470.987543767067,-203.108527262141,-406.181346349958,-285.082655701814,-249.557416607102,-259.024030097677,-255.215669488908,-140.886629696179,-148.278602332448,-199.050501278168,-189.873711189851,-144.823108828361,-37.3549440867054,-113.901467419725,-148.361397141652,-138.288997746547,-59.9798610466436,-102.457385119132,-94.5451915586409,-15.2768018795765,101.702364529134,19.8933173910385,77.1067183406514,107.002463261334,406.003812934602,4.46844960532998,313.595326882575,-121.462729772498,34.313046742074,306.251923326748,341.295997763932,-206.730230220618,225.500107612403,-473.512866234057,-222.82062297714,203.471402168594,153.814403379452,-431.491309247679,56.750678714001
2.89502943917314,-95.1504981395239,-3699.12260226574,15.931724138062,-136.482796251531,21.1279230646827,57.3904664398905,-0.528063042336297,-57.2403176296022,-20.0253260183808,-94.5388640473221,-186.505129237338,-78.2169839030714,-98.2067561070145,-275.390332526506,-21.2502320813143,-231.847896697057,-178.625202018273,94.3852367204092,-174.241530364149,-132.833562777031,160.099081870507,-338.18317241249,-226.928398359985,-145.236831300834,-359.469773358294,-101.27080716831,-252.499065122518,-312.979982903072,-148.766700980233,-200.03968635107,-190.560870077596,4.83958782478733,-98.1601636087855,-131.314316419845,-127.350327841826,-45.3172821177611,100.336755880415,-72.4816130702707,-84.1603386910319,-60.2053742552058,46.31578177271,-45.1167896050004,-7.40215768761662,93.1860588705597,194.403688605448,70.6342083794631,230.788977028318,198.141130983891,383.290943666408,51.4048259365495,256.075364109688,-99.2436561468052,-3.61517302492566,220.100564335847,285.46998526298,-285.335870666437,142.737203997104,-508.221244171569,-496.187736757465,96.7286220138717,326.213406176389,-747.522448018069,251.183001975085
-8.48053956952345,-28.9517915014476,-2530.71773835283,73.1003309056868,-39.2520104240777,28.0061066686836,141.508247183282,84.1425621152075,41.9894366949245,94.3393426236029,-68.1730492070341,-107.837472934172,50.1006018550476,-50.3136429356646,-169.022441330786,114.835519855782,-344.451855325082,-21.3021684014742,99.0421639417185,-135.862267751438,-12.4457526200401,227.810225795544,-64.4848356577931,-244.233859082924,143.83190225901,-106.418029764633,95.7839965529705,41.0354805186766,-235.26146169683,27.9293679612512,-58.2867764941729,-100.826114903254,86.2818995169969,-8.57168147452863,-9.95127258287283,-34.9062445321832,32.4115518767539,155.547208207303,3.3524282402621,3.37059124907895,17.1938554395719,109.307015530279,16.1511286922707,55.7297541385476,149.402564408458,338.398694345321,177.622410249916,409.787713915987,286.041277806846,411.039077109172,133.246574180958,140.529236631898,-27.8642508946006,-4.41889995875651,65.4810538830126,206.712905726355,-294.564775482317,-15.9416412169438,-387.852755957523,-687.328573615458,-184.737272838069,421.490304150022,-865.077885003178,335.380993564712
27.52106042296,77.1796821589758,-2009.90676784433,167.260288283965,110.534893603527,82.3904518824474,245.379524716565,193.647341726468,184.377126766472,225.093715985129,50.5892403342257,38.0547587025037,212.674838101363,75.0932971177593,8.58365369306451,323.226704039754,-431.791537118189,267.984586766813,261.287464705897,-24.3090357057472,215.063917053594,194.206403785811,284.542638735823,-47.9713914453893,421.803567851839,241.385122803716,253.588728962235,316.240206041425,-39.3538417862036,172.198592714705,116.067352242782,19.1229777975183,158.809833953392,58.4088982153872,110.69802946344,74.5201284931331,114.237971362836,195.381049938847,70.8981117071499,92.2710524521338,87.512302428881,151.725142210272,70.2265676956958,100.371660082913,176.866736873719,487.605146058106,342.248583161634,555.857628665167,433.110208148541,491.248638656644,260.458246729227,159.304843946044,125.543963358785,121.6486930739,36.9832116474554,261.310921226513,-118.092966845128,-47.0091202621732,-125.586135057009,-602.502287042885,-425.07138825711,468.725556546348,-687.655340167825,306.507562900894
66.4526185648541,156.967272007277,-1844.12362866453,226.367341285073,253.543813070432,158.396360226592,310.267368903553,269.748689345279,292.983461365207,297.271312101143,193.638943452555,169.793319672993,322.433613272181,199.342044069393,157.899831572811,473.141432554963,-422.561346279517,524.279073162695,436.116045262814,213.376966047692,424.742632856098,199.492988149336,640.663230394289,274.79554961908,622.393400171619,580.397993594288,318.218629991573,485.534852023138,198.91054800678,238.861198359907,271.470515731938,151.943353220572,236.154854227755,85.4834271665889,201.431582686279,192.649048770652,208.79895884246,246.422301671999,115.916698469045,173.341460594819,161.004966366681,199.598942677966,132.391549382735,157.486156601301,209.224347446522,619.268572391099,469.276624352136,644.52132549508,605.258719780766,577.580481703558,401.750507817654,371.022841538703,298.958143439542,309.302521581922,211.004403817161,457.752583907745,154.776906407618,142.305692499631,162.69332005741,-247.740223433524,-363.929732296145,488.996614346202,-305.764588622565,246.951059536424
39.3601346768448,138.62231653062,-1456.00413447668,187.814786214112,298.676500471675,187.090015800418,295.322678582857,264.237087577781,321.561535100838,290.152526549209,251.539740457197,242.329739417728,345.025745226348,249.277599759379,299.061646983361,531.730114959594,-152.518863846906,713.512876813761,501.614735646591,602.188818647474,614.7366485407,444.987244359644,967.592917933551,620.150783560975,774.98943383663,834.308535380075,370.420257282019,574.735491723296,391.150817209943,276.188355823029,387.896692918934,267.538586058521,296.203923030374,107.38176442022,265.412685515472,297.691873400856,289.218333493981,277.490089256211,150.994487819707,239.942003415397,228.417477200043,243.526287042447,190.345355983803,214.372358404645,224.647933142889,699.488803919957,462.557694194894,668.492973237232,696.82646516358,588.181025735096,496.277175823688,590.178239361479,401.50584479926,444.955357062175,436.417344079447,588.667030465952,361.193874412477,350.146210121299,348.456096327203,129.189348179343,-68.4096489519887,412.553256254213,47.9167962910744,199.496626718968
-70.3229450769631,26.0205327626627,-940.337581530092,70.1141270703277,214.939697609205,126.846782897142,211.618743315734,192.00952847587,270.028140213044,246.599545941079,208.458448292874,246.628513203372,312.719672106129,237.64889761287,437.611022880042,564.125941011544,297.449697486989,871.298895107811,556.626310468786,964.492247066829,903.167670546707,820.758410263692,1198.77478466524,976.213070494005,871.82336312198,984.013018940961,462.626315993334,612.767551800389,499.648700141942,317.159755695811,446.167685797292,337.202966602592,331.069413283183,139.839177345866,293.94722791027,345.714559986963,323.936987923393,275.625306966511,171.445791749352,265.54146776808,257.791885745288,251.746907333437,202.155652318398,222.332151550893,184.637531325275,700.442360917529,322.953547215127,640.796967253322,628.374024873929,460.964912154495,513.951126934171,598.889793591532,414.708892079552,462.471106344517,479.214391607482,472.387902222614,415.122824734144,317.923078564095,381.076568285799,290.236651394542,117.932856946323,193.632471943041,199.610504291353,116.477926003534
-188.502545734866,-80.0379187995518,-648.440410461665,-35.5656156126387,89.6825266010677,11.1651911655533,116.799569204288,131.270875083109,173.000254158114,218.776952321086,166.349696366511,173.005049349487,268.715079044894,235.824802089879,469.112800722293,567.221093881387,589.378772230728,908.922248571629,659.68286222029,1072.30435281965,1165.70281937924,1031.21446132993,1259.50917754477,1270.16620069606,902.784263202537,1020.0822865325,560.16187556311,614.295085318221,528.373515260393,354.952946741734,442.286746043581,366.674037702257,368.288134870848,175.57764825671,285.173874736302,328.870491502187,323.254577765932,273.558944687943,175.171222487838,243.120781622161,244.011114576068,222.726469552751,163.67322157074,178.039200932317,109.918736914578,663.085620334178,160.031554527015,627.068088467788,468.693832379717,259.082282555553,535.347952861146,435.154368723356,434.086990145196,425.969896930911,340.107593252087,219.891610732477,400.336436484908,111.03893596311,345.186950362071,282.263248729885,84.1015045616959,-52.4759847916301,218.483434547821,5.13409175624617
-256.658187969064,-111.588637608673,-503.145876826881,-86.212801394141,10.644601491829,-114.263948046715,32.6062314381148,112.586346380134,48.7361920489504,188.910458758839,180.122741037563,11.7613146962049,190.923567090279,242.13190570473,277.890834582122,406.253132902499,500.809182764245,642.905900275378,602.763353659106,837.375128311069,1030.74598346643,947.565163120439,1083.90320388775,1272.07442682153,859.300477456897,900.882855141913,582.660762747565,576.906887537526,471.814049617587,361.887278421442,390.641740871451,363.844637248964,405.983802974547,192.330376827248,251.265377654754,279.094079012848,303.657214901978,286.672418036277,163.617695642248,191.26580041305,205.030234255935,182.982650419471,109.274659994446,122.722845244398,54.4445402836012,634.226327281553,80.8756540001984,667.663576945952,366.754770064516,105.13053436424,636.667919184348,295.015206452633,526.338331320407,454.317772179334,227.303147558536,75.8462623678722,441.037752295135,-2.37498924249785,340.384449847499,294.31801769097,40.0684578329853,-160.332080688744,264.745248760941,-45.8807851664198
-309.013234786745,-123.989376302942,-239.525391951789,-134.7757647046,-39.1732696726061,-234.708606146834,-73.5770182507689,69.0773223262223,-99.4702905939164,98.2524151448418,178.880078805963,-186.969975466539,44.8038649569055,189.098869092921,-62.6944771494632,67.5570669342465,163.636507005844,133.672677524685,275.120066315628,381.746948901419,457.756212905306,666.577982184983,685.413232494736,888.903712671573,691.437410670816,621.633459013109,471.703087669791,455.73832711929,326.793912934136,299.115419429033,290.408857218253,313.572604830583,413.515146862758,156.659519311179,187.969376474206,211.178937702991,258.8851242313,300.649782127247,121.297154005424,119.139073701195,156.844938960438,153.544484328006,68.2535987001934,83.6650044105169,40.875664906255,573.349140144827,88.6242368104851,690.169750178453,355.094270700485,27.8423605242849,717.951294336728,251.304190356962,591.519641696152,535.242017543387,240.819990398202,97.2328171173813,499.427188641157,62.5953198162943,333.821517109062,346.465441800863,101.590618872788,-116.124820519068,323.274473970235,-23.5321699045227
-357.691676892841,-165.135147216037,117.983187009436,-199.833926112418,-85.7614895678146,-302.15443762272,-173.738280479489,-19.1059461987894,-201.938930663326,-15.8298892043385,122.879927142523,-284.188222016291,-81.5942761742315,108.561286844971,-259.740470449665,-161.439150901321,-73.7822831153591,-194.661378936644,9.43463335715612,61.772120831954,-12.9906490517759,406.773115443037,319.883719857761,441.465688640526,449.476144508994,340.931278658749,295.508143537346,266.300787708056,175.646697257797,188.953561669124,166.294263737005,251.782539908322,417.444264860908,90.0730424211304,109.774326926386,144.230472708991,220.724661347763,322.588664392229,67.4787718221027,56.4706920387438,127.519223197575,150.689047790529,59.5415538492661,72.4331289843235,66.0049972547236,428.138071109707,122.279137595689,595.614309064452,342.738041783214,-3.22198758808884,630.913644332774,248.181472771501,502.510099825831,542.414662571647,302.977862732575,175.105954701615,451.457887176481,187.350054014352,247.513661271072,329.133996253019,180.188235724263,-19.1062436096057,275.294265516978,14.6084547540148
-357.326218872572,-196.965538200058,392.392199207582,-228.922085833247,-107.470955169286,-268.79130674685,-192.992375088244,-79.9423360285789,-182.175947370976,-56.6526651289412,63.7185417932009,-202.015901838687,-70.6955929376489,92.1681504680955,-126.426921146136,-43.8112538518199,-22.2620487892107,-38.795280186632,119.530333558551,170.273290067212,78.2356700900404,331.913936065271,306.893501607596,324.531085313318,302.599977148626,265.883232675577,181.078214604462,131.312876995606,128.177806030475,107.801860778843,83.1731382521716,235.581713837951,435.943529009267,48.6340270150178,58.172619026366,104.540917775181,221.810216096117,338.26190700028,43.7736887877442,35.0151412076229,117.587659516646,155.836251673875,64.1969034456428,72.3475955306267,93.8660209040605,220.243323781789,113.927796887252,369.309871576108,245.45901835961,-15.2477457444459,390.534735198754,219.225872272194,284.089922219906,399.135763968396,298.316963998344,210.729282180901,271.54450552978,248.233583396418,83.5363990819769,197.15424733791,190.516371628122,46.3268560801082,96.2125501731213,36.7165948558833
-311.134149875362,-193.591590793802,605.52226353491,-211.082068809546,-98.8183749619607,-182.433861563846,-143.98306205877,-80.0717649121535,-80.8566198339263,-20.9101212593879,34.2094055968485,-40.197543767242,43.9604966826675,129.250798475347,176.595386273197,270.16067484367,163.730228622039,389.077353535028,399.309162203699,529.229074503883,484.710245888592,385.816158534879,557.4308341793,486.913688690497,298.960212472889,350.360435346475,136.993363680776,122.480734581482,162.432449434035,81.9959701552689,65.1246905236348,227.927956103855,392.126347240707,30.8702273974107,41.0467453547644,76.5550960112768,208.34549501784,287.597694109415,35.9516993603415,28.3900032821517,80.6325730642274,115.504311108173,32.5742103863077,37.4627313666776,66.5512778231549,11.6588719767401,30.510690857262,89.0935699013986,73.3475796769051,-55.2547917210331,137.684501734564,124.444098997695,62.7846557268535,158.676572936286,179.215433521766,163.015899944577,45.9648126532246,204.912661631539,-99.7565883569518,-0.98738152691489,123.506565775616,38.4057239387273,-139.882209884766,29.3064724556829
-268.272618550765,-179.221282665779,878.004110907641,-191.14845830961,-74.547072399219,-140.128543586399,-111.356074763387,-56.8855051916844,-10.2692076815721,12.2221404412719,24.0301061107468,45.1239106588751,123.355696650177,140.612762175621,348.485704002058,455.457295459548,217.584571667084,639.221752241379,438.797176982057,663.818640474518,595.537564468584,379.43092523514,609.639504858465,492.950159447683,294.723162432506,302.4814708257,76.5388267021126,152.058341029828,138.866735302997,64.308932142889,54.8247091768157,145.963047063755,230.291796854529,-5.94905378414962,19.8901302961657,24.1852559901845,115.058033946729,158.847686254254,-3.905825882608,-8.56480078010794,-2.08908850471094,20.0777799134874,-42.3990968906408,-42.623996616058,-19.3436241373921,-149.504059989052,-81.0737676774144,-135.84113578533,-75.6928838222056,-148.738903111398,-28.8048642759011,-14.9291627957894,-80.4329922404196,-45.0138350711628,15.768102948066,43.6340756959887,-122.890939514,98.5062346825296,-240.772818531895,-177.106866174997,14.9553256851584,-39.4124989986197,-333.787516002738,-18.8119826523439
-250.317746312337,-177.097517135522,1134.48581919504,-193.766156616221,-43.6351818194995,-182.950299080712,-137.721618693398,-47.5391729699424,-40.5985590144705,-11.549599878942,26.6705498814563,-11.0567346082498,72.9102376591626,92.2514031597784,254.99224518241,364.69144220325,71.858645605613,511.869449269817,163.818101536152,399.998438477573,247.336772505329,221.455552039996,281.539772917343,110.425258271265,171.549879709103,22.3658867802087,-40.1221013768316,101.546680316717,7.67432537630152,1.56065944539467,-3.65160667108255,2.52991774451286,25.860652793231,-77.6001872497211,-37.1863392327073,-49.5312248335916,-25.7010379938553,12.7632995996416,-82.9060550341097,-76.5431961616554,-93.0174782420808,-80.6527726826653,-119.402833924352,-128.983914752461,-110.512143108743,-256.514315171981,-161.388300597757,-262.031228198297,-142.184198273763,-258.669620626765,-129.597731167541,-129.941173473195,-164.515832117108,-132.078637264454,-75.5928695691343,-96.8847863161797,-199.944929086415,-1.29014522808265,-300.207186078967,-260.738748245277,-67.4974725899614,-150.606894575845,-403.828875678567,-97.2088110634516
-246.519270674725,-189.665072853509,1235.79505608679,-203.737519158598,-18.6426411847234,-269.767776547203,-192.695390054358,-56.3096830267997,-155.415235384106,-75.0657978405834,36.8525035039371,-165.189789399644,-80.9824649542,12.6193740839907,-3.25839314024322,111.180899271568,-114.892607595647,197.502775459936,-124.651864036342,41.0238270587318,-69.2325734199291,-16.3619606528782,-49.6142889785056,-280.664855901491,-3.38531396016408,-168.098065461858,-168.77869906661,-2.30962094257165,-66.4248388536821,-90.4414374263562,-60.4349592795977,-79.9040774466783,-93.7739840325249,-153.892293203376,-103.201628634669,-91.2037178587331,-118.590449351733,-89.2476854749024,-154.747121006607,-130.829158346699,-144.811360454849,-140.431860031389,-163.660627959444,-186.077653207439,-168.648336283592,-324.444895328925,-231.010281598046,-329.605552050131,-178.943827325247,-337.726409996598,-228.800559087134,-181.460940668345,-242.253574527772,-144.459848540702,-69.1828456463485,-201.989320896325,-221.076975562147,-54.1540331585265,-280.519209639835,-241.091241637733,-61.2721047670983,-255.784902875551,-326.380676282975,-161.154506013126
-237.40266944047,-203.282322359019,1278.61061342877,-194.515221346296,-7.58524818764244,-321.576054170925,-214.499305278667,-56.9319441796132,-255.007100198451,-107.673008820124,41.8628094279024,-302.860965180837,-204.1671906686,-39.9785764852908,-206.547151639697,-71.0335729701882,-174.271213878307,33.7499758760843,-131.29308923345,-74.5453444527306,113.126230190554,-223.689554570319,-11.3436159768516,-142.581448907566,-84.0139450928864,19.4131405775753,-236.959192694525,-40.4020052008724,79.4150361806325,-132.089459969323,-24.2792631616084,-13.4163212142624,-75.709877248784,-181.49973937526,-114.15138199441,-55.4311825178117,-107.313372557375,-109.848423202643,-169.17786768528,-124.230878111831,-137.49320574389,-142.757981516823,-164.009017091278,-196.059235146175,-181.856859026038,-334.169661603598,-326.058583133008,-365.416628141519,-229.459016487509,-373.089686908873,-323.046886128388,-179.41159422754,-322.178362710917,-161.334738071744,-35.3320034098886,-234.435326404041,-233.050573578948,-57.3914348447556,-230.034572594444,-165.704117025422,29.4581440492078,-317.19251566629,-165.227082470696,-156.102222427821
-212.554032234053,-203.271863823922,1431.0124606758,-161.712634157131,-14.4224778623202,-291.868599052832,-169.671168238209,-32.0215950748756,-234.866524399398,-62.6953823327632,23.5310684531199,-313.1888597503,-180.588546368946,-36.8956513542719,-211.884373524866,-64.9536691201535,-99.5615990049938,143.433175387615,77.5324315959388,43.8378036151705,597.396285024183,-323.194814712135,272.348442293628,368.403121253812,-20.5274555360078,352.083993672247,-195.832695970385,13.3456828043949,291.031341996151,-80.4755329870358,69.9073567407284,105.593402354605,4.64794492878511,-136.859030559238,-60.4118715622743,14.0181494233174,-41.8402308094994,-64.5984043325191,-127.196182689205,-71.7403962828042,-106.155797675232,-112.173815321923,-137.904671785029,-169.789461604801,-164.208959464189,-249.483218866317,-407.880974633736,-341.100788193952,-238.998065135676,-386.943131224449,-357.956937323609,-155.715319273567,-376.914048587828,-207.001553250397,-38.6321006893405,-212.650964581197,-261.776903354933,-43.9157664474173,-220.436877283505,-117.86287271333,111.438885369963,-318.933687793233,-47.2375320857059,-96.5220908704512
-189.994839246295,-206.703211609797,1599.73928338973,-143.160043549986,-65.967468951506,-213.464047577935,-103.56675761589,-27.7368451119043,-116.185752116695,2.92934537502538,-55.6774738435934,-203.131593630598,-61.288085122302,-39.4325575411073,-107.317448588323,-17.7440060356836,-4.9526174451004,294.840107690839,153.872397910333,166.04346052555,806.635335919933,-232.998441374835,462.12594441552,537.536005154338,148.235196891022,386.543059558382,-42.0727235879282,87.9323902798826,245.915400108924,16.3787242474237,85.2720785536733,67.1163962390383,-21.7584903355456,-61.9460675004817,-16.4403168723435,2.56066029694638,-60.0358069932901,-75.9081065240826,-84.7198457423656,-57.0740104971099,-138.898592659138,-138.387182761129,-149.090434942277,-183.599545017005,-194.356032085018,-108.928908799414,-434.927076812305,-260.388010880863,-178.985035263272,-429.145045093451,-328.829835996392,-160.833951481246,-396.03533412394,-267.479883553769,-97.109947725035,-224.544442531614,-313.380812082109,-79.1221707594628,-287.529362962048,-166.44130898969,70.9905051351363,-313.315991378922,-66.0451460506213,-89.6639410677136
-207.230363884068,-251.074544145427,1594.98665959708,-184.960548770375,-180.287964045329,-171.08856277931,-106.293869801889,-107.290690601558,-40.4773215806694,-18.3076931612298,-214.241544586003,-111.015622800025,-16.7598734335656,-133.103287352396,-116.679574399759,-176.058546007469,7.64379452596506,174.605813813628,-81.9861623810425,145.34869850408,515.962315391169,42.9722445384905,447.792014952551,162.039352320691,369.953598747881,132.341233993104,153.398491479219,153.802269997328,-48.0833912657727,82.0433654777668,-8.48762990147002,-163.826783062167,-241.003357797298,-29.4786022349822,-44.7938860511674,-130.194346201618,-233.145664303799,-258.642237822398,-101.364403444414,-136.774592749206,-277.761038105408,-293.467321054086,-256.879842815984,-309.434968409714,-348.525530060825,-21.0190618519484,-461.548554171108,-205.230061115666,-151.815877075927,-535.058955781177,-299.314957749209,-243.655194310337,-402.125491068069,-339.416308816356,-209.536575408165,-340.434443595953,-375.56261331316,-206.722437898712,-387.934634339697,-298.704877654193,-110.164920235658,-386.966952540034,-196.475363191036,-214.379896644505
-273.534650951252,-330.569088050783,1499.0949582661,-278.817773610891,-310.915079126218,-210.828227302272,-201.259974838053,-246.852084524931,-95.9576234364533,-145.229606013566,-383.850165816171,-148.319565251622,-121.461662138199,-287.048966691307,-319.433362871149,-556.482916770539,-92.6260923352069,-216.618382023631,-418.532026608098,-12.475318512025,21.0383350157964,287.010944411097,324.693113487742,-165.758683487867,538.229911059607,5.37415774487008,253.371166844656,221.868262822165,-204.017709695006,82.0542792796848,-83.7001026542685,-344.640989876621,-491.82657965645,-69.9863909228751,-113.882525416565,-268.365526078893,-429.466498140602,-512.650232265677,-179.616787396024,-259.303352852049,-424.259971788104,-488.63193803022,-411.532912247143,-475.964269014782,-554.430650622045,-23.0430407901938,-565.944040422999,-223.830625723743,-254.867790595731,-668.569782780463,-306.63285611015,-385.267798297186,-409.376357077946,-409.295169373526,-346.438339014362,-508.964768432607,-420.519624311627,-375.228141941404,-440.34561472573,-414.302998854744,-315.581348404911,-532.67907182965,-326.454572004309,-401.009787977078
-347.919857532841,-395.866242763802,1528.20854123632,-369.571358321858,-393.231642948976,-293.615288853213,-320.803426398765,-366.481412805644,-225.180635409253,-299.06755656912,-474.91947579023,-280.75636136743,-291.543843549391,-394.705245218289,-583.622065921873,-928.586050853017,-284.318488828121,-614.496886570519,-582.1561872455,-267.067059959709,-354.515374655735,238.114950761445,128.725082554766,-44.591599041924,484.888910606713,127.97514772049,167.569591413341,229.376441428979,-27.3695665012677,19.9011849845646,-62.013346869866,-276.99766471566,-529.28434965014,-146.050916702763,-160.953934400313,-282.057589985326,-455.459581617234,-604.282612602937,-259.312602179419,-324.762654102556,-440.38982875014,-545.703037729805,-481.608407584005,-527.150474863571,-646.234778003773,-15.6273596585326,-718.643404291585,-237.835906269599,-402.628286322575,-743.331584422281,-294.031012289644,-474.407160365937,-376.700717876366,-409.560326182252,-415.18873229527,-593.474566367635,-400.732254254889,-457.877683825747,-400.947789883857,-405.61460969778,-385.418758149426,-612.938230373146,-357.396516481751,-487.451154483588
-398.348520509605,-436.152878153845,1639.1279620462,-434.593168760079,-436.26824148412,-369.482569804587,-415.098507406396,-451.989230388161,-346.023361402194,-424.672021578325,-505.692552289913,-419.668054196339,-440.672608375787,-446.040751474866,-777.38887459043,-1128.502619232,-520.079523225383,-869.594656084786,-617.088195246301,-576.154856566085,-630.955591247171,-113.362804104826,-196.829821452032,136.98199803031,158.102740553681,148.425758338916,-52.9307644372003,89.2598567532773,183.130240787443,-90.4435588816568,-37.8834831415049,-94.6129934117129,-355.838616730049,-208.778116893391,-188.863856827359,-209.734985920339,-324.238109598714,-482.574622636537,-293.244428098862,-315.071326451549,-342.15658826599,-444.649290172684,-432.700877453247,-446.532453814286,-591.73056003228,91.9348201029259,-811.472757733744,-155.081785394341,-413.154390749183,-714.739492386888,-190.00848010952,-404.380994706663,-255.362068477938,-275.410939734089,-320.826025277036,-518.100334185349,-281.755923836149,-386.578673329276,-290.785730721608,-265.900656768786,-276.561821581186,-530.405119723495,-276.139195891864,-407.587806625388
-439.973326880666,-481.015369038788,1637.31948954965,-491.897089065154,-488.100191568324,-439.663187327744,-493.026798796432,-529.585312753091,-455.660616646761,-518.106623889631,-538.481958317979,-536.423991441329,-551.550058106881,-496.767068635486,-872.875497804758,-1155.83085572061,-731.175041818398,-985.835284363996,-694.626586778587,-805.82117213904,-894.084473118932,-526.698296896536,-557.698070072144,-54.4666466098303,-245.402701693518,-99.393065109721,-273.374854916973,-136.775287897727,120.299576285595,-214.71125596987,-107.202622549681,-44.9696523304296,-199.002528802875,-253.458659343129,-232.370953052816,-186.456066137231,-223.116302994513,-325.516679207389,-301.899136473006,-298.734810829127,-276.142314491041,-344.113950650659,-373.699287619387,-372.664101450669,-515.469706421372,240.00059869975,-774.964927733919,-7.41306791899565,-235.50663863937,-586.024498570553,-14.3418109678093,-164.511421190504,-72.2097408757694,-36.1154620100902,-69.3959003992966,-298.350512166142,-94.0463761477243,-210.410974122126,-156.539927767566,-97.7931917696439,-107.055193363179,-356.735335126614,-151.55670754909,-267.87134414455
-465.015924555959,-502.689836237648,1574.54680488955,-510.241315435166,-515.713561112793,-485.427324987283,-527.274924189795,-543.130459077985,-535.834766015448,-541.46800764133,-524.604755246086,-606.522011448655,-587.661229980028,-506.718302232286,-853.550238316231,-989.897861940905,-840.234772413901,-914.835495320741,-720.667333900632,-804.802300884686,-937.140359566614,-788.641473120167,-687.12376773529,-348.061880926422,-482.667203493209,-279.337928160332,-398.227209344486,-283.763500009749,-72.6564368234608,-298.075536054627,-207.396568326095,-126.821705967348,-163.960585210475,-287.138264142196,-275.072808893626,-231.316530766326,-222.758697752806,-251.897669157505,-312.12545289567,-301.85882908397,-288.603225011449,-321.905789754297,-364.40198772895,-361.617446143354,-477.307771717048,321.241682434104,-593.026552501353,126.845320654929,30.0335928078087,-313.049606505122,168.005244013818,196.643365067627,109.37216395456,220.375015588489,255.415819979836,78.2278510565318,102.787842401541,22.9826820882239,-12.1745417733957,28.2686005046234,18.2487377642803,-183.944353283942,-39.1420784288421,-177.519007791397
-417.43039020042,-427.305546355177,1641.15633172128,-416.963869290554,-433.338495838387,-437.402020082731,-448.251170846562,-410.605067377994,-498.114678386656,-439.462330888416,-385.167546673883,-554.588504762591,-495.928035163354,-411.036168054501,-694.414180299477,-618.863260914914,-776.969630188855,-634.08773713561,-511.060397111133,-597.611490830298,-546.1338614116,-859.257710419912,-492.16353197872,-237.487522726156,-530.07096734373,-127.477597956847,-407.202951701755,-298.498067428579,-101.888743434003,-305.150615753908,-225.919940291554,-157.412074102145,-132.143263897215,-276.374364731807,-266.271542283423,-238.141715614926,-208.832654051376,-193.560176116085,-287.111323910473,-266.413841089158,-265.515883578306,-279.693756374745,-319.375760755583,-309.307718955112,-395.83211486448,334.373386427732,-304.286858427966,233.888534933929,248.903676023065,127.035950540743,334.151206428852,572.488351329445,264.715016952483,419.20105817587,541.437054148947,592.56780241147,273.151565775545,292.982785474257,140.889737994524,146.117985743571,112.334626898995,-5.32281996127045,71.4726901957475,-120.570402834082
-296.698079683899,-268.113398629028,1761.80427537665,-232.704741590697,-266.67355863945,-286.951303188594,-274.014197303026,-190.936558968367,-331.723105008202,-257.011143020206,-198.81440905142,-358.981673893685,-318.872869952922,-295.773015597964,-431.413708519051,-204.512417554742,-501.223264933932,-280.389619758268,-180.044925016857,-306.247338676827,72.3945636530951,-738.330114910945,-157.661962790305,244.365317353105,-485.801458292618,146.156945520017,-317.437934786839,-255.713806596449,16.8960456257748,-247.175836247691,-166.538810564201,-88.3661540887398,-35.3450551314853,-191.693548247119,-199.73864444722,-164.752864048313,-120.83364556045,-98.8920764410899,-193.380242200318,-170.87734198856,-156.327561214998,-165.748173132374,-191.937707693851,-168.815070750894,-240.321733820084,313.311652936227,-74.1977859183283,281.838299336316,264.522066137751,527.611611854343,465.374656399725,737.788835180341,384.200229093716,494.939381500406,618.255990172376,978.744633860119,385.126593101421,451.050262305095,259.666891181078,268.831461582104,151.311965026424,112.267180488804,177.233169978584,-102.1694145965
-204.379771644114,-152.161061751631,1724.81781873892,-94.6882338506813,-169.473785203993,-128.051545708019,-131.42438786606,-57.0568681268824,-165.279020997923,-130.602465463396,-133.164862817316,-123.411871245462,-178.171349436048,-304.800620878622,-161.635301422165,73.2804751145519,-106.630856042204,16.1750126789512,41.9749581704873,15.6428127370549,526.983657794539,-436.195462949301,122.847436924753,647.93185789164,-396.1853340872,239.987329721308,-193.994579766407,-224.837456275919,67.3454026101429,-183.118573105715,-129.718328146047,-48.374246247787,5.24399412781624,-88.0253480098697,-141.631908398701,-107.807166124768,-65.7296322365187,-57.9122891710873,-97.2486843660481,-98.3696149012463,-79.8533732456478,-93.3847190172582,-92.2574923008162,-64.8261500453203,-129.915957353597,226.457591808525,-103.39851717983,181.439155984532,-30.0030768831826,572.995218140914,520.836259355463,517.221702335876,460.602728723778,435.946585559486,375.972680003494,898.34477096706,430.957428457435,302.357386812553,313.404173310764,329.197827376406,30.9958374415747,-10.3044753459057,231.15580283451,-225.596999610473
-236.749830184658,-190.682166069371,1597.3746315537,-113.683420041236,-252.232093696641,-49.0265123803151,-116.871231962722,-116.818788061662,-99.413828058483,-149.13775538787,-244.819505559268,29.6139173961511,-134.997496410429,-444.3584596279,14.4300175001949,237.37161913216,166.928324910008,255.904018578153,145.47650377429,286.522293034234,709.213731102128,-120.518706492391,257.694188017149,682.217424417082,-339.886467510047,127.203275370979,-151.276978199646,-250.598085443487,-37.7053955908139,-189.165852872475,-185.617501355893,-133.38440743067,-116.468368597462,-64.1810226873187,-168.154708174516,-163.553498345098,-146.963071785058,-155.048338625135,-96.8708670106963,-130.880962518702,-137.787261054449,-161.160452477558,-123.919785693028,-112.128005063972,-166.402768399501,64.6971208232396,-362.261694818707,-45.5662512770412,-481.20516223163,252.887236864309,510.366475864029,64.7615058133127,518.630009641919,347.106993178576,-18.5663692918842,403.106007255699,471.443528221764,-75.6805923355265,344.773433305161,290.513158306163,-228.976760441406,-366.613822192459,211.492081851425,-495.920871064788
-365.771265167756,-354.44200745715,1547.57864316828,-254.325471982256,-460.948230917552,-40.377511627355,-189.749211452626,-322.109932027439,-86.3078045457041,-270.816189306062,-462.622523092886,85.4191233125145,-140.821942590176,-614.923236833032,63.3579543374623,357.692420666485,200.855780113838,407.574878268664,166.937304469387,350.172309658556,690.580049120978,3.76141012378325,171.116185991012,389.563362762054,-413.052977013056,-98.2712875732626,-222.703436321532,-361.627438046451,-238.444262240779,-276.775194024879,-316.901892987693,-310.679399662875,-336.693633436535,-131.666491114814,-273.54451950384,-305.203901255805,-324.92713302926,-345.336164317441,-182.313011629302,-244.938605887725,-285.412355721165,-320.74250317925,-242.740459835795,-265.019748144181,-304.556804503699,-91.9502487194851,-567.04816017907,-221.14714258904,-718.07527203343,-92.221847437401,480.091786173413,-241.015276474303,559.879517206613,340.53302957641,-242.039741303652,-89.2964652372609,548.002984568431,-368.998637069958,393.302459825724,199.044755443994,-445.362746262002,-702.140131347116,138.519297874381,-740.804688700802
-458.543780382354,-493.969218989768,1357.20798505493,-371.216948841295,-634.613706801576,-26.1756690438389,-224.097400600947,-518.192979251707,-35.2851944537142,-371.709674798574,-686.603031060923,104.413827919926,-131.324943887243,-741.339009140945,30.2857737393601,342.598794884736,138.563115964668,322.538168749354,-30.4898646422669,146.4512257246,378.626336457165,-41.4834434404346,-174.41046176929,-72.0953158758813,-553.465292152063,-399.648897828333,-300.67237007884,-514.410063903058,-461.513541384589,-364.255479682313,-453.451419295514,-494.860891592235,-526.094237246818,-197.676104475982,-372.443755511153,-434.723960185374,-485.595624135819,-516.975536439485,-254.004735344524,-350.162561550316,-419.358711704025,-462.009792317998,-342.573447921047,-400.763769867891,-434.71959307128,-170.282226754916,-505.813398991147,-228.406575199776,-552.390678464382,-210.358355134357,414.37539148088,-227.117914316384,512.842694145349,385.418622656492,-182.81160175841,-307.7279366476,594.758504044764,-422.274163532435,429.033307229831,145.325772354378,-478.052522981676,-850.587115983469,70.6421278812429,-810.079241416503
-423.856498956848,-502.896956233817,648.698399133457,-365.418868781776,-667.96906748962,32.7131047357134,-164.09070626479,-581.815685046149,37.1720585425454,-375.313393972871,-845.246505446871,94.5576575458537,-122.480990994817,-795.187212640351,-69.9039383041968,93.5911873218777,95.7942692892849,-59.7549338154819,-508.034851047369,-222.020262297721,-319.824434301474,-106.720762915685,-668.363487172468,-640.387014942092,-617.711347004707,-709.653330053019,-312.799348688508,-615.963287998031,-644.392053713605,-386.161405907854,-531.858407149272,-621.371236195978,-629.010874138878,-205.661404983801,-404.624343165703,-494.786474780231,-562.430503558512,-595.589859564069,-264.429568481565,-389.231823169309,-478.913249838979,-518.689843870258,-375.800553917049,-453.423809694062,-491.949297788904,-189.730526505335,-270.639538875364,-146.334723819089,-201.393423347743,-202.453531330706,253.717254922025,-107.256645762364,322.858781471079,361.70902493241,-35.8586323643059,-370.471987220401,530.700798953564,-391.614633890484,406.986997914829,208.911050830381,-367.301996574016,-892.416021475555,96.4052025072916,-729.479431873303
-299.195513323573,-418.817490473603,-363.58878923259,-269.383330053442,-591.003012285371,110.256843259932,-68.5092367643182,-518.255002350452,53.8799714995259,-308.993264736828,-901.345948325454,19.3584272543409,-159.637866951335,-743.12463448362,-273.069577366046,-253.122633664169,-20.6855764785717,-529.494092642351,-989.841598272151,-558.536207178939,-1089.41465165773,-157.245891106896,-1021.86799245855,-1241.55663491243,-552.169998358674,-864.001218581229,-311.280613551795,-592.158321553607,-718.971672002816,-357.396009747926,-517.400629395289,-649.693424457927,-650.595483802749,-196.459304044267,-373.869702223383,-480.733534349377,-549.995485526312,-567.185596880567,-245.758410171455,-363.652838269102,-450.856212010665,-478.758425371752,-349.506739590841,-423.642746056791,-460.032813996996,-219.47519434963,-78.5050811379481,-108.475366026581,15.1048822496881,-268.009275602389,4.52609799169009,-160.318444622334,48.7232955763168,224.399581395265,-29.3884169115143,-502.433100258663,369.590208392395,-459.849430822399,317.51430624823,353.21540218738,-255.716004628853,-926.30969637107,213.336371890214,-607.881468908585
-170.228058914843,-318.36060205375,-897.356589002554,-159.505998981366,-473.722444518,181.587502117672,10.9250140782039,-394.590089036149,24.9770916226801,-215.5581000643,-826.780706118775,-80.7895693066066,-198.748176477102,-540.812895038707,-501.649043179889,-425.581144158946,-250.282407082987,-752.875056499337,-1092.33422266429,-661.295761679268,-1372.21858090639,-215.434501048846,-946.028056444693,-1580.08293596359,-348.520014920071,-713.987672689778,-308.418742780176,-390.605859129508,-628.450904214638,-280.062567342762,-384.006068376805,-545.636581010551,-569.681431459827,-189.355671113608,-280.368168204226,-381.40072518891,-442.046946916322,-437.688526848721,-204.817278833703,-279.235121399423,-334.837864127625,-347.011366623753,-266.854647517948,-313.242936842885,-332.905947295872,-271.490136942258,25.2982207875046,-115.42918469392,61.9963914314549,-390.362014733381,-218.759140029839,-337.734241601272,-179.262616910919,58.5995378098471,-138.285659484978,-679.738227882351,181.279961531721,-521.883503029898,177.780480764167,417.516653225814,-179.219326637941,-839.423822307427,261.673494806006,-438.046559648089
-62.855465251218,-196.258522785769,-576.47227294181,-53.5093654947954,-327.776931853577,256.96945702078,93.1126928771916,-245.33066788328,49.0739922954351,-88.4891393050494,-626.568188414589,-89.745029029681,-130.783302756418,-226.655209426026,-533.921146145733,-315.675907220507,-395.4357267088,-582.376952694922,-755.525236277402,-457.089101252476,-1012.89341165805,-200.9465154006,-449.797817914442,-1378.14373450587,-12.3750699781879,-287.098268880316,-211.81635637463,-23.9012343666014,-369.835694499741,-113.147639426788,-133.672061253826,-309.029753606754,-350.849319028692,-127.029459251836,-111.058245335507,-187.03688968485,-233.06979460869,-220.341572639866,-103.378970593943,-130.297989580319,-144.26077389721,-139.948093786961,-124.101383851124,-125.737146017441,-123.382270792129,-281.768508176062,144.297759280759,-75.3215670291203,110.713109586176,-430.980577574293,-288.404449374426,-383.507740400821,-280.51453057483,-24.2367343741745,-148.998447552247,-695.853227870004,6.85079376199773,-346.402479879064,24.9914309355538,310.814572232959,-21.5125985135024,-449.131281223476,128.634535678114,-110.100374745913
42.8858625090814,-35.9138249996465,82.8585802631048,57.7077648908734,-160.124892294148,348.158238830253,191.88302099056,-106.054389613611,181.4766612558,64.1459592150389,-389.515118856302,58.1345397422028,67.6591791613281,51.2464481713222,-255.975470779127,-64.7569142280759,-262.027911436861,-163.87385594908,-278.885172795905,-51.5468279119235,-408.332692028623,-9.72292488132531,140.757244660884,-788.749535051662,358.257075485428,175.937386549888,7.76659005991394,352.236122273454,-53.1872104168038,112.784247951331,137.311110231593,-25.7393201816742,-38.9787512431124,3.886764113877,85.7193660745987,40.821666459076,15.604805576902,30.5514689788905,41.6533796913779,43.2947597191759,56.6480526953959,77.132673776367,36.9233796074283,73.0459864664701,95.8981040542957,-238.769921060026,300.303032682515,-13.8627973009394,196.420572732474,-389.702532930868,-223.649631651466,-282.023868801765,-288.221094741671,-33.9933404705088,-25.2730859207017,-548.795617329961,-149.636977501694,-29.011611886884,-90.5196014456196,133.927533636588,240.981297996463,121.607828904609,-54.6137145734293,323.82456792532
122.10783724011,70.3429592976564,394.075545482031,116.441120276244,-37.7082623916078,424.329206223814,246.833510671762,-47.1581413226922,348.827271300833,166.850921952773,-207.815225241326,291.866063276059,278.980838182656,199.423484034536,151.032419034419,116.888381160252,70.6799220915379,235.621495354825,67.7381190514046,370.062216625739,61.5189435051112,296.041327958792,533.999984801057,-211.614901549206,615.89304660889,418.51887506592,233.196329121312,535.809503361832,136.859663229441,277.940639076647,278.828224315058,171.161117013563,251.919093510875,117.670874324769,208.796015138817,188.64429728323,200.406635151304,243.488900848278,143.901849382433,158.038748019631,183.138351363434,224.477043786819,139.446703412811,195.298957620024,239.721318704735,-234.746089665834,394.712139503267,-87.2979310044254,175.841811337893,-366.874922391213,-201.16351699163,-265.36283258445,-302.190855209966,-83.3980806854008,16.1626806637098,-472.180349346137,-278.61262522851,92.8149005573432,-145.074093059502,54.3119332933413,436.523128534887,491.36889704219,-87.8569858540996,612.449841432059
95.7338219786699,-6.42759994412229,299.238358784822,18.8385747136903,-13.8449119610768,420.511740173658,161.150533747436,-104.274154888136,402.892545555629,127.731418828693,-70.6866411472181,460.162813147986,356.128844004054,261.006704917915,422.5644570451,145.015036320036,349.817889409528,465.521058280692,276.204419251346,645.37650330825,390.256583270315,525.812727845254,701.462189150754,188.052143939855,694.453734341631,422.468457218387,347.535928952945,491.310103489928,132.253044233086,320.107458806835,254.907504746181,233.983937605591,451.459731915097,156.6929857027,226.272307779016,220.478254934715,293.056191306709,404.660101608172,166.430337455905,189.275505291989,228.951310906695,303.428220212617,170.067168861721,247.833587912611,315.97456250966,-304.281239496961,369.260807166493,-310.098613920194,11.8743218860019,-354.26528179113,-354.909673672283,-365.665912606518,-398.042693618047,-210.466037377274,-95.042670514078,-503.406118579515,-367.353045921095,-4.62742878418652,-178.22086592075,100.258360557383,444.330748546294,535.705117667059,-3.83777783756463,626.202901511002
-66.1922478894742,-256.531552911886,169.451452573843,-241.04408779144,-58.1581355959257,302.608333495489,-84.7080147317382,-232.527523454804,258.833967223314,-80.4034615027771,58.6176967096543,479.628097836667,236.351379492524,242.111675851051,531.731862610239,95.0809766393512,429.258835353615,558.418855882249,406.304712948911,689.25097295758,647.776998157029,570.05979525595,713.098412030774,439.522069538481,613.202889579642,339.45133906138,351.280577289216,344.556656178878,61.0469319258335,285.872366707634,173.909779532854,228.995354487097,539.84287689548,155.765661530927,199.968967830368,206.292061212349,336.641668284909,518.891534156385,154.923998630923,188.10612366822,253.493854118603,358.582758989982,182.919155978609,291.778295371524,377.428601593985,-346.851863323584,278.455639365157,-485.745730074696,-131.759013926329,-267.004378184357,-629.356171539454,-369.799332722229,-579.2182526129,-373.98890105938,-179.308305645215,-425.435442611185,-474.551610710109,-45.7074397667639,-283.641749996672,74.7313844584883,319.167903658831,476.870327397183,-24.5019421284653,469.414116283631
-265.331194773701,-492.979426011487,180.139732850244,-484.306390478707,-88.9942195762512,117.150433393021,-345.511680205836,-315.626757120617,4.38961366698315,-330.946395949062,174.028589384763,404.688662648068,5.46646352440969,91.2999978471565,625.519321303936,98.4978137618718,357.056710743706,606.579058340041,436.668404863512,547.250933276035,735.420860780631,468.198362392662,586.112290150237,501.886056389622,437.50550801643,240.671556952438,301.362271838986,206.889615668126,72.2964548485665,233.262603422257,134.43582466749,230.433485264999,508.906215957427,149.283282619548,178.830316077167,204.941177011107,346.064085012059,542.211758696452,144.154303981464,185.626434659169,277.062112088677,379.011257033374,199.565434679132,319.834664944476,401.088960437098,-279.58038324759,218.403282424631,-500.464466122082,-141.172254656895,-113.405529615474,-839.749394094523,-236.659355174462,-765.261255020745,-581.993968361408,-185.943040091262,-207.335255067445,-688.783964199758,34.8761763969215,-517.472339903151,-223.012467421345,144.332044284334,463.988142386013,-247.201961984702,280.541238341687
-339.779398583611,-506.183523652068,259.775994557647,-477.535799249171,-25.3047929306551,-43.2395354545235,-389.65857417777,-198.524773208513,-147.306690342374,-349.885016286928,328.346467190309,339.642925807356,-103.509619103143,-30.974322066716,743.844960258447,235.423546498362,253.340469398099,642.775960605608,417.836274596629,370.606498017724,605.902778670021,324.078098680218,389.146908191437,389.3929822716,294.380524835856,136.356080209692,247.257204447974,139.979832049056,187.168901479205,199.531584637666,156.283765213275,273.956496808403,427.442549672025,139.720904320638,174.154918125193,225.259843896938,332.091189123266,477.350255549206,138.853233817763,183.326776946727,287.150462595964,354.464698221376,210.146695182324,307.16977832228,352.84342188778,-141.134404893651,271.59725318057,-421.961815499448,-64.8860936430218,46.8515604240942,-812.258764401649,-105.80734124062,-804.690581698011,-774.932397909691,-210.183061673525,-44.0808258454166,-902.265055984912,93.6596903144722,-757.836071126071,-626.485111022331,-12.3500532426183,482.093355170556,-506.264858896221,165.05257952887
-252.732368583826,-300.78743036974,382.740898714442,-218.690490233568,125.635820185114,-162.120540534701,-175.307006517443,145.62626620139,-121.684311277226,-11.8289723302935,613.240876273764,270.12004931696,36.8336269153943,161.816071567183,785.65019929928,486.686493299885,179.647321361476,642.391504346635,499.409996169438,259.81497595408,430.536645644537,206.967048589221,251.116130075763,304.457189497018,264.093980362087,99.2396521551331,217.492167545819,161.321291791802,334.318532473102,201.982800688875,210.274019594431,354.035082336753,400.903658683078,133.340592827133,186.273595151126,259.7874267286,331.416127253256,413.429914577064,144.224400938959,186.758958998211,284.571332488979,323.284227477775,218.284229796169,281.393289722108,277.394428748202,-42.3426713727689,427.425202689595,-312.208118479133,28.3085331368231,185.003320964003,-544.90016481769,-11.7771466243133,-619.655701062783,-767.223840700694,-237.450413490732,-20.0357764301151,-868.035157462294,82.9950042009078,-804.653904444988,-756.18706247287,-70.4634277002465,526.736806422214,-586.155487946826,196.114032449134
-143.867991612996,-84.0639396153864,555.230267884063,31.3764024334027,274.734890842034,-324.007261102048,40.6331228184373,522.843560063014,-141.111022821727,424.919750788404,1007.83653002324,56.9576406822876,202.508759477199,639.073762599932,728.570739302063,764.841250824676,152.834671738963,626.585740733003,733.915423488196,217.745589796217,411.648034310615,128.741633819189,221.46952529573,429.982031299588,271.942457760959,199.568625301606,201.694682991906,203.268499271852,465.180807767343,208.337800170543,255.846628926982,429.456570063611,436.266914118482,131.349728629293,195.147928026602,291.209725715272,349.328028000804,402.392979138364,152.370575913378,192.870957687031,276.519968664335,307.457915608261,225.441861141312,267.523882682443,236.732329455392,-86.5671020249729,476.971679167832,-226.201912498166,57.880661021907,220.827667218996,-299.368410777554,8.4038424696027,-389.537095784164,-594.992600412379,-284.274292710116,-109.499793698498,-645.810440476475,-8.76439723821957,-706.700448934173,-663.598416412892,-40.2544945970103,578.834757192672,-517.432177121842,331.816473571283
-73.4826160514419,88.628843497079,720.96987607625,145.286845452174,465.835976649006,-514.621544030538,57.2409717586433,799.41240530934,-401.997852446198,645.642439838228,1440.11968174547,-297.360031345798,113.088223127771,1112.48795872732,721.757358822023,1020.89432483695,222.515671254133,698.788611867598,1042.24969227762,267.16858540619,566.497424489912,113.931898700517,278.304665587527,734.263316422344,248.887211056272,410.613389797359,189.038843294963,212.43130687353,608.560955224162,199.723739081367,306.235800584192,498.545171077077,502.832554355083,143.438574419569,207.290522724228,330.362718228165,390.231632355496,444.303808244069,169.267678510308,218.660374228407,302.187742475637,328.368133115678,256.953781706471,291.048361384743,274.282968835883,-251.91150624388,249.093235484134,-240.636549873302,-39.5148242171028,119.035050978709,-335.459724184771,-114.855591018742,-372.351184860203,-575.74491588991,-441.849166818939,-241.100255957573,-612.101421653159,-164.019481866693,-724.827625839176,-842.414559365284,-15.0572221535704,627.360156648231,-551.750287844546,500.527132135134
115.805029362963,392.557559167317,903.118160502976,312.854430591745,839.876904402954,-538.021878203562,32.3587833025082,1068.53705513465,-691.044072550956,684.772205913724,1853.25748169253,-537.750164551682,-101.652553591451,1427.84989240352,852.374779994007,1252.15101756776,404.027494314768,863.860817389536,1301.77332078738,412.732221940909,725.02748079154,189.600730145785,381.18812897236,986.141584462004,256.380404007378,596.888060092711,200.506398446807,232.566675784575,748.08691437528,213.670190694552,387.178990416726,575.01015707616,595.394591344405,185.907803868762,259.044153331811,396.944016945063,469.799244584981,524.922543837486,220.209556081113,287.095140911115,390.515980281346,409.137180276579,343.527284204615,376.668384880609,396.617153210918,-362.100344140673,-35.4297798023091,-286.917530666555,-126.221438530953,77.1308048114119,-524.015720771024,-214.286562424208,-526.178900244247,-792.136163339225,-597.134997501491,-213.870618468153,-881.062494925702,-196.070012438224,-928.583392864935,-1422.76267433674,-39.4131196878774,715.329340007861,-816.874176877315,696.803349711606
488.772555783282,825.924567738732,1216.41274137932,643.82800545456,1278.09409202585,-287.00469208026,202.771707180664,1339.16768535772,-625.396537717992,733.148805986858,2076.94543767924,-458.067390221301,-77.2633299104792,1541.94525312241,984.161014259897,1393.51539599579,602.226568043187,948.674827915359,1397.92958528802,541.239714768292,733.444650022411,294.895993548646,455.255973254667,972.353504529987,319.4775257003,621.339303369723,231.851228927626,282.013940500786,754.655224832379,250.771499103063,436.13326753059,590.641958064822,646.261702537801,229.024056749614,319.813212640731,439.119118936916,525.471114228578,570.152218402635,278.63413643234,350.916189533799,465.575307821626,484.296081021374,428.087419130996,463.738606564136,514.926293100566,-324.821142870708,-65.1813208350329,-240.773475927397,-53.2154212141987,260.560859162589,-547.624143523648,-109.775989451532,-605.353256112432,-949.529002351098,-584.647210645024,37.5558210599939,-1132.96961238747,-32.3234463625074,-1103.66766778904,-1900.28607930745,-142.498404095875,741.717050295378,-1125.64888492156,827.075673339412
803.96930170973,1100.36159382908,1610.57102076327,915.99296897812,1464.10672109965,66.1088241792094,496.482950790622,1414.24744934417,-191.704969276867,784.469826531442,1934.28865298104,-132.837508831842,224.761011607094,1410.24232287218,975.865374884634,1346.97312625028,714.846037853084,848.932197141973,1307.02559390198,545.337368162333,628.373462170595,316.164870319855,434.085239476434,747.170093067903,302.315537698751,497.363651101321,217.688710380952,271.584197792795,577.324668297229,238.920539297869,374.521728770345,486.46207358131,579.819618038847,221.895119609617,308.84953611401,389.820830432841,474.256527440482,508.151318371955,280.567509128561,342.342417579806,438.339516976538,464.705303900455,427.970040670149,462.552781225185,527.925906175929,-283.014198007504,57.3121669759785,-189.327205003843,15.7756875913456,486.368441447837,-413.811169894952,12.6601808298201,-551.378574878147,-846.96519985865,-496.201137548297,205.572996631825,-1087.56285127755,48.4367432557706,-1031.33636172209,-1831.01111065374,-358.391899616544,450.089521240866,-1190.62464225118,686.235299977945
833.646319778625,1062.92233636421,1829.19958738643,918.601137514122,1325.2257531727,273.106222108859,660.203876168474,1223.70387752638,251.359273190054,737.401885826524,1513.17762899205,211.447968611007,493.601619190356,1116.35918113083,856.613544029212,1111.5413737736,710.175715914197,652.892126427777,1075.35844414266,430.714887832351,501.077493364248,196.812536559698,291.954709918164,515.560896048046,61.4432805503062,310.662968800738,94.8059382694404,111.221000476416,327.318474905288,125.535492479457,216.241116917005,320.978883873376,439.705357509981,160.405704213776,210.704667258409,268.48465493908,346.781296645207,380.003103650677,214.272824465653,268.920382191424,344.606003593463,377.507666701911,366.524176455735,392.547885340032,459.471048266302,-375.234823335716,60.3357576680243,-270.13449670011,-113.292579442361,510.189304381364,-372.277385312221,-64.8748753660866,-478.719417867514,-580.828844563367,-448.023554635947,26.3904253281111,-785.274736564211,-169.085273149256,-677.351920674992,-1294.10151086469,-586.690678455973,-185.748522472545,-904.746311364755,228.561303376313
689.182886458193,899.765347291062,1759.77445597314,764.101395993375,1062.07157343979,286.009721083696,634.118488272241,942.716603308751,455.291163568767,635.597292294874,1061.76097062413,418.841496549191,549.746695972489,839.099448259026,710.15749899755,783.297661299751,602.973567675006,464.489279418848,724.089456172107,257.421406590699,330.387496966736,-5.68925406998622,40.4265569258618,336.875049805396,-329.993538680437,58.7660466289125,-89.2143382238318,-158.41501106852,102.800468291828,-39.7514035568089,35.5143826698571,176.322364003841,309.55451073664,91.4095921115937,91.6614125707061,145.240859028881,233.597583326825,277.451777317106,135.365132537243,186.831709521348,271.739254556919,307.079758227586,320.004090002504,340.393027783365,404.984762943497,-520.89956950903,-13.7466594751674,-371.868809258375,-283.045426332433,415.715233849668,-447.941355573397,-187.705801974299,-396.744789566628,-287.633215279209,-343.196475137602,-282.331861857605,-387.958677405191,-456.67434719515,-166.962731901266,-604.265264505582,-607.085766362133,-785.705470352007,-368.852797904529,-290.198936350519
615.452803192077,817.925461521956,1611.09453595237,663.290056141717,814.634134758098,252.688398453655,558.203134645448,708.15854643626,490.599885441751,561.604515464802,692.794676839652,495.785668493538,498.139472565922,635.630602765339,584.172484899001,463.544536919813,469.585002918745,314.687848785197,320.393777711089,111.247700729703,117.926277656404,-135.174920730148,-221.879408037301,150.411546306138,-597.783435844823,-256.100292182657,-181.180908859515,-370.222964100838,-96.7751230597145,-135.659896647048,-97.9156979769644,62.4876952841509,193.319202802233,70.501699078216,22.905010713838,60.6671924240775,161.544428980344,221.318298983372,104.150702848596,132.297348725213,224.928622386208,264.907759336916,291.11601742346,319.897173106803,388.02871834481,-575.263996661538,49.4469129434709,-341.064907370354,-274.624607814279,432.130741626249,-450.224716043674,-131.118747948862,-242.937288313512,-44.0087597249494,-122.913950832788,-317.066073623016,-33.1326292898852,-462.834383436397,275.672090308951,-28.9398426723106,-334.149017233599,-944.321922709741,166.509778351912,-532.654365784354
632.417784432211,780.522207961651,1580.07302580661,604.833651553487,580.654782067363,294.682636342143,488.531299741773,480.489433750005,497.236506338856,454.565121198947,374.531795778718,526.766858643042,451.662555626641,431.957786662021,500.63284867469,210.926832136474,400.373104152942,214.448169257033,25.8843138429083,58.9066818137124,-14.960318099663,-81.6609090330032,-349.698754137387,-30.1999832301507,-564.033989187243,-492.295923937475,-112.742072260076,-388.376940050018,-270.537420608068,-106.46861742704,-148.511541974986,-37.1512009544925,62.0313695772316,98.6434549454262,17.4413125549771,14.1712967776713,99.4946312585736,162.879023104105,118.020411250617,104.423985073329,158.48658941628,210.159548466657,234.277214691703,277.125524980813,355.775418110138,-544.961045273631,215.917501269446,-305.984344955972,-225.336544686838,525.339116639789,-353.074042705416,-1.73209866880736,-100.140502889938,28.1611807345568,45.9091272743869,-60.8861081202172,128.250912918201,-224.968495174733,429.661799809433,229.213710965124,13.9926211771652,-692.585740518601,391.205978243659,-435.594401660692
623.800667014952,697.449227935514,1602.17969199414,495.819391555576,392.068967470346,391.352331763376,393.718791597935,250.814837594609,509.812034254125,281.593364805468,112.733314571028,545.467196806235,416.995078041612,221.838200244999,424.940453803144,37.0427467367129,360.98805048563,124.29691142619,-83.3854384125199,33.7690410477495,-31.4723848060748,59.9747333623589,-340.282102834747,-131.306362612692,-357.898094254681,-506.193144700689,-2.66503146508222,-250.60824002821,-352.875874051122,-26.0270274371597,-123.665569686132,-103.44479502977,-58.9132054665067,115.225505916301,38.3547721698294,-5.13260570135423,37.1560564379249,73.9513354321528,122.032382555469,87.9988984920667,83.5544884929885,140.088334691614,158.560087969075,206.371290270391,282.990440378731,-509.684475882947,240.314308571829,-429.088798409871,-377.227456242537,446.266359092979,-290.897210200272,-25.1661202278844,-71.9622167117143,-101.84330504247,24.0746066011529,170.295969443486,82.3687504432849,-59.3629287620292,315.664736112201,190.103979330927,140.946906998457,-396.675190115391,260.822933243248,-242.669340001446
618.935353838655,647.039461240454,1583.34838595237,422.347220945458,336.771322839589,474.221886471249,346.765262719761,149.171172367915,533.440054074198,194.444186227818,-19.606100771518,529.893833164739,398.69895336961,106.302831826164,273.410235102536,-94.4430595699929,205.436839671411,-71.0056768392485,-133.497843768873,-126.184708459636,-109.602272934309,69.9340499941415,-372.894298283245,-185.50251835404,-221.51673155713,-355.57768053616,17.4911630884199,-103.69371506763,-289.660354413752,16.6592778319534,-55.6169129245718,-94.7065464083314,-101.441985271591,86.327605357841,58.1555288323813,6.50748348506255,10.7136969538406,1.09888628103305,91.2561138123666,79.9494945644684,60.2374212122581,99.6566360024742,114.829993667031,160.227204906594,209.113440363908,-437.58260066962,68.8474198049172,-547.775910095577,-607.75355727501,160.218356854193,-248.731082320197,-155.616362201658,-47.7405856709819,-220.388834538009,-88.7759995320257,242.412679725701,54.2595457303952,-49.663331427159,223.877298159236,156.325426499635,65.1747915238416,-244.342150522051,136.399861016647,-138.418538901639
705.207630531375,716.422313114882,1575.39884666078,490.95259058447,409.839751974325,507.275797790422,419.3663433754,230.192334255913,561.595707372299,270.102911546018,-15.4315591818936,458.492323147617,394.307551356599,105.147540986443,12.9799603148252,-220.232117005063,-130.343026023616,-417.707942624641,-264.814648111897,-466.390732202329,-399.857186911403,-141.805859600747,-549.813589944591,-324.759009774156,-189.013045109344,-214.696811449015,-34.2545959943762,-19.1617713695326,-117.449531874665,23.2689454172029,30.4355207035471,8.63849907989444,-23.4030037431102,45.5464327831816,83.4426903985591,63.4008934517085,61.449541510092,21.9185105110244,55.134983129619,89.8105380159988,114.342555258825,132.15698232545,120.96959753353,171.991906510723,189.526584407581,-246.145862531046,-80.0796773323882,-417.170776045199,-588.409221152493,-50.4168023367961,-104.293588893483,-171.53326080578,106.350800989108,-131.30807971924,-121.386347247644,294.248479363632,199.485615728499,-6.88191891085044,329.534162049669,330.575822958913,58.6161921015785,-110.730295974447,298.869237065631,-54.545141065079
809.381306799821,812.729193555349,1608.81634039876,601.769725814272,492.007461296363,480.654561361166,508.606474848726,345.889112719245,548.621116210421,353.890048002304,28.8021364084843,341.651693984328,363.938882687862,116.013557121596,-271.032607724554,-296.009840546831,-495.495099145473,-756.929144221445,-399.88301361912,-790.440856897607,-749.501772621939,-395.354129839781,-685.934657174812,-557.485197218044,-89.0647148537279,-139.118023168051,-60.8616785473397,60.9846393469609,65.2172362894435,42.7676881677532,121.952943213742,159.675867603916,123.642493083881,24.6238996582022,116.707358619394,148.967508571028,168.532617528551,132.050192760819,37.6309542081658,115.176350693392,199.50851343059,217.902435765249,147.864130219383,220.093898475607,226.098956190586,27.4781088647794,-72.267610304493,-95.1531630836431,-274.365439301531,8.40141114414516,110.219802934853,-2.15052539657476,295.651158745606,87.0437324695926,-16.6866790602163,418.672251704515,394.050939465221,155.364958187606,482.056491604029,569.122349333368,205.321108452484,98.900657680468,563.058786174509,91.0792284220317
795.707716446316,784.248180958082,1590.42360005392,596.756858584566,471.781095784322,416.853193845477,488.223873224665,338.75095147998,485.622477319701,324.173322132737,28.9285627722786,237.369719949597,309.888763244806,89.055961768646,-416.330824900198,-229.251143228136,-606.083743625727,-830.886790521059,-315.908136468991,-772.897749961464,-798.53146670847,-358.719026499321,-467.530314208472,-653.918497726955,212.861374241379,-6.51104984960589,4.61988644456398,219.795994595821,186.356395398896,101.501959282551,202.146666575674,245.375125767988,183.355435064519,15.567911177002,138.079518485018,198.514534942743,223.325558307574,190.560012527117,30.8468022616952,129.082684476547,223.662825590295,248.43760526639,142.461563969398,231.267064827323,229.445848110871,270.45040725988,-5.29844341914719,190.622447116603,83.5726943506838,208.039734984783,263.07571409379,246.548353555234,374.739863767903,260.587492007762,186.148590048545,566.204222311946,472.352550302574,341.850217370305,484.212502430655,660.306807914334,317.885889111177,305.491306895983,616.778606377443,215.260953746705
652.795519995896,598.411812246371,1442.6257702924,461.220471676994,318.965313245164,351.183761415845,377.226098102037,205.630688272315,414.380974019202,235.219035777743,-26.2995396084078,201.920696566282,281.140878158769,61.3655581922844,-316.311403208087,-15.7863386391671,-307.937975460467,-529.646136314338,70.059432873392,-276.206020979097,-326.042921644977,105.24501822089,180.253665931451,-317.331574528961,652.625460878302,334.966462274965,176.757885896582,456.580180794946,279.741703631784,194.283224776203,264.245391843361,207.301460381089,44.2225194205245,16.732999258393,141.882903061057,171.592762128478,135.953368701213,62.9205813128558,29.4672801243718,110.569668625922,138.191515353042,131.934207280841,74.0645102957666,141.573122959076,103.953044490397,429.884844526176,40.392529023269,353.231830017435,311.668098099628,362.342833823695,332.351938907103,472.75633623177,372.301587778616,354.256237026781,405.478464021251,688.955446436581,443.389768287261,477.365287758848,352.798201870136,588.663921095223,282.669600965018,443.506245800306,446.786243209256,238.700804248459
475.725997401605,357.453154036761,1229.88656924705,290.149961008977,103.504347324808,291.490858078653,259.971816489523,40.9777290254923,352.933899987408,158.171434711167,-102.210756849134,220.794738889769,281.881749989818,50.0270710049341,-40.3666585295258,224.40951430996,230.75933494505,-15.4554804837042,580.675193076857,421.455506014013,476.378268454938,713.55240431522,913.902202050335,451.969417834507,985.058940009165,810.515403417093,394.035612507723,650.452871160379,430.173188447978,283.514288565061,318.337014448453,142.933212476588,-165.461460418379,49.1938538530687,148.491886424008,118.926674784614,-16.4923166440291,-166.122457292975,44.9833376263494,81.0124325825193,11.3116931393083,-62.7888498110859,-19.0307231945705,-10.0496429840716,-104.95390156187,497.071313224136,116.900963033804,430.482863297149,445.51201995112,479.345781749991,385.103834598237,655.527916796106,388.727932533476,427.97811998578,574.319613508123,810.279852344108,414.273177588574,572.856587366037,239.958344274101,472.651676318327,216.817906346519,545.992505632849,271.566438747872,237.419688103136
346.410728170691,198.085737129282,1054.17463798158,173.686674508348,-36.6085420853812,227.668147005672,176.266057128776,-59.8922124457738,291.476177416242,105.072322107877,-136.3670261756,228.773881852349,270.299839634361,51.073615084301,202.093082047412,339.758403837162,659.743684918938,397.816964814961,923.812785581762,864.095931939614,1081.07898930716,1048.23256946612,1242.30947372835,1175.06286144881,977.895410976523,1060.99585739743,527.996127985261,634.444455324407,586.43472082184,307.481345331604,339.803675677679,171.688999980756,-185.161489454204,106.759450888465,159.205471378775,111.783548833424,-61.821242551706,-258.899821860175,75.3841830874763,74.1613937432795,-43.4493783836948,-166.050698784318,-65.8329200749836,-109.349213466666,-236.407056014195,445.283952483375,236.046024897503,426.917698531794,535.113631489814,639.900008140237,429.105051015227,793.937496120237,421.145230116807,494.609354227686,674.104768496629,959.332033470803,428.373753395386,641.305505779985,226.885484121663,418.475526492728,238.843535862097,633.860611235168,242.709027745405,294.459066415678
254.692742773057,154.87927426159,871.349957760811,121.749126236048,-39.8340614560548,142.073654036318,110.892335091058,-71.5435297552433,211.630288477059,66.3841527814523,-108.621280427502,164.732446348018,213.063829938778,57.4677315008722,236.274122261141,228.084950086755,766.115693098631,501.295725376668,881.069036838417,879.555010498535,1120.52452032319,995.306711888634,1026.68526688789,1332.35530381646,643.784122547375,834.975492368167,495.44775937644,380.628420355133,565.910452184514,236.427658343877,271.402009618514,244.524952028928,30.1345918260212,141.084273972034,140.316143992311,131.700749243384,29.235480190344,-131.259329005681,91.2720671516969,80.442928864315,-6.14213228431448,-113.716525842865,-44.8559382284994,-99.5636560426145,-204.062132203284,276.34828819883,303.671146932909,328.309341274859,529.51832070724,791.921547029603,400.645655564836,840.152776851133,389.247496413027,490.668018185958,670.863286793197,1072.68788936567,411.366300455411,635.511735277469,238.43050066461,422.568056056868,281.690400217201,649.931356675552,289.636266281705,347.355318527053
140.999761007779,147.743035934867,587.572269977804,78.4576949055024,9.06563191153097,19.4921858037679,30.2081065330932,-61.4618475561122,91.4021473596485,11.0150723585044,-93.3493720816202,7.82849576614327,90.1400533512399,24.0129965288143,54.9897403230353,-109.839845660367,590.752504567505,330.768514514155,433.079311097048,638.514294869269,748.675472374058,727.294514586128,578.64417335915,956.418637722392,229.664160486871,335.174445456473,347.630829014605,76.3303461402442,324.335053490619,124.135120161156,127.392705553079,231.142543185559,262.441296752333,129.372066386253,86.7953327596775,118.390765239619,128.90024113507,80.530356167359,79.3679427824462,76.3598321399392,59.0909453515928,16.2569581898763,16.1957815340476,-14.9624017384618,-58.942115621964,100.851882634011,289.876428208222,219.607951377299,438.11902532028,820.075829441379,315.197529864616,765.152927616273,302.654702933717,406.422046490932,537.770495092633,1035.39180039661,318.956268352162,509.875251439444,184.464558159333,406.843471684836,240.232490744525,554.214607908349,264.021680698543,317.481520174069
-5.18897276764535,99.3218283856517,276.242292449074,3.09580972812412,-0.326873768794399,-126.66408708889,-83.9139584158982,-111.478747725005,-71.3547444598633,-98.452290267961,-168.652847724394,-204.960959580615,-104.934917547361,-93.9063359645108,-223.067934902235,-543.538625301892,273.90621641236,57.8700528227237,-188.363527323256,321.368440238389,353.418529518744,376.072678691908,212.64008817299,481.829909900088,-70.8680542289893,-53.9599161710429,184.150212995802,-96.2949361278681,40.3608957453145,45.9862873319347,2.39831476202233,124.907544546233,332.442947675137,102.355823529315,40.2832621128938,74.5754433196437,154.851565304616,231.514808076153,60.7384689677914,69.6719962699541,104.775803997556,128.977578114578,80.4842883715904,80.4146050677813,103.24730006246,65.4055544768364,290.119903076268,241.87487390954,417.755507480566,721.088357697493,307.669933645065,643.116012495128,286.211495543781,368.863221641397,364.216826273697,834.36063397654,265.212561092289,318.528064350832,120.171531912812,362.102679126495,146.595672729558,402.860938696029,172.750229401354,245.838139691693
-157.468963796499,-19.0669088993114,42.3558327434334,-114.245460682114,-108.454905051618,-274.517009448098,-237.984356022771,-242.607777039889,-263.993092004453,-270.182172354666,-332.919408022324,-416.866550172624,-343.50848240403,-283.438168386006,-494.198783732452,-885.782136044769,-105.188325663526,-192.92304099115,-649.786049128924,-55.5591861805861,89.4049434125648,-77.4096305790354,-76.672124171861,140.544867126784,-305.77661318483,-240.987583815484,4.54564349702606,-182.030576041899,-148.193770470956,-22.4234381979224,-77.7867732416564,-4.50147917101596,225.86080779666,61.9317551354347,-4.63094695371396,14.1773614706928,103.306965956203,244.962897207131,28.5243009053961,45.079264357274,90.1086734208926,146.323225285996,86.910312979392,102.905994784999,178.441645871702,154.032331054893,334.914694030498,375.066047977058,521.19487561749,550.588727798017,409.23273192189,535.804362944347,362.53214607129,448.119354863098,260.862089040824,559.763017618989,331.649716752706,160.44663714465,121.518936328285,325.110242017354,76.4898862009599,265.691846445444,105.348705092368,188.179454870423
-311.108961831662,-209.28974959771,-242.649408369126,-277.793242739115,-291.183797631263,-416.678155820743,-420.076358026146,-420.808891940214,-464.883998351391,-474.231212200502,-530.049933149303,-592.548173409902,-561.497240897395,-492.885403823039,-717.55346502412,-1028.14970546925,-504.265323851444,-380.221094832391,-813.31786348787,-474.722452687092,-140.310425417152,-616.742273911634,-394.113504620054,-190.407191222452,-580.019860197765,-392.214060235844,-251.314189430282,-309.928590689974,-298.956731539781,-163.035646660072,-187.153265657102,-163.917650364828,-22.2528591578472,-44.4184057279963,-110.765854348161,-101.332664321244,-44.4388644141648,76.2445061668701,-62.8899172952553,-53.2509102535607,-33.9615326167955,11.355950583094,-18.3044440649419,-14.7742628450665,83.6434282742402,189.727949363748,311.856315082785,423.91208313436,555.653520929941,308.554767125252,447.870680805301,379.394521151815,377.666685905841,492.627147952679,191.903716566664,277.415117343295,380.435507004963,62.9442050028187,113.417895678748,243.517094221785,23.7559024404107,161.288657976515,26.7031836434237,127.264603978157
-458.462682466255,-426.429326386259,-770.999407426305,-455.682624397885,-474.999376895923,-523.300061660322,-572.641113242035,-584.042075499309,-616.875424387395,-652.174293212866,-690.880834222502,-695.743634698583,-694.833811384711,-671.659504678729,-858.376509564694,-1016.90280865297,-823.54007212694,-509.571189707477,-845.37415002258,-784.1756409637,-447.958956995969,-1053.89533009921,-664.888753274214,-661.671386508535,-808.547490484427,-573.74419621573,-530.608288521506,-441.963277238244,-490.808547296527,-343.150645024822,-333.262318074111,-378.109270220327,-353.037092407347,-207.913050812619,-264.379574942998,-271.099561604146,-271.483204326313,-222.274106721525,-200.385472804989,-212.384133198964,-236.060538750998,-223.388870746297,-186.901003037364,-221.604779340905,-141.657151565894,89.7938864461249,140.889281248079,297.432830364047,355.529026123496,-6.90954709528927,312.214573597905,105.798177533497,254.411674596224,337.844890754457,46.1059250540723,4.98818503880221,254.154744291824,-11.6528066480765,9.05563094788487,42.6405494858572,-55.4758256344603,102.486007052222,-143.399720843956,49.882802154896
-557.409767683759,-584.001974306615,-1405.0516599201,-570.84124038755,-582.80528394032,-540.644388214775,-625.740054851932,-665.191725923521,-647.90565948099,-741.80904920041,-762.004133218537,-686.881316939004,-718.682309289313,-793.362774927167,-884.919356916278,-984.810875530372,-941.550110520136,-625.925659321289,-972.903794867454,-849.015922243938,-828.893178347945,-1180.3160991396,-745.409022623185,-1170.24999075677,-811.471281723701,-682.464120462897,-670.607430249082,-440.802595304217,-679.350097208589,-423.142074158068,-416.145414409098,-580.868325364504,-647.819968417708,-318.313943829932,-353.273346932683,-407.880237106986,-472.754374594828,-496.280983410682,-288.943476259736,-326.8577185596,-400.772995019116,-414.555361457682,-303.666820392681,-380.292017773084,-349.916439529468,-34.1999163592778,-141.444998360786,116.606876527576,-12.8354600976359,-367.270293977355,126.650219106244,-257.314876783513,119.268759911963,48.2800921164815,-206.070851460356,-263.087657477435,22.1913287991345,-112.626872404092,-105.921343629844,-208.453986944294,-183.91880950968,78.3155306232697,-324.148502846539,-35.8361062205136
-576.786522998145,-634.939734657225,-1752.11103936209,-578.383793491847,-602.875768113224,-473.261938814295,-570.481523206399,-635.772497712902,-549.739880596308,-710.714766479124,-737.155657426709,-584.916318354306,-647.901589968428,-848.127303441374,-816.952294174308,-969.699829382273,-851.019674432016,-727.685008297256,-1164.22530844975,-717.996143496181,-1121.72225888332,-1001.01115277577,-634.931851209449,-1413.75445229736,-587.035381403507,-646.976545598418,-601.931350167113,-308.961183940856,-777.930265202361,-357.150035722595,-396.038909828803,-687.383410141659,-794.241066953811,-307.592836557141,-328.42389969234,-451.538620198049,-561.76073637898,-621.682562200507,-276.395631619003,-339.633729547027,-455.038952073441,-483.557041841598,-327.732336417561,-425.740189303411,-440.573750578102,-70.1300753506675,-462.614850864101,2.08409654794105,-393.723081216321,-754.504217385974,39.6511695032161,-646.844270832535,85.4692676262996,-182.176943032746,-481.076336050663,-570.270980669428,-115.526398765515,-267.683435409392,-84.9183214549093,-318.427745455388,-338.270294547837,-1.44434732376598,-319.773051205252,-161.670618672373
-535.310835275148,-609.023793178259,-1657.25049337429,-506.326555497328,-575.87298606729,-394.775917580858,-460.803697726997,-528.809079983284,-396.621644739827,-570.919578960355,-648.176798255327,-460.775726426107,-508.083319215086,-812.157259820992,-690.255324145408,-852.07771430749,-668.415868335045,-707.387602965397,-1153.7387338278,-527.677809129829,-1116.76008570195,-704.032811800519,-456.307689572863,-1226.68686273882,-336.312459007859,-519.839554005393,-437.061992412463,-199.351787358949,-752.45727463591,-255.394080851324,-346.76194132478,-682.687672905781,-765.258788190121,-238.326192160001,-268.6770669198,-426.313726622562,-544.290385707961,-583.46984273555,-216.435412793376,-300.247006805814,-423.818995585714,-456.600065779293,-305.254414868361,-396.010287717869,-418.215301146513,-29.7050486998443,-714.278422069362,-36.8948621695445,-661.258944950658,-1075.95516141595,30.915198359233,-934.498602921636,106.730478355523,-237.10298834613,-606.114348590604,-878.383617987147,-68.0835275702892,-395.776064746638,84.3167942557824,-149.283193391444,-391.880598537554,-186.091022293629,-53.2447522102542,-328.316322626627
-454.6950267155,-542.252045214423,-1365.98380295146,-394.242515536834,-512.025629397325,-338.827166337849,-340.31047730364,-392.265348552317,-265.947050038916,-374.258030136881,-521.059370764665,-353.4323290899,-337.852925922509,-671.557488436071,-525.438545804242,-576.257998310416,-485.064229647534,-539.952839680973,-825.45430936331,-351.980152854494,-830.768070686405,-443.905581945888,-330.070567860648,-803.638475903602,-217.724145882368,-412.095147570332,-312.616591024486,-203.942282570023,-617.970388539091,-215.008541990749,-313.805346145722,-575.294744516378,-599.28931661248,-190.36800608379,-237.563955632191,-358.48031170693,-448.579504011405,-437.057233468577,-169.236564485351,-253.24573298929,-352.899006740713,-365.658131713571,-265.041340387572,-327.879044747661,-318.76831901821,52.4363167937689,-761.289199503521,9.89376857648018,-690.89726943652,-1144.28279223148,38.088313126943,-905.586859388398,110.930746873726,-123.489412965336,-426.221698132345,-944.751088038785,89.5073643633483,-311.998690862556,286.259537138759,234.087140265369,-190.688149937271,-341.285925272411,327.96404724375,-431.846771674438
-333.630923222545,-434.49079703268,-1168.16594312414,-260.214863799945,-400.37164513464,-277.289361825994,-221.911424269872,-259.238968289423,-187.659655864179,-208.842526634035,-389.642924317133,-275.111063340906,-216.368530313427,-504.961239924004,-400.915630344576,-331.637198032129,-318.462253618459,-426.819696658699,-446.419541048269,-233.852936408336,-558.257408327383,-259.076869049708,-311.327659912095,-507.772579904862,-200.649390904551,-410.077931851259,-241.426223105082,-259.284320238488,-441.212161993837,-204.96442551487,-269.824907755283,-385.15467405257,-362.317398085721,-159.928301856383,-205.138711084116,-254.21024571508,-294.608101753158,-257.927366122717,-134.468945647666,-190.319817792884,-256.040025354087,-232.453842570669,-204.470960193776,-235.520072960511,-185.072674610488,175.246147619839,-610.796688301709,156.118613671029,-464.945645858629,-950.858799130716,82.0650886302193,-545.84345449333,114.499794267481,52.0630871364824,-35.9006892476631,-643.939625506666,234.580964970122,-5.94506569276301,413.478032990381,569.416557850904,178.718461154572,-328.98654005508,583.39649367839,-435.380069498795
-186.437527410418,-286.66573439604,-1082.47561379724,-119.199130119113,-275.663751676906,-195.937348933425,-110.627836985637,-156.801514575475,-144.847297191897,-130.045504133802,-316.691736933881,-239.269695429754,-192.254034109761,-431.761590349904,-398.739792566089,-297.201794153213,-194.077922187684,-513.497133961046,-333.249390043193,-210.387871521224,-482.19878970234,-116.132835952376,-350.470888154642,-469.153612128668,-173.166465843988,-473.045608627511,-156.561778545534,-260.613367126526,-298.881910436526,-150.16651812577,-199.341154030421,-189.55051878936,-150.89877008205,-109.695675653938,-137.896911323161,-145.404150872747,-140.395553000162,-122.589301146248,-92.7768642549695,-114.018840351999,-149.684572333526,-116.175118965471,-137.710082829162,-154.321531231702,-81.208468108398,316.646504110458,-425.3902147856,336.509137818418,-156.634270988613,-738.813698524629,203.282649603534,-184.779463973026,182.000236371474,171.270203477334,237.951246390768,-314.910564277616,334.687824019007,227.883902702249,472.780952872291,653.144847525284,385.62503816182,-238.623074938246,623.03517183594,-462.56498112862
-28.851598072442,-104.504127162304,-943.834862763514,34.683072994626,-165.967494185664,-83.8312084509171,25.3114791620066,-68.619775318223,-62.7437502129222,-58.1352893784908,-304.839715261578,-202.046829373098,-168.346249735794,-411.182617384214,-443.421869675913,-336.217011767973,-144.045375626516,-613.302490637634,-391.403927458671,-241.862402301015,-422.828036016867,18.8639720912812,-322.613297163337,-455.947623394021,-99.801895067146,-426.892783125285,-34.3020503394092,-177.442354960605,-155.696988815603,-43.3182870346699,-101.107029771777,-39.3401274573046,-26.7772752322557,-32.6737404536051,-43.1191816847433,-47.0510009510959,-31.1121445652753,-58.05270015543,-30.6535139289982,-33.2902289490168,-50.0546108446557,-46.3943038071162,-67.3017168666868,-95.6700429951537,-28.9920534161141,445.436066191148,-273.803778914644,496.412857537623,86.3198871156497,-610.632307593734,416.117344285269,-56.0626446632551,365.58984444142,263.305074786956,256.884389286774,-310.026696126606,478.427585995955,188.210338522919,573.113762620305,613.849378846543,296.923391593878,-194.54853073301,613.474274203032,-520.528412779548
129.537527413792,90.7087602499156,-699.59386787519,199.144805432819,-51.7169581257999,68.8512824355054,208.339080070223,46.1391209946312,107.100417415301,111.074185230651,-266.909944991752,-103.237864724347,-26.488144722858,-278.350184026747,-404.33886291645,-233.347092348662,-157.58009141721,-503.370544883396,-305.945613573892,-262.677702215671,-209.435944112133,95.13266098322,-203.308857259613,-250.873021985189,-51.886634628234,-222.164168360959,55.3318932546338,-75.7475470154289,53.1149580370962,47.762198109384,17.6050116594088,95.0094474863257,48.6335961858302,38.9776132824879,49.6243639165794,54.5087106461313,58.1903451727783,-15.176889776204,42.4438411576611,53.2130601824251,44.6787117786915,19.7399504767202,15.3757261866619,-31.0705136373667,10.0687230208421,534.790301015689,-110.426102294821,637.978039705295,260.510904258312,-410.647584863362,666.930311341656,-7.67543266170805,623.51068442668,444.029635403965,232.025855942851,-426.830248162938,723.207455168157,60.8615590303155,760.767542509124,735.919690635188,174.947822995947,-122.798675588684,750.652156413044,-397.568298391863
218.480903176703,205.983641805298,-495.045915143048,285.288551549723,33.5154485951977,195.825568990789,331.966089081336,133.153427133254,256.027382047263,276.73492362214,-190.922904019529,4.11343424947685,135.74939616532,-53.4998727232344,-309.848345067377,-73.7344346679479,-186.318696153951,-289.898834455683,-79.7350435514034,-268.907859384101,-11.2380529015728,44.4076372567887,-119.132932940061,13.6083539009553,-88.501691250416,-58.2189862865052,42.0694453595975,-42.4180685219606,221.998245244579,62.565959925015,95.8017107318962,196.970834365006,113.254910350376,60.9305313233921,91.1682204913856,122.617018563051,131.41159284603,36.7424568868081,78.356542580024,107.361448442156,108.496898697354,85.2161330719722,66.71698773256,21.7149637571814,37.7103637384093,529.52862473901,6.02713700073788,692.329965369139,340.657899120709,-117.287543196669,779.42140997342,119.517879275169,778.070146735662,651.560675263788,318.622854324598,-308.531562147677,933.303863677299,70.4717489358341,897.441635995955,1001.44212343954,249.744090625659,31.1514880799647,955.699207015024,-57.1872632318275
160.980015526996,152.838490865912,-427.670023022698,207.470222743322,5.55166848539897,223.220868979494,269.654679581097,78.8559380718466,245.935578969082,238.292797914629,-194.409620906881,31.2202494684049,135.176810631887,34.7740427083881,-267.723002463817,-84.9908434158289,-176.589881315961,-192.455726672259,21.3407614251461,-256.13231951691,-6.44881964301958,-67.1631670026302,-127.238477949845,133.554877999366,-144.745151946448,-56.692211125229,-17.8169310952243,-57.5502494012063,221.537993248091,32.6632246312877,94.1287035490818,203.971744111283,131.551729673978,43.6257376293407,71.9061591721205,116.255352071876,139.665231084246,58.836374856842,64.2637509967519,94.847970157411,108.718275415173,92.9404234599021,46.8858404211703,19.6345414496528,16.9942173450325,403.97445787911,7.24155149506669,543.947371451414,302.89316495255,84.5454948551121,623.617419597316,243.004125064685,700.16323415285,679.956594843312,405.731313940202,-23.0466054612872,916.415860516693,165.073557512379,834.929713562298,1108.38754992458,388.239340844475,127.759077539599,990.145007448759,205.07935526533
8.72365662687292,-17.9424841362696,-397.837043158629,32.4604711836813,-135.283572764809,201.558828889979,91.1731899961143,-117.441481169692,154.418952007603,6.98933595641053,-348.598994445983,22.7543129103905,14.314127463832,-123.511388459332,-305.092547041075,-293.895513514267,-136.474523097716,-245.457284582343,-91.1170290323352,-219.748030393738,-92.2882433796269,-131.938484730386,-147.938898596449,148.401806802465,-141.279658618039,-97.0682182578044,-20.345120817105,-35.6777499860951,117.929066174676,29.2574039034816,63.0867134643306,134.631234132602,81.1871644814431,43.9253691049328,45.7517981796089,72.7391450571506,78.8153869400905,27.7692232168534,53.697708607253,55.216441104872,67.4492405028275,37.1427430004452,-3.17550674657492,-18.8949652041146,-38.914750923261,221.055818471211,35.3973100235616,227.672909666311,273.314874914755,163.237482575576,351.915190555395,311.928024427317,518.638986030684,536.49770026358,430.026203123834,201.990375471567,733.776952545979,249.044471004972,667.312330796407,986.834689718613,391.139698110261,89.1052661676596,837.51760776664,189.983318840177
-128.707775777162,-196.553307523483,-310.797684236615,-121.825815263498,-325.416877367409,218.501886007336,-34.3973303432303,-364.481247721734,171.048294428203,-228.584672525044,-618.709072123022,77.7970323320314,-45.5008227864807,-420.543384661821,-413.503437402904,-601.481810183153,-132.190466477184,-419.668489595796,-333.918872658978,-234.215337312605,-177.883378793531,-163.168592322551,-170.560347791039,129.154830812198,-132.17173628636,-106.664801347284,11.1900621878461,-0.507235196470774,14.8024823826926,36.829727048503,28.0096744592274,27.2214134466648,-31.1407928550259,59.4775354192153,28.7757337265119,17.9918191881862,-21.1364984476811,-49.0108665690801,58.5763584599246,18.1416725657445,2.28813030015862,-49.0776964351446,-47.5825105783144,-68.0099601325954,-99.8787973620567,78.9391935047441,246.171660826911,-11.5201417389575,365.464843353266,253.35011451898,266.722462404115,405.268204680571,483.842798789127,502.169939653328,512.942775819697,355.494259621593,677.930830200471,368.280555539246,634.078836505086,946.161046256521,327.303278973571,36.1537948324418,727.550377956428,40.8071871468899
-241.019119003467,-361.004998137608,-223.349725379208,-253.591569312471,-539.596480104738,252.266990056838,-81.5928802909077,-609.632750778416,295.869399969726,-370.609182711437,-944.033844031018,172.022080284942,-22.3773430801086,-719.283751551361,-577.402487429585,-950.462034882295,-157.704807353399,-689.590072612291,-661.091121976891,-329.655184947762,-325.006163591434,-193.614751644861,-247.458356459362,48.5369728722358,-173.687756443684,-128.390635597341,-7.3883771804511,-25.9025844722645,-80.503535448909,-0.218178363336381,-38.3993504363892,-123.959188264313,-207.959895442472,42.1723329157107,-14.744834092931,-74.3016206041421,-154.941508830988,-179.335449503019,35.0082357956639,-41.4160288562838,-107.508861842972,-163.843544615442,-111.164488805976,-149.563588375568,-181.302965672299,34.2851319596103,524.074563901046,36.3793438297275,476.997950038674,344.994964027648,422.523677882528,501.321051383487,639.864971042512,713.054013692665,684.079529193178,460.246301478614,875.829820806915,516.420730904313,802.380839304508,1194.14052591363,363.821798126975,69.5950152109814,795.964178944951,-36.7976985513686
-405.279391222948,-556.209042963835,-230.501232364842,-436.14164387476,-771.059629728134,194.766803461899,-174.268784209008,-837.55646056946,317.486812333482,-472.651551717285,-1235.63724544059,160.569704596506,-63.0391263374603,-945.599420779256,-744.392215471165,-1243.72536119715,-151.97360931901,-911.093563642683,-961.612349050325,-400.509628342991,-452.099242589541,-196.076402762634,-315.593119781253,8.6397386710678,-192.859828456374,-95.6500572507297,-62.8441965231458,-64.2621540382562,-127.595040542588,-57.81003425271,-103.230755010996,-267.998220908265,-400.929357017429,-5.36898701652591,-78.601757546354,-182.794079195459,-298.833680567961,-347.844205942867,-22.0860098517595,-120.0314130068,-240.884757569206,-302.213640237628,-202.655512678905,-271.153852826305,-297.411822103703,46.1330266116636,611.368379790739,233.129061678797,428.514278709214,272.605622972187,537.403677287081,450.560385679994,758.53893881568,907.074289091357,761.483556554672,413.446796898883,1078.55298911279,547.156446781357,958.473801823561,1463.56569887498,471.982081769202,134.360711438451,880.773386736892,-31.7586291864798
-650.215631635346,-786.929367015836,-347.748173443981,-676.50106940783,-975.503341981911,-9.41385665565892,-392.374437083704,-1012.75212885894,81.7380763566144,-600.71235738353,-1378.15149416515,-61.1645720308977,-258.811941843049,-1057.44629022175,-886.699062284594,-1343.0278619055,-139.037735377677,-943.944532291304,-1026.61964407843,-382.615943145658,-353.094583116639,-171.869983575364,-275.628436688647,180.805958214823,-125.677808583941,88.2373965935657,-80.8861654102579,-32.9566705889253,-55.5325740501562,-75.3809054071841,-106.355544544928,-306.593272275126,-501.98256269867,-46.2533387176978,-119.646576144941,-240.961465127427,-390.579872236314,-485.47897467601,-77.9564982092509,-177.105677022931,-332.469983787173,-418.787406639924,-285.454973496909,-390.009519972944,-417.703786693732,28.2193541170933,432.930827756221,283.173668935598,225.325676587028,-16.545203177851,413.950640200243,212.537871671806,646.900960427877,790.023409683389,613.422691263714,201.183514890945,966.831002173262,409.096878391001,835.109977576479,1308.01720638181,510.809796539616,155.181226869479,700.192941015497,-20.3407581851878
-868.055747279091,-965.367703390884,-489.841118828388,-865.664072342453,-1073.54243852588,-258.288274777173,-638.778173354876,-1078.17420925846,-298.325849883093,-726.913801550207,-1319.01638697843,-402.636258372304,-513.143795162439,-1044.82914117147,-997.414173210321,-1224.60501746487,-168.069726531802,-833.314568815936,-842.28892668574,-327.455694449832,-95.5577859133489,-119.12453387889,-147.983163362024,424.145494854007,-12.8787274250278,307.147584451153,-33.1014121218548,31.4421261306887,73.9831752397569,-51.6492205806428,-70.3031139595796,-240.819857670057,-468.284292895358,-64.8505237658412,-127.162714165287,-235.236661004612,-398.396471003863,-530.011795821778,-109.790104830005,-202.199055955166,-364.969627841545,-469.906131625639,-332.791876089862,-461.629901024279,-502.174733888325,-19.4959757707407,162.500234742081,184.077812388403,55.9367349779587,-358.623524583798,206.192439213758,-47.0874582895105,384.885081084654,443.970127244759,358.642130890042,17.5432152985914,544.772842935503,284.656469364281,408.295626135553,681.480059660901,486.729592256099,192.700835201989,201.918728216619,38.9284829656019
-933.449312491793,-1010.32583247545,-548.502131782413,-909.424080694273,-1031.84150587272,-401.067031660646,-759.327778830015,-1022.4998190702,-576.901454297071,-787.353405616495,-1134.92682421309,-655.299987228345,-669.312668265643,-965.253692023402,-1034.04744773176,-1019.09358400651,-222.803053893959,-722.171305591593,-717.001519433883,-292.021359670947,-65.933579397374,11.6670382845834,-49.72362772985,294.823329651033,76.2655777855871,313.872413998617,27.9958763136476,28.4481313756827,85.1533310817659,-45.6805340976973,-75.064100353974,-195.142654947078,-391.199432481485,-79.2665560384468,-137.208821601906,-224.584041379256,-371.093493517444,-497.581634479944,-131.9029704334,-228.767109117653,-384.264639191042,-467.487708560571,-360.18217101578,-487.852171047323,-542.181869660255,-25.6884563867575,-28.8879440716599,128.211118768405,33.8594377500704,-568.24697487833,97.6847886162302,-158.976831429301,137.170626729171,134.818838996458,193.338331445589,20.1122357218808,67.5356671204763,344.741643603148,-113.122999239151,-9.42157811913654,503.032754275677,348.233051569098,-371.42357604033,215.265934870316
-882.961763944102,-974.061876611236,-516.306562352305,-859.801856102444,-926.66825287328,-434.861771985427,-744.028937344799,-916.448284510072,-672.922247357189,-787.654376358733,-972.499024708341,-737.875377966054,-717.288321542469,-918.000333572143,-988.837579266828,-904.706027917346,-329.908127463634,-726.523963374398,-945.591269226061,-345.649074295069,-553.658852166389,161.489295267866,-144.178150112284,-454.88981652856,91.4524043958905,2.99251091396154,17.805764653217,-70.7260474567385,-113.345110667838,-103.648512296554,-159.104157525182,-267.863105443573,-381.842375698879,-125.810788851883,-186.965184243266,-265.412482630582,-379.313733769394,-455.551905793797,-180.149803228099,-283.291743842526,-414.101313426953,-452.163576578992,-386.192884726706,-488.737331170788,-539.028490461014,42.3599108469315,-143.166160971117,153.783234166438,90.6663527653635,-627.803049404865,38.8725979903784,-137.286600683413,-75.0964466636433,-57.5226997615935,143.875227519238,128.285076565362,-300.100567649035,484.665524044055,-538.431846679994,-431.49530963902,512.668840348114,543.579634807803,-766.880774007835,371.254764409164
-824.968758707745,-940.551663810406,-460.976567537969,-797.489129507428,-832.003538282047,-443.915866451501,-665.433832478976,-798.916836473136,-664.510319296649,-733.771727637368,-870.377880059493,-705.541601372064,-723.03175617064,-896.680761932514,-885.814293268234,-903.602717931175,-572.83274354254,-844.8404944768,-1382.77607568078,-552.04394587274,-1394.03142616466,98.9626002889989,-510.131526291686,-1499.75042812027,6.5218523270477,-460.780125502376,-81.8192076476398,-190.230179348368,-402.033779650918,-189.382199328471,-262.038929652208,-382.073274868764,-390.513972876082,-198.77647224785,-244.097468967462,-317.944471347502,-386.351702358506,-391.231943347956,-236.57146332701,-322.454786650805,-394.146342135484,-395.319149664729,-365.180756361119,-428.643349377846,-450.448591008858,167.279659951408,-185.128261051235,198.751288120169,182.409951469983,-583.021117978061,-44.3996914037333,-68.3532143020828,-260.555535384396,-186.846961872494,115.267494636445,198.834368706466,-540.384255967971,492.45035906496,-782.551042356212,-609.523896456711,384.874192839004,595.699784616923,-894.932562701339,315.11179724401
-739.187093896762,-862.837755899071,-389.669125390559,-675.162622803579,-697.081634342459,-403.67090756188,-502.614637558874,-596.053897230823,-547.72991184826,-534.653577872292,-691.334707074016,-534.976268598426,-597.994026062048,-720.300337981546,-603.569623611622,-724.339767607013,-831.986864820461,-778.560903033964,-1450.03340532929,-706.915028046923,-1923.16511879832,-224.20549188983,-832.97000245754,-2064.56593076652,-90.3348650711339,-711.920754207494,-166.966137541976,-201.697799506492,-516.953194267495,-193.735677149378,-244.710166686067,-325.084462272126,-217.367842260145,-210.791932646441,-199.414365100418,-243.414230505561,-234.63738087932,-172.996373216519,-201.874124260033,-233.201780541522,-227.792396013104,-191.491240784384,-205.808528723103,-223.430119225047,-206.700408899272,322.097511991513,-22.1430997141966,280.777780011483,410.794883749529,-373.447272036674,-72.2846655557434,76.3561588991667,-321.009221135174,-221.937715824993,110.879663720918,255.023705700855,-606.580408089946,399.997219415134,-778.823425616672,-649.845337465546,196.360871095716,523.165030895068,-757.234953945394,154.497864081554
-562.85504496214,-681.472939560962,-265.197536111777,-451.767708937527,-480.889602110982,-244.146219989966,-236.83108849108,-292.238933300564,-267.686825349657,-175.62200192898,-351.647560975873,-150.458700146573,-225.367241017087,-293.462691600808,38.9558709604653,-57.0764881057596,-739.576589928563,-116.782020589814,-729.329391428549,-361.189563772611,-1412.37281524718,-378.356958387289,-525.332748606852,-1563.84092244851,23.4267693972303,-497.222432187131,-88.6586187204383,-38.889075314188,-339.367852984113,-54.9223146161057,-55.7405751153896,-33.3328007567902,179.857217254276,-97.3936676582054,-17.7811322732996,2.46502983430165,112.682555581204,219.864417442235,-34.1527482016271,13.1666693368623,59.4566022493873,149.113226685199,69.7621732651103,101.589513318073,143.936473215637,431.871745781806,359.036791333632,407.945155775745,769.00078770792,9.30069326939164,0.883648219083652,315.146946860685,-229.604684302709,-138.985742824506,194.521554497945,338.992667287956,-483.183108389387,374.095581564379,-547.298382016278,-569.453698638065,118.277463387077,487.690592551241,-463.094775464399,111.229760212361
-364.609291908847,-482.212761676923,-111.108403966555,-247.260073764183,-282.688864213529,-24.8743981926159,-5.32680429635762,-41.8109082531086,66.7035555599299,136.604182923551,12.5248423851384,354.131807090193,232.043990654182,175.360372785658,911.620007242341,912.917849711689,-146.746513739001,1011.38662019483,482.366552885433,538.925114778987,83.8222466166339,48.546134086419,471.645383243278,-226.73488488491,421.194207900741,42.7710778219381,175.736738838282,213.643609155478,-40.8104962684609,149.010327922224,165.736235037134,280.273615028214,546.312093114886,71.2627233620199,172.057217204494,251.005318876241,435.178745884923,560.681342031114,150.918125360709,256.908847355446,293.610387330092,425.38266307366,286.536967242259,362.089612178612,405.07804420269,391.406519821438,678.187301251098,470.220746249219,984.871138899206,346.043874868664,40.7467731212253,470.414630073146,-155.8942363554,-68.8776025828855,272.804811291941,327.89490480509,-319.063363595181,344.889081167017,-266.8814478088,-429.131002092469,67.0332312694093,457.545669896889,-216.091593757719,121.989313323603
-215.843834260731,-336.836209649437,41.8058825190558,-148.069614735523,-156.026880859658,162.182265542161,90.5669592326843,72.1097251881493,297.927629822267,258.275489751138,277.93905016704,777.796528717394,523.488142756699,475.624731475166,1612.76465077053,1676.96025130661,594.303487486414,1910.1674995182,1492.74055228867,1392.79757533808,1568.71886853711,775.557549273851,1433.61338097682,1155.32155560012,841.652469872114,607.459469080443,492.159807160258,452.585707176145,275.313889411248,329.598073086042,337.689191012155,489.816860875686,728.148371449583,212.983970217865,296.252232339924,401.433908519129,594.376866369227,713.291351855733,261.127878195359,385.804643553789,422.316292783574,550.869336442832,385.69741255704,485.024909673038,510.983249856865,235.339506920277,743.421427265987,378.113998738614,885.047104360233,468.395365719766,-38.9310800158533,419.439478034154,-209.561431171626,-74.5301684402552,238.746856920607,189.508674717716,-207.120562880307,171.183493257041,-45.2005946122704,-259.331195448726,-99.8547983743872,304.893364627137,-36.7253745134261,53.1716988873791
-22.9341061665604,-146.832508430382,243.179416853215,-20.3054961514018,26.660249476089,360.27698841491,191.567992657041,204.301122783455,475.436295434565,361.441563867379,530.663568513029,1054.61804915237,706.419487715074,711.111216027207,1914.53132181982,2041.47682721971,1023.64604991655,2151.16024708619,1992.21033604286,1658.58767221156,2182.13871022549,1143.51125061373,1726.18804552292,1988.70759581434,990.741116884352,1053.15529333309,710.515890312241,672.691414745137,715.65230995068,502.771597116675,565.087545423432,743.977324033172,909.596347254616,355.081907037448,453.335623637994,589.667311260735,753.403662084831,858.520550105792,368.791905141956,511.659679722398,603.234651677478,702.421102551929,526.516810826674,630.707775153834,638.490296679479,110.747675620619,722.232669232537,184.340981688417,638.960832331731,502.501835509024,-142.451494582588,343.861899057559,-316.270744554242,-6.85153818157982,230.473441240719,139.988966952276,-50.720527890829,18.9471281690064,181.994493733096,41.3522708246688,-193.005546662587,117.789414999839,266.384218631487,23.8589277764351
299.696056634292,164.940515649323,521.78585973995,262.686440592578,342.975007604434,627.253538156108,453.889870454544,490.983026408326,727.802711958463,644.428406881858,866.642023032814,1236.8731264297,974.765227868936,1048.23542637384,1886.54860270436,2169.22109051011,1039.62806376058,1932.04882659632,2169.34429470895,1418.52974859972,2019.41113485984,967.112364737167,1431.98022818136,2112.51763691069,851.722016247624,1265.26638675266,748.457751152971,814.626816358411,1152.29988275441,645.610095645589,824.806488516594,1062.31583623172,1197.93981729933,496.448745417828,652.657737668647,847.192919037288,1004.2585859145,1112.60377786339,517.352337249948,703.615452057755,869.614071724151,960.177343589642,763.360287515127,870.365430939469,869.955055202724,23.8863593026744,758.076641511722,-69.1128259991656,390.293397707827,571.448064638182,-249.063928290066,387.853543680831,-440.892253622365,128.064137508854,326.873031126181,234.483801465593,125.167513241199,59.4502872378685,376.873966001937,422.342090445601,-11.9116225887445,19.2061204667584,674.220597036855,139.014316599013
595.664626595213,437.253602599683,746.115153689062,548.173587400419,614.981081936841,842.643535089499,746.001071082267,787.82117279059,964.701662302043,965.022745041282,1174.47735992519,1308.98428302706,1241.73324468341,1373.86369641184,1677.43109288512,2150.703842238,872.451889791986,1599.07311584106,2210.90426456159,1051.08892655227,1623.22939825925,606.38206762927,956.823966957061,1662.51189692245,583.479345631147,1101.46722553247,598.396895562064,736.876069784138,1214.9516138258,636.917733509639,882.600581116164,1180.10374450367,1358.25172752171,528.731650412094,717.899011846612,947.963028511913,1136.32874356479,1254.0672334035,587.916216953809,805.605131905242,1007.04622741419,1106.27441987597,906.609044596598,1015.9243296747,1015.20770134649,-143.175537086522,654.13774838876,-477.186942750422,21.9393245179731,517.959106515421,-496.009346780537,317.245379186825,-605.792768915076,-15.1568053055918,196.43341110256,125.473881599825,68.5051788864639,-9.16196389943815,349.642867160775,516.852145727395,120.909680737537,-158.229658596734,831.352235472589,181.623535929388
632.017483609102,440.243875278397,732.845263927879,582.400641720133,611.029368060757,829.38800069413,804.819911059994,844.077948128336,964.656170789275,1025.50562624203,1257.58498275591,1191.28263342977,1250.87410335665,1444.17733728238,1394.77902221489,1932.66509422444,743.079435016329,1284.79233532572,2077.80558016922,749.902505749086,1241.0840650752,343.061745771817,530.569111049388,1010.67679261581,289.714404873431,640.150981767034,324.27337432252,433.865133857699,858.225464927605,435.114758899421,649.174399715085,966.73684879681,1191.88986204354,395.670790977722,555.718991012587,765.531832307367,980.532795773153,1083.31918628017,481.071475179948,683.331680609936,877.142132792909,964.093772109475,817.091240707814,913.559006803622,913.27769625328,-381.537776198868,198.390792163802,-1010.17076954682,-503.750785937831,181.44410774443,-858.65599532071,-117.335064154105,-741.568302291143,-573.649120008212,-424.384505041132,-437.970656897998,-305.384051028699,-542.109187702579,68.397450675571,86.7349171562337,-250.609740965885,-604.143847893534,524.434056384637,-103.667613241873
458.670901593005,226.018182406954,505.517887935799,391.776782870038,382.807332545694,622.257772820016,624.70052389484,662.503281972597,727.207991842048,814.477190523582,1101.98850221208,906.331509431005,992.927579894925,1243.57109446958,1094.11921649161,1536.16843177241,648.59227462932,972.941124178407,1716.67234678954,496.090177620045,846.874819527525,135.558051819648,195.085767495895,535.194974436927,-25.5151571460788,159.027110878975,11.9520575480865,51.5619218144902,407.781653438553,133.363528804575,285.615948088072,601.975012594922,832.83192461714,168.395047917831,267.522120465255,440.814868689732,650.157323688474,730.039735539932,251.632744088883,408.635285439732,587.848021966071,648.726534048464,574.070558818033,646.096675164864,651.587221874691,-561.009906124517,-445.103420224601,-1336.48732054599,-973.790781238604,-268.841464225981,-1077.49804305106,-724.752326500938,-786.343637198988,-1122.25998586427,-1188.12624589985,-1155.83343479447,-737.101284290747,-1265.89874034729,-275.555010757151,-567.565466440114,-944.550075435395,-1101.60435281394,13.5161783886638,-558.156552332061
371.585921896341,125.958740044915,301.850636073383,270.92054291112,240.13444459349,433.963951537008,466.700872230377,510.417613323131,500.649063175098,605.679021881629,910.420854286594,608.914871338778,718.805229098824,1007.14456089593,795.167652722658,1101.84577265913,502.795432060217,665.949935141162,1221.92755793085,268.279518037179,468.636255433507,-77.6925616562093,-48.9799186196206,298.742133269041,-327.544218836602,-171.559080697889,-254.405053944195,-273.763733766355,86.1860655095239,-146.325916296844,-33.4168619562401,282.57549880759,503.468826191666,-47.3023619013906,-7.59718902555403,146.141347618285,332.625630118317,416.541222242915,20.694562971017,129.66724848574,303.526963547236,356.613641761602,317.421556150887,369.566823139453,392.659811406735,-633.178980589234,-889.657992184065,-1247.4101380125,-1224.17940657453,-527.906590786416,-1016.294337137,-1137.49786386276,-768.894844017954,-1259.68876934032,-1616.38503870667,-1583.91179556745,-977.67713752103,-1687.23896522843,-528.569935666172,-978.930965620521,-1432.87865301163,-1341.01917218646,-328.219364102575,-825.006355828149
520.913102175204,362.689388500305,288.719438041242,399.797065851493,395.282041785537,381.236826705835,496.430371448979,583.062589821171,449.701826652285,576.457117030175,875.238623883295,428.54555786924,602.156907768113,929.747432476444,550.419665622955,782.539621350159,366.890114361975,457.414901409286,780.179892014823,136.208998839598,232.678597015727,-210.110830101505,-184.348677924108,132.321328094472,-488.234964385201,-346.218247725444,-376.45780381503,-442.263376468183,-113.559234135553,-299.467421680027,-224.823748254734,54.2851591215579,252.201900109792,-167.857995719919,-180.579303976134,-54.8831972774112,97.8811326137134,193.110490728651,-120.245071671366,-61.5059370325987,94.2212781902265,147.053160427943,122.507873695481,157.49178417833,197.768391253092,-636.54945127531,-962.456354400914,-966.948799258655,-1283.95203762827,-536.699958929214,-794.703985898497,-1279.21891379809,-683.217134143416,-1107.04460631455,-1730.31979190975,-1687.41383859078,-1025.81255260816,-1839.14715288755,-669.958924743621,-1078.16249041733,-1648.08343417551,-1444.62693772099,-460.815058307987,-946.856331111692
742.848002044437,787.360058621145,350.383194196591,641.262681028352,744.765592872681,363.135305045218,584.326354608082,789.044523737939,456.262812425941,631.753627135572,991.129032112412,322.530694422711,566.717853707515,972.389923864877,398.627885511719,610.525619291062,342.619414066975,374.974617814817,511.492309614963,109.35564484936,153.728236424271,-225.856027121388,-236.100749906959,-40.6329126891471,-472.140855577887,-396.337840087405,-340.984163806885,-434.061490104571,-237.169813705139,-304.204443364541,-285.884085418306,-109.082840173556,16.018696393688,-178.142369604042,-231.817780673776,-167.212723320567,-73.5725872766796,1.28246958373702,-157.261171106146,-151.978233186058,-47.238273470308,-15.6966670418984,1.01293090993541,11.522951848754,52.0226836482193,-582.746798806761,-829.468398069816,-768.18952328733,-1215.19260701027,-480.182644975762,-564.348399894011,-1274.1385121026,-502.449830799237,-923.340172361108,-1737.41172378142,-1641.99773533162,-943.715679760389,-1942.79855878154,-692.435192100521,-1067.13303645232,-1804.27456445033,-1643.09753340368,-537.110981254201,-1223.37717860026
791.348309951767,1061.07565449438,208.45628828275,741.602244011107,1016.49877839738,205.13071332205,494.917792252066,892.568155906278,281.501662972252,579.234270406781,1104.26871120184,120.862162203287,418.014474992481,961.955136456209,250.077020813819,448.920029566,347.352433631866,246.979453616521,357.063214400585,37.6616269975127,46.6591996410786,-241.127365697037,-317.200686913564,-182.208313828628,-440.824883692655,-395.676155229761,-283.651169956626,-380.815379894674,-328.422151360458,-268.37994956471,-305.031845808687,-255.517742088873,-241.459019728329,-156.653782986334,-233.85313638713,-241.05855533637,-227.083401427675,-193.874659979106,-158.319908321374,-195.761323318791,-162.053849232564,-167.221760278734,-83.364801951135,-101.165146854706,-73.301981741632,-477.903724760707,-706.239131502734,-649.227287220842,-1034.0456665248,-504.432120812756,-399.318139437387,-1161.38757405468,-312.189574908485,-730.023452117767,-1581.80998741513,-1464.59913663981,-751.808786984647,-1848.06726210731,-606.831732253234,-1031.09380886365,-1824.22159826784,-1720.50807252981,-614.217768309295,-1547.9792932715
614.148931499018,1021.32409936164,-218.372852284156,616.821828377303,1050.61903957975,-104.423875930481,191.219812823446,784.314826302722,-128.467407891261,357.639460783857,1093.16452247025,-235.543224290628,78.0125532188714,808.797799410096,20.5439551393984,185.829903891018,239.530133178831,-35.9900127755634,190.112152855768,-160.826592972986,-193.371267307508,-318.696086707241,-466.913313625028,-292.456676653868,-498.814389665389,-429.640771019765,-303.410461668147,-394.203721970247,-440.632494644697,-284.985817197905,-359.129424884262,-419.990846091752,-492.942925620113,-169.275275226024,-259.562485097654,-324.448134688697,-381.003109265571,-382.296539320035,-179.670646567531,-243.384395369903,-273.638975791712,-311.089600052386,-163.033902860857,-207.426830483812,-193.450116819631,-372.193043579254,-611.828884637539,-529.496599656063,-768.406355307865,-559.693188135732,-329.652010629077,-926.56134583979,-231.529620217237,-521.62409320782,-1198.38025999906,-1116.49452931152,-552.768241215991,-1387.47730240206,-519.719952768519,-979.480062971777,-1547.41722550601,-1315.63210234932,-718.343770944734,-1485.05595272231
371.406614499631,797.873980919985,-645.08250386547,405.512560039264,910.861688889613,-366.301474130589,-104.701086733862,575.624011021238,-534.893342364212,94.9074078947838,980.277175631649,-551.965622883491,-299.07365837248,588.469702282206,-168.401564687632,-60.3870723173722,47.8918054391567,-280.840461816888,34.3085772552406,-340.860701250188,-355.796752510072,-370.52492820285,-531.064890935267,-345.991294080749,-529.581471310766,-448.635728741284,-326.005027678905,-391.146692834411,-533.03383213934,-304.03531310374,-395.046032618041,-548.724569061967,-665.498068692499,-185.196475473395,-277.222729372747,-392.465794659889,-489.885037012604,-528.381560682364,-196.124869886835,-275.871335920012,-346.048763562818,-411.757814782139,-215.025805840768,-284.99328083279,-293.686587194653,-281.093558954526,-449.246333092943,-391.195871719929,-463.003101050854,-460.455661539423,-288.323265636319,-581.099672866595,-217.681514815654,-376.03214411796,-737.525273000925,-627.491314256884,-447.870053826565,-744.795637412269,-490.338639485161,-939.321658981263,-1076.6493220777,-510.177826481834,-846.650285364579,-940.86599934628
236.962007568056,613.217849154147,-749.697222863102,296.575860279145,780.203839133527,-414.52696840307,-161.151703836794,463.67090373028,-648.644647983748,-14.3844041113337,887.333078433493,-595.21158918522,-456.205255223445,442.051115068719,-144.50848885616,-103.334738660627,-118.906102920821,-277.667980313616,10.3122960788917,-372.356689521921,-239.066915567871,-352.157635584494,-405.397299132186,-257.680579588806,-431.759604582535,-342.909520392524,-269.162744701937,-269.296829882346,-488.65991619821,-246.66496226198,-328.142047588825,-537.064312576113,-689.378261610849,-155.879179628329,-224.477365621704,-377.749548978054,-488.442872557026,-581.670186495205,-165.716348058352,-247.676184773699,-331.487526299432,-421.014340844002,-202.920828967502,-286.116089044679,-334.54803849064,-147.899458772715,-176.65789649983,-191.522462678616,-138.032002340159,-81.2001281255802,-134.935414492422,-119.463052716668,-109.803837678302,-250.484022004168,-300.892198338794,-19.6582670674558,-340.858070217748,-151.336018638338,-396.563375849491,-816.175740734712,-576.916424779013,271.78359656693,-817.158442732032,-271.841478502599
216.55777082659,539.244845541823,-602.633455159703,319.147751683624,746.462076918574,-327.584406321449,-17.1937201472088,499.382442162745,-475.567930286139,72.9915100583786,854.625417305618,-409.588014917627,-338.797414205589,398.22693610391,30.3149885142017,0.43291959409278,-246.214260951843,-142.4098275698,56.1333446512951,-348.513871889434,-55.7662191396561,-353.48560889772,-272.894316244911,-110.915641167607,-315.007142473087,-192.316390283413,-201.71025618145,-125.532803201783,-326.364865830903,-160.668708907501,-211.80091858216,-402.570416753801,-589.127413336425,-111.926490145646,-142.501208081338,-290.41573178348,-394.917668250328,-531.243205781514,-115.847381821791,-184.717318525527,-263.257305087167,-352.98645426122,-158.941935781717,-228.225479625325,-308.040516856201,19.1795604896342,141.248677840422,60.6073198608617,167.163061190559,459.622158479476,118.456160134921,392.671806832325,105.94113376021,-44.5629268762298,128.062055241313,622.960161496483,-104.262928767054,323.918097014628,-160.003914122462,-487.372772566514,-98.6183707150206,727.383782982052,-492.432911049015,199.314502931352
183.496306387198,471.930404112819,-550.5297226725,325.829595732604,699.094677152362,-296.424522339303,69.6533298055275,517.66798372235,-302.70313670285,164.101201144381,752.977888496603,-253.643835933367,-197.023958140177,316.708433027296,137.763088279135,10.6531923839376,-342.740217973136,-127.14279443767,-59.6888204997216,-396.197756096612,-157.190647732556,-408.279167190018,-358.571157030319,-173.309825446869,-310.699414126415,-196.473793746598,-213.58539280478,-112.918359640608,-224.060408636465,-147.950232854292,-175.628901366323,-304.292496570986,-499.716833188827,-115.889670734848,-127.939112028252,-232.830230276727,-322.52800510373,-456.983401408228,-109.832968227871,-170.195725879569,-238.144793627827,-301.400712526057,-162.762302310188,-205.584212936271,-275.952019296996,97.7219618879392,362.240016953993,214.366687139393,352.967926031245,877.710013708161,268.572970177052,746.284646333045,251.205682829665,165.276157521178,473.842141658105,1077.0557646843,166.37132982394,631.249355417762,62.6821083915329,-67.1629967303531,319.799399558276,833.367544403134,-76.6368124675821,462.125551425909
56.6365714530071,313.907707988841,-734.755050330856,198.901390065271,508.284681403938,-385.007956498453,-43.4065519476448,364.127252372313,-328.25541704134,61.8641897475484,472.803696156819,-265.924147603282,-260.931367760685,75.3756803343929,95.2031002568277,-155.022432338991,-352.431770721285,-250.486228454785,-399.149316570558,-458.300469987642,-495.234717660791,-406.062760963798,-562.633642008618,-512.035650996309,-349.460025985747,-349.519525552063,-253.583302721528,-195.264287747709,-258.760702520246,-197.153360422798,-230.405407037659,-328.520937071875,-519.446125737018,-159.62290838204,-182.792894921551,-258.720687145159,-346.389477851085,-454.82158794742,-155.457059640715,-223.267413101407,-290.684715414323,-332.889037604666,-235.520815512392,-265.697068379819,-301.427557876163,20.784068049525,357.914617313517,168.055254145642,344.543219666974,993.346131437647,199.393102075179,794.194183008735,210.171868470345,217.507860840666,613.401786669743,1184.62395698091,267.210399959997,727.474288859003,83.1632617874605,166.110397811441,610.920539339739,724.774776880113,96.6768339334432,649.414398059532
-108.558745166413,129.248246363784,-958.907701158074,14.5891453841004,250.209801432139,-497.723396949063,-221.284828297906,124.776132569162,-444.086422701305,-151.684435217313,123.967285395399,-342.994213480742,-421.37096234748,-224.26493203573,16.6808629560243,-307.3855274582,-237.706165967565,-304.717880566178,-711.36159878295,-380.812647968776,-662.618823808217,-257.943792790149,-561.819311461741,-788.729306886826,-263.773239917733,-399.89817670702,-203.893564614095,-198.051956007167,-275.091797777058,-191.240070112292,-245.454794548106,-360.899925300903,-572.146962685551,-164.342437151196,-200.595210583072,-283.262527767222,-393.897579215383,-500.560025807223,-181.525814908815,-255.349774185445,-335.467075525678,-387.507556896192,-296.832867161547,-325.038228370883,-349.831760251257,-98.7928809105885,175.30209904317,47.3697785293947,212.262094964176,881.938036586654,41.2300085727495,656.113732835893,69.2314687721562,118.55523320429,570.267772554478,1062.35122483816,154.257243718933,673.955171121491,-73.0292996987234,91.2062236431459,726.834331656009,562.869931298386,-48.7699361827645,803.291285810099
-176.704286269808,85.1366584088728,-1000.47192949156,-35.4805932792445,129.681399058869,-502.434390132523,-237.893976456971,28.6797799995578,-419.179211821777,-204.728242249655,-66.5765956007546,-323.549432222079,-400.609363089367,-339.478302738197,14.3975794911632,-244.592122713472,-49.8619167453948,-165.07210227443,-707.86509358005,-131.654724793446,-423.707877214121,-18.9572301846458,-245.253521261933,-629.329365078957,-36.8033736198702,-178.533931279413,-47.1210170715883,-51.3962018084863,-99.7703404487943,-70.8899865502296,-126.048372337881,-243.506439572752,-494.822183099171,-84.8999712048404,-105.852893576951,-192.864105383192,-327.124336114891,-465.531039107519,-120.097628552963,-181.2287461987,-270.410242695136,-345.256822133152,-256.107181310433,-275.18677751886,-321.650991128491,-85.8525167730506,39.7338161403179,56.5954614581238,136.74243676097,758.551518244301,1.43707586345242,568.309030071752,-15.9859754179953,48.8397221725828,489.083156409562,960.719932133576,3.20610365538119,585.427432279007,-201.370981235521,-109.787594334504,673.13721816,451.920571109674,-280.602230199184,862.759690107024
-65.6750733643917,238.878171681174,-850.991931216714,127.361137783647,213.457825436831,-360.799361813558,-38.5096123094925,158.522422511445,-198.523964316354,6.1491729712742,-14.7305625476282,-198.856022729456,-146.938476325457,-172.039155212133,35.5820608624698,-30.1371593408884,100.399393298744,24.8307059980836,-426.588452983989,120.554100349107,-24.9357514277334,164.124439221991,116.411027833282,-137.288789857485,147.943114990843,152.5542156563,93.7553319949841,110.017496435378,191.13562927192,65.6166707682694,46.8278610434079,-9.71335189459286,-264.497902013016,12.061898701906,29.9271025464523,-20.8306875368776,-138.440782703734,-298.745939509485,-17.0465035932439,-46.2918261170436,-116.620912716595,-191.977666139923,-138.94371068131,-141.438307041781,-196.619572884335,76.3779381249429,65.3804666639797,217.746131608892,188.697076662948,704.660295432856,125.265413723986,566.682375130548,8.73622807621786,139.251098799802,454.620783809327,935.557345787243,18.1821923927967,515.171725020644,-140.547815201899,-146.45796370118,533.332388342878,392.879966139672,-319.473324588337,781.413419752757
161.265012393472,452.36870388227,-615.948030715598,366.178354373432,367.270734982412,-150.686882634624,220.356309813857,364.702877807565,60.2828042427938,294.050454842781,151.01918624614,-87.9113104631815,129.886667088052,122.649643386451,-28.4205411963963,108.288226209054,143.965742403753,68.096428481599,-169.061564368407,206.727137609249,152.20759182907,211.638915775773,238.035915112765,237.026118988165,158.373322229503,316.819173128042,112.22796521511,141.482990315122,367.398362943783,97.8171672514024,132.195673937266,161.824213285391,-28.3784831937119,40.2041273126994,86.8477286520167,98.3021142752604,39.1798185492411,-91.1944050507222,28.3978979231057,37.0605589430105,17.263857184918,-29.122658522902,-45.4349504383096,-31.1115331977932,-53.8187735440134,250.647259000876,113.104064520286,407.698722770496,249.024556213271,606.546052394313,303.582648735702,498.392676377525,103.391116023131,346.640830127848,442.50198124907,827.440277909177,214.36288432548,459.44581164221,79.1459740636742,57.4444691294756,435.625274950201,344.024459473862,-104.020930543489,616.724266559234
341.934858673492,538.973041621942,-360.717288181463,471.954500267158,418.997293214247,21.2202841422866,343.77269206274,442.177554180929,189.967978984961,410.225227426499,237.438768346185,-55.9704555479636,242.455519714353,302.462647698167,-147.729712526081,87.656295515416,118.764939748293,3.30385041304559,-89.7560635789867,171.635934059,99.3908903644753,196.133190597376,185.537801141702,311.417776455996,104.292132994081,298.041392549502,63.9187443038618,93.4108967829666,362.516837490831,59.3009979875308,126.682910499484,198.760714464202,96.9298630855564,16.6229374438726,69.8083311103874,126.954157657309,122.466976656347,58.4438566816006,16.2332195871882,46.0338485384953,85.6425446252387,72.1712091727167,-4.31590081988263,27.4257952421762,49.0174051845128,369.343147957295,44.0438919663077,591.661128577663,208.07248621049,380.43990978251,455.822817655583,304.051211936679,224.070455847801,534.298965403676,406.188552542885,570.919479927619,409.230214187394,411.922256485187,288.979389950301,274.805398324551,419.874496094933,301.595216431578,174.158267901571,472.902750728405
379.771274130538,441.749380717486,-120.44668881513,386.232734141451,301.546671796711,123.604982632451,292.428253764567,318.982254332172,191.316740243787,297.985221334369,149.004376120721,-36.7273417164235,205.721961242648,258.175814214953,-196.347352223014,21.3429926958121,93.965506071264,-0.402889636970365,-71.7824340979979,156.919142815996,74.15622604322,219.333958833143,188.132875474641,294.255188241371,154.888601649721,289.576607656764,72.1433975759512,109.302078764296,318.40760195502,67.9541071197388,134.702377482859,193.401213545118,144.521506484828,16.9597701511348,73.3691115236375,146.218178671512,158.841667850679,148.208320949447,22.9799479228468,50.2167156169924,134.983647761126,134.993909914371,38.0064068147472,86.3635559122185,127.406620091995,504.538411731117,-52.4671547943364,827.774079141389,136.131880810433,134.081955232929,593.619249552144,119.684427097462,344.034819759326,616.450145080912,354.33249174153,340.376215864816,450.723343942008,383.069236973084,367.428037729163,280.124334146929,394.556397998155,271.597386739077,298.370303271445,367.657904802748
335.28815368051,257.778879911854,74.4432582536978,239.762197963402,86.9956720213883,219.93712723116,208.656724193023,96.7311966125137,222.661353920529,120.212345011641,-52.9260470029685,79.0696244009254,182.381323255553,93.4938539569221,-131.093822159086,18.1573635013084,84.4687420444111,85.5296910474777,-6.73385949165519,189.148257037184,138.508924734162,276.280783866141,279.398125012563,330.238792006544,302.588850892344,368.108304559883,159.886235264961,218.85815108376,346.972237789581,153.560572663657,205.489884982901,234.992420646849,210.04498400949,72.5756422825392,134.69722828459,211.325641685939,217.098364924897,232.877383792731,81.2813228013918,100.848629064772,203.632574140776,203.941657689351,111.442498190278,169.359542486273,211.840846626806,683.060854243267,16.7470587555395,1065.35261345616,194.949308870257,68.2161823660393,723.825198658724,120.188529024188,444.167764357453,636.408582434614,373.792087457055,334.560766620637,414.3918352319,414.292152998842,363.768216210375,197.137674648556,315.463592690057,242.229082727914,281.305069424298,257.993035848649
285.821469073081,97.0678918388401,207.049092192509,146.507912278757,-107.774950557083,335.359902810368,207.451799100096,-86.2761294997371,380.817942759073,46.5166699395104,-244.400311483518,290.310835222646,275.498475858388,-22.8112359352895,-44.1605941968068,45.282503325052,59.980223579244,132.448204425847,23.3898713388826,194.496510626826,111.900602460398,287.824370412275,319.309965104615,295.359304635708,402.932510067381,422.744663447037,231.752339510931,319.000732616234,389.444508123429,228.582931357906,277.066835376995,287.976520335428,306.158261636818,132.049498581723,193.855959717156,270.271891093886,275.344384159613,315.454360186669,141.642748794619,160.757723539334,254.41480544879,258.661692118269,165.636026724703,224.734909815619,278.465182595085,765.949431551147,246.188426544526,1101.66336461508,370.264726840568,196.364911096478,757.229904308974,281.674392288268,478.276082560051,651.684731328395,494.626163730643,480.903797312606,432.125954537672,495.148119993055,358.599766760176,293.785953237133,265.149164522234,195.182670046259,269.788895136211,135.311221871069
202.55892873954,-23.2525118402772,273.384264099046,73.9263655676468,-242.28707451694,386.472235095214,225.262728361455,-197.970508069648,548.57357650282,67.9486656650446,-366.429439163827,465.801777782034,392.413398278654,-53.5028832983549,-25.6167356666901,13.3830110996641,13.5367832031123,57.5984557238596,-69.9041074113713,142.075414860865,-68.8400926645519,234.193245151507,255.857161830535,109.694287437661,375.214184859139,372.598504016633,206.029947523185,320.258222268867,342.061942187977,213.600687384442,272.307991814944,270.862281391324,358.933392216047,127.171573247504,187.561303128825,250.066269524525,267.873709867986,340.024032377946,143.631262113032,160.743331303429,235.385856854866,246.327929598297,146.959242449715,197.586955906595,274.609778488471,628.228641070883,398.415101789164,829.36788974254,434.688287203082,276.198217620143,603.890383196329,366.56147109554,385.730753145315,599.318623559375,563.880566731177,498.546536022702,432.481240136429,500.100702526423,294.942873127141,501.442436412369,285.972617866407,130.08280108528,257.580880914387,24.4089721549577
61.4375135053074,-126.997587075674,286.222040056192,-34.8276401400691,-341.967440451882,319.412273111875,151.762637493167,-281.892475371002,541.117341575888,60.6906583451657,-428.308849047579,494.101373994959,363.494917343362,-82.3531445368676,-47.0992797938343,-81.9662523367627,-17.6244791458038,-77.0412477760809,-192.531451346385,70.6011756986261,-230.930222735931,178.189878575559,164.699440962891,-58.8841455977078,268.409396533743,265.547618179232,122.480651222836,235.986160433393,206.810974591255,134.031180298598,188.543460285772,178.097268908525,318.157171134894,72.1640040845897,127.055710834747,161.449690826269,187.201876628344,280.994642661501,96.7918371254261,97.7008116724302,154.373058813522,165.956163455081,79.0511141896466,103.14865942051,192.698792888037,354.322017438236,320.15886646654,420.436269145655,275.499012051434,133.980208752206,330.382863542558,225.611191956761,186.342345215582,392.66231449231,418.058283472737,279.400481042885,264.711002102475,345.907551288892,90.8621787217489,478.678341299919,289.125055167925,98.3965115775505,96.534392296975,-42.1741947242399
-57.8594635035956,-202.483953918168,278.268036033939,-147.256853575853,-407.135789314477,207.383486676858,-2.60990314087514,-353.106113633181,336.823022215258,-39.6408887635002,-438.652008846992,385.756684955667,158.366481368499,-163.056888428571,-47.3628937455286,-176.396268381521,-31.2233392937318,-185.362670140569,-200.838339114579,-9.83271413597711,-244.980222689852,120.796305761707,64.5761910530067,-69.2539578222086,133.361080767356,131.439142055033,73.259192677353,113.320673257129,39.0299999372644,62.1265745981256,64.0497234520839,53.4442981468583,202.623849436857,38.3331606532417,55.2896677510173,56.3283170115154,71.7905939310159,168.297809059968,51.5969557747991,18.3183337524631,48.6211019228833,57.2304503920665,8.06914629942163,-11.9031907747293,69.4749089483058,117.769658691023,133.41046868999,125.893089450588,62.1546828692031,-116.397624765136,94.1130750277431,-18.1816289256093,-21.3798877018776,78.3778210073197,120.030065776549,3.1899303949837,-40.0861861043237,127.315000768124,-195.127381689455,113.212725453756,187.071024945729,148.607425515917,-241.011407251241,-42.8122866349562
-80.7742725743432,-228.573563498406,286.141078531334,-211.998753287246,-407.099931752483,145.978822684266,-149.903876473949,-393.900785783352,80.8798451554477,-194.869899375263,-394.984817444568,219.57751982207,-95.3479562128525,-263.311891910943,-46.526824529866,-237.014427957125,-78.6499208028511,-261.104833423956,-98.9198349672982,-125.418694732959,-169.623757767545,-30.4572313572191,-88.0263901832454,-39.3918096668095,-30.5615250146122,-76.4577477510912,69.6075410713175,-23.953541803596,-159.920840265463,21.7000411781005,-76.9768031311406,-86.3203852619023,58.0874176090978,47.5162350804024,-15.413778847796,-53.2577920674956,-54.0405444213918,41.004091659172,22.2129928426346,-56.0850802235492,-66.1798444603478,-55.5698093961751,-68.1803446213876,-129.158777365256,-58.9919765161553,-57.6564041247454,46.7474817749852,-26.2022618012332,-19.3877923868022,-265.842608355744,-47.4119682345967,-167.315109930658,-173.105181850056,-194.366707802923,-121.750407891427,-155.666019409621,-302.171358641485,-22.3808084860127,-417.13307680626,-317.536794858226,9.52250608123192,222.001547477538,-562.832169918428,9.75716214406664
-71.3413092738599,-253.604884436891,298.17161728619,-265.645707198443,-374.805220567847,111.769913490493,-266.639128780947,-430.438624107849,-123.24283558097,-365.367389169381,-347.623014967339,38.1923960206336,-302.778039915757,-360.485320698316,-107.842692137593,-293.626175793905,-159.042315496979,-327.182623699531,-8.45098037693345,-242.374232661867,-68.6445912578803,-274.746921253753,-237.448923607874,-112.409165077641,-197.213402952147,-338.042306946215,34.035903991906,-151.307937298257,-413.210542617808,-27.2323019806347,-227.557029304945,-255.576734261448,-103.641223390678,39.5529715816424,-105.71268225861,-189.562006142563,-200.415817822263,-101.571539318446,-27.8578745021508,-147.035754013754,-196.940497262797,-181.101285393666,-174.071926829103,-253.840534375951,-186.348897975992,-294.204200449156,65.2439446994386,-232.588576350122,-55.0599147747273,-285.837577804208,-189.443684081509,-226.836292694475,-297.37697527653,-357.273230196784,-255.279811616312,-260.915910536231,-424.129843100252,-147.210815631752,-497.409746220221,-519.888724149658,-183.951455857189,155.728736711409,-658.058680051797,58.1600017015599
-118.490691667976,-323.078322493151,282.231460862404,-347.684327496074,-371.223334606178,41.7014787459823,-359.337149534011,-484.326090979635,-282.107216393255,-512.084564504405,-359.480025452797,-130.645632910856,-463.245732652964,-459.846902016246,-210.159957592267,-356.902348378118,-150.706444532077,-343.061925844952,17.3607674287981,-251.929171484645,122.050742015107,-400.61401278276,-244.573790622096,-170.111319419154,-287.857029529682,-502.2752612209,-44.2781159969741,-225.926334824813,-642.024114170358,-96.0195150978778,-350.312305224842,-426.011928762106,-279.040082827071,-10.3771789737628,-201.084575855308,-327.09145245241,-355.237988049375,-263.093949309722,-101.574476005434,-246.036150495769,-325.703227126905,-313.805918173222,-283.227994863263,-364.673971990114,-305.872258390333,-595.498540365582,1.81853145738224,-603.367678366954,-244.668416438708,-309.83405932509,-410.07827411882,-341.338476042221,-419.591072369396,-467.368373966459,-413.056602235986,-459.15603054144,-440.900836750322,-374.558222343521,-448.682708859746,-470.918162320193,-363.674916198044,-144.480187838787,-485.731732415281,54.6083624153006
-175.502457264688,-371.732103348351,262.166400531904,-389.581757719869,-370.386515819653,-27.7444321569808,-373.894145714202,-488.85343781146,-393.711626562516,-548.465088900167,-399.039049267741,-233.81959405452,-567.493640251107,-520.428929765245,-285.194006353095,-399.289140525754,17.7297492028603,-297.035092248765,4.96399317381396,-151.169560882549,373.76508266646,-234.636882035602,-138.147295050201,-89.6867834011492,-276.929409138293,-514.512116433659,-64.7681503064434,-247.445108686151,-720.894870633203,-132.759310274096,-396.282241455706,-528.508919464448,-437.38751604467,-35.5052753680476,-246.568949015709,-399.537261428729,-464.031245056671,-412.190034076798,-142.044251913914,-299.51243793345,-414.004720889327,-419.945225673597,-346.205274430087,-431.964456118282,-396.574624158874,-754.583534606762,-233.350825980123,-930.803939717946,-531.70062144695,-418.963398980061,-613.810366601387,-528.575181429265,-485.756433202452,-559.688670725173,-634.471117440112,-737.99890401416,-413.680531579523,-679.200276328215,-343.201600433072,-314.732475483288,-478.940963976419,-559.330008885871,-178.73201334971,9.083137131466
-187.215573469263,-355.147245597163,257.946573266727,-348.008799161882,-344.000230171311,-60.2814937484792,-306.51532692675,-411.150884452442,-440.793058358354,-463.190074367959,-402.65252674251,-287.133793792755,-599.022922211156,-512.616735401906,-387.816711860626,-462.92304825204,150.079905420988,-341.965353473422,-137.355188291992,-143.676865085583,358.519922276887,29.7362374075243,-185.044126137441,-128.521610438878,-263.934734887329,-576.701879727413,-23.0192862396195,-299.186318736814,-700.772030944853,-147.025129782354,-411.59457449109,-589.869130979971,-596.036701345341,-31.9647535943526,-266.018143463743,-432.842454990308,-542.094611374323,-559.415090221881,-157.846204931894,-326.104076857715,-483.461192470404,-512.138503258766,-390.393717982582,-492.756811403218,-486.09584232488,-636.280354753381,-500.14652933748,-928.150153347686,-673.411959466026,-573.92027263169,-667.280854006072,-691.129141949129,-487.196109178439,-618.388522911132,-821.368637842392,-991.364151989662,-436.384139988343,-958.182924682164,-352.040520561498,-237.595573659867,-520.311700180408,-873.673547251059,-4.71115604492706,-63.0461128899237
-194.239264835157,-325.118243202374,262.036385984739,-279.575791761792,-316.501582701443,-78.1356451738751,-230.905404321173,-306.943967813874,-417.858932245623,-343.1297761763,-347.287924980319,-342.705961153146,-545.508595634468,-454.164403196444,-571.880544827205,-564.37019278738,16.8569927787355,-537.717172322532,-486.102066203357,-321.323026265416,-117.669674174018,65.6840757179968,-457.856406165754,-522.933042086538,-278.818856072152,-775.216565662364,-21.7807759063046,-369.207107099415,-695.297513822854,-175.52356206497,-437.148430479255,-662.152368897502,-765.040327823573,-60.5947949592432,-302.169313215628,-476.85017667915,-627.894132290479,-708.600283296749,-198.484669643065,-369.821013871609,-549.938559782162,-599.225692721132,-440.822108968357,-562.13052600909,-586.764251767042,-346.049445849282,-598.160624549546,-624.625698384559,-602.894203558185,-664.042133399822,-572.096735249255,-760.859522222234,-485.912525196233,-636.593906400324,-884.224797203236,-1102.42635023174,-577.087407897756,-1101.85066678988,-583.088887471972,-352.96455045798,-502.573393178184,-932.651038411943,-170.134901041553,-114.83333799135
-225.27472719978,-306.570093691004,283.229255733211,-226.19236784899,-277.36227476311,-75.460471574164,-176.108632556704,-211.386230285293,-330.733259994291,-243.566523142014,-240.729937771058,-380.256308042934,-411.380557983182,-367.683289461048,-726.049970376987,-589.581696917329,-299.902144231573,-688.254301917174,-825.690765019097,-520.056101480458,-717.437225488361,-144.117426112674,-665.943529069546,-975.098411323075,-197.043234953101,-838.976425769415,-62.5079473084752,-294.729899115159,-623.262670013225,-158.76589871241,-375.376550406805,-642.791118953859,-823.580508371518,-91.8489178498523,-281.538066862284,-451.286679101903,-631.339809405364,-748.386904424649,-217.53831526297,-363.749212417251,-532.257152889032,-598.864919961455,-424.595398689875,-549.514042662481,-606.77255025541,-65.7010765840996,-524.547291710622,-321.023758160491,-480.026328211885,-603.031922172411,-411.358017597493,-706.64586403971,-460.666651893727,-607.052037041541,-771.704183116925,-934.258592688522,-733.905133015787,-930.767816943868,-860.401943286938,-567.261682889456,-354.404608510747,-691.803470413076,-584.790439682961,-43.7844639460895
-308.989355476777,-330.97230323975,247.521106886296,-244.234659717193,-258.311772475979,-99.2008560575731,-193.904257195464,-191.668425973198,-296.932948929512,-246.311607083762,-199.578281457983,-432.07860372658,-350.291921496311,-367.014876011178,-821.516527908297,-578.845930324972,-605.33734320382,-775.723729262188,-1001.18089557493,-729.179277927432,-1141.4117680914,-428.360039230341,-749.365422842541,-1201.15554338372,-74.250431790656,-654.724022520674,-119.632786144312,-111.403161803842,-421.729429301622,-102.6952717166,-213.756811686367,-464.766424168915,-696.671669423719,-103.610371261063,-187.768840940142,-320.345950860925,-492.553133536786,-627.487289214032,-192.007772239052,-279.67281530946,-411.112088453077,-483.473418156526,-332.616725520765,-435.971121522556,-511.523084016283,101.222071338795,-527.38609953987,-200.573566095314,-468.37473205112,-492.591530622908,-263.923414164287,-595.081285089354,-349.570890024033,-550.891205412767,-552.685323724153,-568.326833553643,-768.308975830562,-487.895649517759,-951.138757042857,-726.451979957692,-96.2070250335799,-313.68183128427,-989.670204588615,117.530346711767
-499.336670294815,-469.709233115667,40.2177279801365,-414.80114695562,-365.946158789961,-264.384899049856,-376.863839009041,-352.176076021667,-467.144747372073,-456.414863104987,-372.099441610313,-602.818324955815,-548.170211047694,-593.487098118459,-967.547412482183,-748.607562613464,-853.219680587773,-998.412892415754,-1211.33294223953,-1062.2553406,-1513.63116563182,-682.69503811188,-965.877560925614,-1398.26063502698,-162.250712618469,-488.509935850429,-259.077501109035,-92.4236025057452,-237.514659710291,-154.200298728069,-127.638248013813,-279.176445417646,-514.394237575339,-183.119576153326,-165.222244889906,-220.581085109034,-338.369655417469,-475.245472126855,-221.660960546694,-238.255278437633,-304.510973088905,-362.147325163523,-281.71006477331,-340.210641059434,-407.783224275652,162.340519908899,-750.468785435199,-145.772714222483,-530.263226466756,-511.671292251752,-152.79905147432,-551.77154328013,-178.528130337579,-485.807092151564,-390.424064512665,-331.715425565287,-680.99929361871,-149.229199968208,-846.491006918529,-787.675092194229,67.8870238931701,-59.7691675251396,-1178.54185615455,199.892315706391
-722.012349225188,-650.904702904148,-242.179786938728,-649.110432137517,-554.788263125947,-516.346169823288,-638.029669893231,-605.358067191804,-741.200266033189,-754.549935862354,-647.863349532645,-813.606501171698,-862.182653454071,-907.291994875669,-1060.04386506963,-978.850641685963,-983.566030000244,-1169.21689215142,-1421.57327299484,-1249.92761550775,-1712.80151899521,-775.415762594581,-1155.65604360989,-1489.18052240967,-432.731540031597,-381.859051951929,-459.855148613836,-277.901143321188,-94.6475785354261,-335.563420026164,-160.704155940533,-179.341881052286,-382.087937332989,-345.563704375034,-259.737925803616,-208.03887915551,-256.973588298736,-369.207366379145,-330.471774778398,-280.857604539316,-259.541292148637,-289.373885946505,-300.517098510155,-303.625854234589,-345.983098482992,195.914637422648,-923.403249156016,28.3156925629941,-444.736971428617,-577.801347700537,-14.7795830618822,-513.690257992979,-8.29154586689144,-325.716302451952,-256.44385155227,-287.730924249278,-504.083648477325,-54.393935134181,-619.172286111573,-713.514494567069,83.9468250118008,37.3179900689573,-1039.16410608941,183.681207225903
-780.920335896386,-658.128983074133,-360.543327986944,-702.493649598397,-588.533861691993,-618.005031548802,-719.488224293838,-672.820186345253,-815.737581197314,-824.959697491864,-698.283438893941,-810.124914722014,-904.144256157231,-935.525270021619,-835.321763083075,-818.420151588217,-840.106059761174,-831.473827090962,-1119.53158824431,-895.636140934957,-1212.41090896196,-558.476023160079,-818.547384234479,-859.47980220056,-562.59703560337,-22.1444590470722,-547.696435958319,-399.861955654569,220.073297968226,-463.013957824606,-132.455343791352,-20.6614544070942,-193.555722728717,-446.022787174706,-313.89110915025,-144.486063231596,-140.860169223526,-215.49742204336,-383.390635412431,-270.903980908698,-180.49593507957,-183.689669043306,-275.857974174704,-230.365273199088,-251.671491293464,227.999877136432,-703.170645277301,277.418558628735,-123.73591031972,-428.134004741167,177.869833596834,-282.965360029852,118.131009085111,-7.65782826438001,43.427606167091,-112.652433646872,-240.315156565021,91.0485956214191,-308.683987430466,-453.091619623615,155.54657930868,155.617808434723,-638.237514150461,202.944447199603
-608.519298632037,-411.317815214511,-270.568971767161,-481.554200870569,-342.20289000356,-471.719872948046,-516.887686868835,-426.130051343784,-573.367779025357,-543.536515552108,-390.336718243214,-514.029110093888,-548.857868962864,-545.759851816995,-291.806389805792,-183.728379889743,-374.404692915334,-12.9449340045166,-176.368851665768,-88.1943833361511,-13.9832575540649,-38.9058563871148,45.4839076097634,495.864271832864,-347.805531788987,589.93677993919,-381.149886856364,-271.33233555846,693.199145738862,-373.878404473674,49.7063679912621,278.689481113413,141.553942020169,-358.403370367402,-203.962057242554,50.3379030344304,91.3564329334184,34.9233308526931,-280.48403058181,-119.799947318584,-12.5515607693336,1.75390070117727,-149.196726781122,-70.4211746961788,-89.3179614055558,195.466212204165,-182.241001386934,385.717410404055,214.29637998636,-46.1578180902107,308.076135235095,115.342667068984,157.952555514228,314.68107665276,476.55954684702,335.117570572033,33.1065570298902,446.927996126554,-27.7788623330465,-90.0785894710167,399.442210377381,364.154485809387,-220.034937658966,295.087610879014
-361.003001118897,-87.3846639131264,-149.335973220039,-172.128376637515,16.3313018421635,-253.869930514527,-216.422037391623,-60.7058696423841,-230.665385020086,-138.183714613927,36.8248966824746,-149.517621503789,-90.9538403388411,-32.786274889168,282.928924388241,442.174552787997,249.843274791817,770.395802547391,723.265296421155,762.967734108488,1092.70101789377,635.094681202972,922.084595945833,1599.1494020546,166.467691398618,1003.81765767406,16.1031141645768,51.0786313397822,927.235504081583,-86.7302423758317,254.989755906027,521.096533042549,468.267892190861,-124.783607718356,6.2332608436434,254.466826067878,317.124700068121,267.045093903781,-77.8610061177734,82.7176056660317,164.639261554927,187.510673409527,9.60929021706807,108.677510101863,80.9950729148922,78.4801226742732,241.331976098188,270.509042640688,336.809036055726,279.467228954066,265.987481509138,413.320413232972,108.77696438275,420.945979774886,762.757995727227,749.6742740815,195.148609891451,787.544363492131,91.358993589117,189.848046551177,688.925914912297,564.331099539455,27.3574340297927,392.174372709627
-216.023853556591,87.0620849947869,-124.691330860781,-6.22399144676674,217.786899630215,-162.958846180618,-55.3484962590721,137.756988281178,-58.5008573452915,92.6926335881906,261.626644908086,35.8583948087841,134.819507366345,241.664335245754,625.77307420918,637.12064250947,744.215450344096,1144.77855559141,950.297036358064,1323.23094963755,1493.0299031947,1196.49296490237,1399.85032434526,1757.59489407801,699.143808478513,970.168947313832,426.236781331921,352.814722329581,689.007406788263,207.169041453343,325.552081438886,504.565800896116,592.378192165596,94.6449067400506,166.406284497605,322.401805688447,391.290022855351,392.635209513676,93.772878963043,205.607790836793,259.440287200687,295.885258669015,126.947126974883,238.662315025983,216.647740902383,-24.6526491474322,360.449394761196,94.6622597239576,287.505574351914,312.233092818381,131.079292624449,442.108409420406,36.1285928270044,321.625597341358,762.277729543445,792.11151596467,223.578186548283,893.622429215169,67.4762024379144,290.557368267863,874.027224912634,696.372284231568,112.134619019644,500.209566482172
-189.266885130841,55.9927352359944,-190.283110941259,-21.0878990504639,167.117537926563,-188.151384609908,-72.5374416391368,90.6897757439683,-93.8571362884043,75.4853018888968,205.045258828819,25.121220151881,81.998624584411,207.332015900501,662.102498232687,465.113466716116,881.480884027266,1096.00544517159,652.267851066079,1378.40393755891,1326.9078234183,1310.20133478831,1376.30573734715,1298.47318106285,866.130456467063,711.84399160681,573.194041335914,427.044934139912,245.197174271059,307.073741947002,246.900664408111,300.655188960029,541.999347011731,177.59155450596,194.419678037776,255.847903987121,337.75806549308,453.993631150086,150.524602971616,215.085021781456,269.044539859358,335.810930999212,185.037178775564,304.384371275892,317.82678418122,-35.8965320357658,286.105729475794,32.9670976503618,240.451150262994,90.6279651879179,44.0132482427333,269.129542675382,-14.757416270924,203.805353115747,584.879927261754,459.311786877438,185.564522214619,795.019340961612,14.7153797272722,261.854462243075,932.63611006061,787.736982711609,128.989476986208,680.914550596441
-186.437042698504,-76.7847673107508,-320.222691828818,-101.835122654295,-19.1565550765686,-194.434161928678,-143.703329403399,-66.9424028255121,-174.717092451591,-63.4526475209686,13.288718375387,-33.247156267799,-74.192028484257,32.1208148209397,483.568024448813,196.189253084922,692.353259706902,778.383348677348,308.360906705586,969.019647624102,987.456829897648,919.060731546812,995.587302093752,798.519062202044,616.417652438275,498.790657221543,428.514447728736,300.031162334735,-44.9979439771468,224.837193092686,123.438593328975,110.201745250472,446.083008919992,145.954247071038,134.471234677606,153.093851370806,254.659749416962,469.485486789443,115.389601307323,163.103661910191,229.425922258154,326.665586333883,181.821863375188,297.128578566286,353.268249410812,-20.0209554657947,195.783464831622,42.1576028381874,235.381914104624,-165.815513352452,-7.8589440858683,45.2181318412624,-74.9612593015538,138.024120073016,363.052113010868,8.84943508118342,118.517669057066,613.749484272819,-29.8039590196727,186.722113657016,895.243757140262,811.97035232335,128.648770689057,875.789253910761
-150.854655905724,-191.795171792523,-455.54630615597,-162.370379692676,-179.389433155809,-132.869255180397,-172.474979961831,-188.325924279688,-171.162808117782,-192.06390779357,-160.529962341667,-39.8962837097208,-170.735220084933,-127.274870953816,239.562867726746,-44.0441565862847,373.041442474384,378.783776912184,86.8327568844254,434.659468850308,605.759233005047,380.01116084349,552.536500590989,376.988185806853,306.007430102256,337.862617249059,232.569238993629,180.486183334812,-141.193657769251,139.565081024511,51.4953639028479,17.4829534972707,340.989045175841,105.973106818882,87.2225376587574,84.267344080067,179.811981286386,394.437920278912,77.1690573375615,112.953989895866,167.827447050359,264.520071334826,136.104408625541,228.251661664868,294.826032625087,-73.0470627630476,150.944327626833,-26.0764082214485,196.298262228309,-268.277154793319,-113.665608300382,-110.779596971567,-162.870587409446,41.3392083936375,160.90069172215,-282.282456146895,14.4972503385649,427.586952412103,-93.9844783870388,90.6999731181133,772.595261980059,682.954519915294,107.554521349265,914.732393870145
-100.461961405927,-233.280249223224,-438.418336877572,-187.200255759648,-230.94333008618,-73.6489634522642,-160.238763411375,-220.069933536018,-98.6271623364837,-250.50491625565,-240.850299675287,-20.1366189787377,-162.126374385884,-208.794252859796,25.2745975136768,-222.137355686022,16.3391421349531,59.3153977547891,-58.0674421910129,46.1821079355758,197.746683583388,21.8023910856653,247.814853799861,-19.8454965244571,188.691256894303,141.657607334287,151.030182161383,158.549257234588,-180.427755037945,136.785703329291,38.9530512885352,-4.23424104314023,239.928458221522,107.23234485649,95.278933720938,59.8361673822265,128.794095102045,274.056889783756,85.0440834047739,96.0029724106265,124.162870946568,189.577998585445,100.73090575347,163.256621196824,205.125324831394,-171.136621398034,131.197078223062,-170.520126693321,107.650341987399,-193.485760356616,-237.338828438724,-129.79922184853,-217.223726769027,-103.731863577372,38.3647206775029,-295.358146603999,-100.0141262319,282.506839105104,-151.306709374317,-25.0391275074004,580.420894352683,421.16672778439,59.7364909975173,723.58402613533
-43.0979130495413,-177.071852823506,-168.74094350648,-146.711232234287,-149.110638361849,-54.2449688454273,-111.408795494916,-141.188694626312,-11.8843306336075,-195.494037490157,-169.628109825355,-6.0157936088188,-64.9710400833013,-166.547357909603,-81.1379572899372,-250.091165783162,-312.492654076131,-54.3579743616091,-62.1827404802426,-154.291110289978,-46.2299165920809,-148.778553073513,108.621277701564,-215.215157859656,203.954007084366,-10.6478738877568,146.35619677327,186.877715958677,-179.365556183162,172.996786459176,66.7250381693787,37.3705362294321,220.144030236824,131.501310192764,141.493756931139,86.9378169829797,148.085440743122,240.463763608693,125.990563670191,125.328578845219,143.671974344235,185.739864501106,123.764239409021,172.41759509134,189.195944164921,-216.067436949735,138.994186958034,-239.403282246591,58.5051806249319,-15.1103083621874,-245.911008781255,2.36856862498357,-167.413559815663,-168.829917149008,43.8346678436258,-92.6111748420783,-137.388086324806,213.840686950462,-118.902525617172,-106.990053419684,373.531145339505,197.831774653741,32.2244558654422,417.404367545874
39.9179724243806,-34.6505989616111,168.631132484291,-24.1598565723859,33.1237630704989,-31.9597734385285,-14.4471924534557,35.1507814188366,71.363320644086,-32.3886588307371,40.8165319749937,17.6524082430796,64.4544311933687,-9.7977925841716,-18.0031640161929,-127.505295782497,-423.769614391917,60.7933776902273,84.4836905688627,-163.305367055718,45.8445745470715,-207.836879390416,118.70216661648,-78.1952153142003,241.895643760898,30.2726923185293,156.148893024434,243.007343292934,-79.0003325914247,210.281609033728,131.800758550097,127.025747822073,267.11212920178,157.789204311644,194.454504321301,155.327311155403,218.767499335178,295.743392275004,168.20907804035,183.199223699416,205.745223489103,247.870252768889,183.90625390109,235.108124909423,245.651217391342,-190.446000852609,187.766464950952,-179.630072275221,99.4233204849943,198.534018969328,-126.712022331005,228.028094037955,-39.8945249015024,-71.8458762692621,148.298523364768,187.407133619916,-46.8401191629816,217.318419951763,20.5436465772036,-80.8942762143691,212.023869794341,124.556738948626,94.646665980454,144.629292596514
134.833239232797,116.338416380549,263.350632573036,117.893450425876,208.132009718641,10.446045002646,95.098280450254,218.022581766655,128.239682193098,136.857346500647,253.407360153608,36.2493530813956,137.799729735753,144.707740820497,125.731210159682,-47.9742728895109,-241.634377366978,241.6520676993,165.823738050992,-8.96318262527999,303.28613882288,-140.799975841985,222.533840005509,165.155304175721,270.647750785316,206.54015119951,169.07932228755,296.565198291414,66.4137790506021,226.142542537361,189.586993610076,175.601857339897,226.849366171662,167.439665710663,208.383944023993,193.210363990376,226.027052479161,287.767927814613,179.35148712406,204.743544539064,218.256044485922,256.657662637822,196.153593305643,248.280681063691,260.241971238627,-171.061599802035,217.863745931839,-127.262173141925,149.210846143178,360.191639677599,-23.8442036860007,430.141742258442,65.6192306338046,89.3008284272334,263.537479781714,410.82588698977,108.497876412591,240.58666960878,178.667376820009,51.13313462168,124.357523460028,111.765198200532,239.509996551153,-43.1285186321345
218.101571788536,214.00075584053,106.673330404526,228.21286849559,300.294890721039,48.8293306235441,185.681601237484,341.224756221577,149.008895912734,247.169891304249,366.144225407383,15.8404612576487,142.658870152848,223.591231823212,170.195676903504,-134.413803517027,29.1226054951793,295.765848862505,62.7803694516931,172.599764557484,430.427318245579,16.4968668200701,311.933789450539,281.237315987539,274.577821675974,330.691124296146,171.809237336111,288.039770934702,166.700578529195,199.274139679805,189.72350659195,146.208716223645,77.9961405311915,144.86865787357,165.54872147404,159.152748108322,138.118363167067,167.102703816977,149.208965675793,158.788487174119,144.692411441262,163.905830981177,127.557837740025,169.255386214763,179.234598683523,-185.665148502083,152.709385978432,-176.551735648017,121.596851791343,394.036848291321,-22.0632865628984,521.065035165933,103.679164429869,183.577609845764,336.111826764818,500.733737113264,226.724877219964,247.779175770457,268.635992140799,197.659143947919,120.842380390994,47.9752268408194,365.798996364199,-123.21743539526
299.713473914667,290.626712138247,-1.87532223986853,343.599584649077,352.287326903931,92.6352075077446,290.967456002103,446.392383480701,177.256715029415,354.199017116551,416.338851336757,-23.2604332270899,158.482664606792,273.27433440049,76.1185485535456,-276.390655056617,173.550303434852,212.88160694533,-75.6356506205643,263.146554515905,387.258072117716,142.44678729167,333.110827285155,314.756403751741,261.198484261527,349.583678786831,158.310351606898,232.057800622265,230.633242411016,153.808884367346,159.603093074797,124.200861189839,-7.45306658411194,105.079549795616,116.381548932324,109.374050737651,60.8693119408091,53.8219304642444,104.291328778174,98.2050806003849,62.7458105269287,61.9331491806937,46.0794032795144,71.3451935953324,74.0646016470084,-167.909234602513,28.0098357121164,-228.560717317274,58.5495031039287,340.532852945735,-46.9542963928423,513.284377638373,114.204016189578,199.926274746601,371.62096038823,498.422744488181,264.844306039625,254.831529432942,279.433921840713,254.277545076324,180.690119635659,-19.8886543522757,375.767488685613,-68.6061002467871
382.451822723612,394.694197063911,90.4466630887048,496.210691812348,440.393206786333,176.532442045267,438.644871495932,583.619424882767,253.316441682029,500.143547243975,459.934796186084,-29.234404531679,222.641599537436,329.155728298888,-35.8375910814651,-341.610004968645,192.940503673365,103.036131129824,-128.690991868615,270.688367210376,297.04870769328,179.971729124506,313.21726898182,331.137749693709,255.013859592409,319.094279344317,145.803268986951,189.712390421471,280.56694057474,130.895513187209,146.333656726886,163.996868518788,45.8703820291047,81.9129525530166,108.619878963328,100.351220810654,61.5059037548353,28.4586002396383,76.452478990269,75.7648658777979,43.4997191576784,27.9835872227329,15.0837675404298,27.2723666179436,15.6576491534407,-78.2319215372315,-42.5669442246163,-174.953962428558,53.659184810519,309.835326091072,-9.49221690304075,474.875545346947,149.508569814429,189.686279397803,379.186003923093,506.779322850089,244.311866375647,267.15411469927,258.152931707735,199.500213249128,221.087316266909,-12.1918321682163,278.699871122055,47.3645723841497
405.031638680031,465.46686597945,185.276504386578,601.985119556711,531.083886776454,261.488529078318,555.280508474592,689.316285401259,331.805754021197,605.721211226527,463.651668712384,-11.6823994588964,267.421578291999,341.602301524485,-106.801352793281,-349.347730456914,157.870942004909,-1.00505240937022,-166.112067665205,230.593220638513,173.644160656009,141.940310331048,254.2170471868,274.809015727206,218.124928423618,244.126409209118,113.965785250241,139.668396931978,271.537837055687,106.200327343617,122.942594640498,196.394764714816,113.210868985443,64.4277565693209,103.003079590135,100.937688557767,79.6024677240338,35.3281288758936,54.0452359719583,62.0316498757941,47.4617334895319,23.2044661905566,4.46490321935962,9.8023073240718,-20.0031602375127,25.4863655628907,-30.5713830789298,-78.3924726801337,96.3162540776894,315.209664713977,77.794281800471,427.019037723042,230.584606348988,171.249814173694,336.829331340382,514.815767395894,215.281546592606,220.978048444969,264.788994907724,110.620246268296,143.243345165281,-8.3081189209062,173.064978537184,44.9125156491174
294.752328846654,384.683753982342,74.3580666410521,529.777078702789,496.163652972677,238.562422579855,514.408531524002,636.927654187667,309.286252961417,556.813504463775,357.166913318381,-48.7498257615797,203.087386755017,248.607289845578,-213.631841435026,-377.347169155599,63.7371213974404,-156.109983349391,-263.094207228765,124.479806794571,-35.5590636259235,32.0812149527,118.319565251165,136.058491979301,91.2468737732942,105.663873814008,12.7081581117437,22.2541216887045,177.474066267926,24.7742526740363,41.0915214834359,140.283331745055,75.9376255531063,6.17020772266333,35.3534741738185,49.4976012502638,35.6666572388721,-5.16275152309649,-0.770960632105322,1.31132163615314,0.144758382474777,-25.0834768683058,-47.2694022003047,-49.6798035713689,-94.6363957063578,81.7853198887932,-22.9963565550403,-33.2109324121366,96.6605807549741,277.270616916325,175.518462565793,337.827070096108,355.084715665653,168.40623537458,234.531726226525,403.574060479682,241.125115119606,63.0324036645256,338.168458866991,84.0829494967996,-45.9672437526047,-143.489720285169,139.311482554567,-152.095101121267
83.6561219826868,164.305156184999,-138.31296663782,287.393346578716,300.839242007312,89.3645489040256,297.331269296153,405.251216713238,154.301038370572,341.363081358183,136.616510676689,-159.937515697905,29.7866490696018,55.0780790896043,-365.453399824061,-404.352180085132,-68.5162933753027,-335.895717499613,-341.450164541567,-19.01434597854,-247.826432475775,-96.1695086849858,-47.1229549556771,-1.40695429702546,-63.7766117204831,-34.087149832114,-119.860188730179,-109.555343351458,61.5825879716924,-79.1006287573202,-59.0533667329806,29.8105774103121,-28.6665519861748,-73.4934358382871,-58.8068667175406,-36.8758322667471,-51.0285402627972,-84.5773400810072,-68.5144949947704,-79.7782886292099,-78.6772484752489,-106.691750653979,-120.791052146221,-136.095550154858,-196.615124912536,117.209571318868,-67.4422068902759,25.0700254745961,53.16980767136,195.837922312504,297.321096491662,226.092982157089,493.75121527966,243.995641919089,133.918968040458,175.622500824447,364.237561011761,-129.53854863324,488.479150012416,165.291198753882,-211.336281615147,-369.509277687504,200.652017903612,-390.546669060483
-101.733083962808,-32.6591228763179,-226.802518503751,41.4295276975415,80.771756499772,-60.438785772215,39.4633267206722,126.519941854981,-31.323301788556,64.8368543083951,-123.604864381069,-234.739526110922,-144.014849968361,-175.356749551451,-415.398343868746,-320.592134952681,-141.792259654523,-392.507050767643,-263.191159757078,-87.8635638818234,-298.572317353643,-131.701759463056,-110.25116419806,-62.9512545674815,-105.435227651878,-75.9506510552949,-165.755451083973,-134.583745041731,8.60608608393312,-106.124776996971,-86.1785815074235,-27.4226394751239,-89.7376179316564,-95.7953178539639,-84.732785912508,-72.3452663715418,-93.7852506412575,-128.630550500838,-80.0357310888175,-99.9410510967235,-103.226040457069,-145.420720436598,-135.709082454246,-160.363517924375,-242.365421867236,184.947331665332,-109.995689371657,188.921220341769,47.1901643454845,145.07307303551,430.445825934657,159.866179073246,576.716274790222,391.432330223542,106.866112955081,-8.90049632598726,531.761872482043,-229.216735759837,675.106220749323,330.68161524693,-260.874199737568,-517.449847532887,348.048661823925,-498.586509854779
-178.688631937804,-95.6395095770291,-170.028191715808,-77.0244611785419,-40.4164521659412,-94.6894016003053,-108.659294268121,-62.8520848223711,-100.544514430174,-139.368038769054,-348.241338233111,-147.781947609259,-187.810752333152,-373.034099050227,-262.286218461012,-76.9242205467652,-119.913172181501,-246.189127588239,-24.1029350258463,-49.1802855997522,-178.01977031907,-65.1515879769961,-42.2021095316325,-40.0283013502861,-14.5805268949017,-11.2949737362476,-100.333012995416,-46.5023489540229,35.9022739434958,-42.4520567614386,-27.2588337437525,8.03141340017587,-66.7349868820003,-46.730567391354,-32.9270005624334,-24.6069449450187,-57.5262801411611,-97.6556370352708,-25.8095224464525,-44.2420307715913,-51.4126683562259,-108.776561148729,-71.2323888311364,-95.1993665516223,-192.994196184047,248.636191855941,-138.572601198699,340.507840175707,48.4299324648561,85.928468748227,470.073420224748,106.92592547735,537.452343416425,471.39083397429,101.528480659487,-91.1677341830477,610.205760579522,-250.911599939404,794.561481113274,505.135856521249,-266.014117991675,-575.353917443182,535.729402489516,-524.001787195926
-197.790133726425,-113.205424824847,-101.217990719788,-120.740305463861,-141.164012234147,-34.6682549904054,-128.023879779374,-189.551081072451,-5.87770961675452,-214.233774234258,-539.442726627245,84.8998142708353,-59.4202963820461,-486.601133526488,-8.38864306547628,243.033877156193,-99.6512853070697,-8.27725044499805,231.866051609573,-22.2753007181531,-48.6810388520829,-35.3397449989347,26.5616604888488,10.1490487448626,68.8911358812044,69.6133013886804,-38.5804949605823,38.9387616082685,94.1417650725948,21.8983565026954,43.5697154107598,75.5567107991641,2.08152579308266,5.31543285701834,22.1511908156868,42.8597048440927,12.2350134384474,-23.2226626190251,28.6660822174904,22.94098607713,16.9208595869951,-40.3114767094644,7.46035918057767,-10.6594889907382,-104.198982427878,195.650204693574,-213.888963053389,271.590929347951,-59.6422370248779,-100.539331745715,340.939267594177,-48.2381119871211,383.525842302258,369.665700244217,-8.21631088297297,-202.355264706939,530.652342955331,-328.211794390905,762.188804531966,610.290297154893,-334.45097458449,-688.585200266322,677.421809346659,-625.777699197558
-280.362406850905,-263.974205578039,-84.8068443116282,-250.507162158697,-421.12441376894,3.35854355307837,-131.471671220229,-420.23649401255,142.729906826321,-220.383321128569,-782.815702144323,310.643689983862,154.112978223277,-495.481867035004,176.036161899589,522.506322653905,-167.363795554928,168.106065275857,409.245438936203,-86.3857435323723,-1.52449910203697,-127.429615010203,11.4744374740569,33.3660553611182,41.3019450947315,100.280801889641,-60.7101076486648,55.7310300682571,134.37170250293,30.937406294139,77.160348676476,118.495165607871,83.8787608171893,18.3614909614731,44.1888753019243,73.9125948194861,71.9931097412103,55.1598107817966,46.9950930504844,58.5343314022194,57.106321132322,15.7403418401899,47.7921483077882,38.3368305213766,-35.9584499983942,-9.31356793260583,-281.192446442023,29.3016034653883,-204.653982032883,-362.534118925347,136.639929245351,-271.082075443432,196.281673662907,174.149217200295,-204.685766993311,-414.671525505434,369.040040719293,-500.953980410312,606.656909754436,611.30315455788,-456.47376127917,-880.084725024777,702.365148444162,-821.324032655724
-455.525534048718,-569.389726175432,-97.5944469580342,-513.527701952368,-903.507784732972,-54.3341555454132,-215.395252615782,-819.834713296948,191.339166245224,-249.163399815908,-1105.49539870022,403.866666319725,317.243395291454,-417.830150058562,287.214125817366,740.186112938065,-242.744736277508,292.502182705869,579.517506740366,-123.795125628729,75.4180308298843,-220.072352258833,11.4368838190365,81.0628632491048,-21.3139428174264,120.403939785634,-97.7524580756245,60.157740469119,163.538472751809,28.157565678901,103.462986362339,154.103492307641,182.52172671125,22.2374465076371,69.9092036118341,97.0824032392504,132.895521166525,143.858874236347,65.4291066968717,91.5625311761432,94.8543047967409,75.6747796908022,78.3230375620215,83.4929801715169,31.8620485881355,-248.328913424847,-176.671126951662,-118.043795885061,-165.332378030735,-497.53626669565,9.06786478273137,-376.965144422532,41.8369173539764,63.7144973429475,-324.050899356779,-604.356666423898,246.548737353286,-655.063513990908,437.286108840155,533.667266914196,-543.706015714408,-978.610481954414,633.968213230326,-976.422027393223
-578.606275506808,-803.058210867818,-107.982839203124,-725.662755578746,-1271.21138289362,-157.144640783433,-325.897298598702,-1148.88056475916,107.918475159649,-288.957540972437,-1286.01301526319,381.555350926888,373.226930799598,-256.984210403655,455.156009409831,943.136814231231,-176.953488341323,459.216371408557,840.715628617764,0.161031099014295,293.716188288759,-148.849792386975,130.946061725883,247.000878898995,23.3615951867057,200.786862657746,-45.3834642661147,123.656492731713,221.821241277242,76.3198340724063,167.17851913972,227.962531664006,310.534874885633,57.997115314935,135.757844464905,165.286981913684,227.535757208464,270.598219413521,123.036418884249,166.417890292927,183.543949829128,187.187078844635,166.166747703997,189.912339401019,161.823616452451,-382.543951742601,114.145392412459,-85.7760409783325,65.6556593770014,-430.643130617008,-57.6551030283408,-301.050821307735,-93.243321823871,66.9748187245563,-283.827178274093,-625.806018360166,209.554606781195,-649.827994426488,337.015580670135,466.615332840718,-505.605658944714,-833.34501673606,596.154798518181,-947.92102212749
-475.06024186492,-723.969373179169,-63.6081255511659,-663.814229154412,-1168.92328846576,-188.897056929347,-336.440911264915,-1070.06602185642,-5.90913870441369,-251.891320389583,-991.864448701158,350.316714456879,369.989814619866,34.0569817909729,708.338178613713,1141.73181447247,40.6725349744759,646.396214574218,1171.11384867362,220.557455304252,562.496982869041,66.6296840470886,301.991769133356,501.439116028103,196.603800227888,336.073374311697,105.750005038492,249.228180243551,326.892408040948,189.247391017658,273.741814565058,355.186563900803,472.462926119174,138.641560260099,239.767890403472,287.715266678091,371.267276808589,447.396845890583,217.784896810058,289.373680158921,339.299573261889,365.558273574709,335.540427859443,377.96508932172,374.662851157219,-409.835156562851,420.247481980389,-51.380632889718,273.583762842809,-239.61395901934,-185.448797557206,-133.410932954221,-218.808454480432,80.4302504865806,-128.208547316472,-445.657611829882,224.962340532953,-412.927239870998,319.020824454753,486.766624964936,-261.491490798137,-426.945660883943,675.371443545225,-633.711326096128
-165.074077352477,-374.726617039666,89.6793566213355,-360.876246896679,-646.033230982199,-97.8479896191648,-233.843674686088,-584.704960917733,-40.8013170730781,-126.834099941509,-222.247420794258,387.261581557982,387.660935264734,457.145293908994,947.166115163085,1325.45567855336,310.927129747633,792.975523697349,1507.06452050835,420.213163041645,773.20383141965,298.801627221465,447.399679261729,749.369241404453,412.811979751891,486.503160008527,297.678495231387,405.562286127676,473.989703837355,345.28854385648,410.615083228026,523.58388398663,663.614771211466,256.077927323798,370.846894145724,446.690397168929,556.747403623113,663.614328926058,334.643497738071,440.834085749918,529.267466886087,579.383255183331,540.712529938234,604.146364368405,630.462678498728,-408.067365838749,607.535159244197,-92.5269944935916,352.74883324474,30.4905249284099,-343.782775703907,73.0181012007342,-268.023287225997,36.462529861999,74.2980495894562,-91.4446814506881,232.479370508366,21.0213097453422,353.716571272333,528.652640858648,157.720686473812,184.587855808167,793.004245541508,-35.456703652613
189.377743969502,31.5114301917924,331.022163095308,-15.0590480710581,-16.6764329115321,72.2709241934635,-81.6769528971935,1.2193108679236,60.9214313208824,44.9971404406648,638.466105189204,495.381042965395,499.435303790317,908.843623824485,1112.9001320625,1505.00416724998,594.338056099352,960.109451994432,1802.87018949454,634.311749319558,1013.85813647348,514.219093664183,647.019336387531,1004.09131122855,601.96256222092,664.650844615416,471.763928769663,558.182747654685,651.620982293721,498.781257903144,557.338688636487,703.064360307805,855.693502158658,374.414007411956,507.629377593471,608.924174480598,745.031460479007,873.708948261012,451.601949570266,586.094112842185,696.673567771818,774.756677110695,706.06574377299,791.672204891394,859.574481384387,-350.982331147932,678.675856507481,-51.2580765004681,374.361261970481,341.473624599149,-378.398172938635,303.482579452316,-219.557465020183,-54.0126724243257,207.501464608649,342.739645989992,205.32213138683,482.84411859366,383.519412948639,491.104484898995,516.958812490025,857.830456338156,832.075064277554,615.331127627955
540.859568781663,441.992475785992,604.548053724237,342.294694602288,576.040556194789,282.156952070833,164.671295613294,516.890824448679,322.845332110891,319.893048929373,1275.67869482457,638.169901356965,741.611463249515,1280.59597680823,1182.63975609111,1605.30955417723,893.137602481537,1146.05466403486,1907.87597562049,883.660636172406,1301.43296538939,733.550207395858,897.161333466909,1269.81528375055,700.075606363925,846.768099388168,570.291484024471,644.723571997833,801.219314253898,577.386397668849,655.13894767463,822.38067515181,970.559639304016,437.141722527299,586.8782786369,704.949513813004,852.891377225902,985.026181066369,517.991248899209,663.033617606549,775.246243947664,880.631260617034,770.859978545527,865.380442603844,976.940604699572,-159.346167440491,660.433147223445,146.252087805343,372.819621206797,527.551210407274,-291.292277816484,441.15733666296,-182.59662572798,-149.394499019557,137.139632837799,618.366231834199,142.347958695835,725.355064406208,308.724407150913,427.241144720521,551.723395715389,1296.79746669624,770.715488837354,923.716891684167
914.400499058817,872.079773267301,880.380698259088,764.89884136684,1090.31806682478,513.728327510409,555.276089675329,978.127688837108,659.177288874054,740.112847470405,1639.68011262037,746.256714585265,1017.91418617857,1515.02220541441,1053.26401976616,1427.78096134623,1112.54215561126,1087.45557130306,1605.68880250691,969.1770998496,1298.0305473001,865.943513697125,904.544221000088,1312.43309867279,606.389101652432,848.070639663922,544.829871757936,581.798981239283,794.378589997593,525.323162798802,621.064657080127,779.902453150109,905.3711640066,414.141139792198,543.194581007832,660.124929702979,792.570351704041,906.096702602367,485.410552121099,611.502041372425,716.254328057475,828.450277056236,709.656560465796,785.694836488791,912.280392981065,81.8162130165087,514.64659714906,307.179808860434,268.446099319557,416.755081227222,-242.684700400993,335.488346559992,-237.901785794588,-225.850318906433,-94.7423906353517,514.338302305257,-6.2685383489291,623.719149414748,53.1741312592988,375.504037171204,262.270700624195,1236.79770292197,557.682283298501,682.25491196795
1181.53937599753,1137.05879311162,1097.1348565518,1076.95429056202,1340.41002213889,681.178241074803,897.574360130096,1276.32173343866,847.443649004187,1104.97612917514,1717.97456002954,720.647321677894,1109.87499504483,1538.53354942287,670.713761074469,906.207321212428,1121.02981796647,595.400636082694,912.858719299869,714.146751866268,715.150368724553,777.892499467962,456.432950206168,872.120908118433,296.72781073693,501.691924653576,412.742249501136,353.508777090078,540.842437986605,366.26304074415,435.286526151586,536.174238282755,632.843422835773,336.001305598143,392.70182780789,471.409736873579,558.971426019693,638.504767598159,373.484133395681,445.997158056992,529.425934591296,614.017975352295,544.261736043934,580.077947156996,677.758912952932,212.995432004939,247.530892577603,264.419445573564,27.4288714184477,60.2322925994983,-251.077717372402,13.7875349009648,-293.777068150337,-266.750732862811,-275.150209601878,108.04887923112,-248.217766949184,326.313414083677,-285.562231470718,208.184648319832,-81.0640578161316,779.803628831876,123.992267870271,121.46393720692
1171.02588465034,1042.3229004192,1151.69628994752,1029.30042426877,1178.36763414892,681.146617942131,914.383996144843,1199.43737392771,740.027090591384,1111.41086882839,1461.73942267114,520.09085935957,880.39150411169,1270.46297208994,206.957586489314,273.356700810146,922.433659145538,-66.2019050728484,142.762106365758,273.832326348365,-145.574136906699,483.501365998082,-192.936436434468,112.823707471857,-117.211808277875,-60.2160080277461,233.568894899818,36.9021895864274,106.473705330964,162.006398702906,158.325242977002,162.388533456541,227.519941624507,239.656767290793,196.116748810928,200.587679446504,229.506491156024,264.652436557203,233.811532828985,233.589541110161,260.217137906867,295.964907536994,308.302237544036,304.780389772819,350.256761934373,217.834682739564,-29.74388912223,89.3837674948879,-269.031859102381,-361.079168703225,-204.788463610712,-379.637387247394,-245.612346992917,-277.879868896581,-338.690342490718,-355.125411936409,-460.788414826518,44.0854036186703,-507.082465414272,-136.88379031057,-289.138902387478,279.904100980735,-414.367892947301,-355.541555260998
922.679954571027,698.686185079339,1006.09758418239,679.60498131146,738.967875080819,526.457835953199,617.784006489879,766.452876375146,430.584726494693,724.510876365388,951.159897906628,221.964694715144,424.730538335734,751.85487673596,-106.904946915964,-185.218959889082,628.065413406496,-468.134801126128,-387.300738495732,-62.089373625102,-670.667574282235,98.4790300495489,-637.338954263696,-463.616699963825,-536.927622428344,-537.093786353834,5.07185750714118,-311.583409891532,-348.383047075076,-88.575739347916,-163.528071435946,-235.85535807463,-217.673178297009,92.3904747176321,-46.7007419948058,-112.418118409194,-129.624174356369,-150.747340109313,55.8096738439218,-12.0308975214112,-59.5469789725954,-68.1839298985377,10.4080047936703,-15.6397536759589,-19.1549854158482,138.56934503891,-272.246709938637,-114.892905151453,-560.065936581651,-759.12120842957,-165.290982461335,-786.481814389533,-181.449745119576,-355.581895694913,-460.696538243691,-769.198735590419,-586.342543003315,-227.253188912325,-587.146230280932,-539.77738603388,-438.657864674976,-128.574805987626,-848.926386862065,-598.922479476202
623.299847009683,375.346711420956,744.676975103657,303.727868696556,284.340947553803,323.006880373009,267.227378342773,253.020025766604,125.302280689884,215.190827894762,393.440822024668,-42.5104824422347,-22.3388853591738,171.414313629686,-226.379576241948,-398.599911982532,325.057893340614,-519.004884660163,-588.223199349229,-234.045558628485,-675.718538765552,-304.508466029146,-829.593734825227,-636.201114960517,-924.447616398273,-841.812910650067,-294.307455344937,-680.241167275486,-722.808876087093,-394.518894244927,-509.497301004844,-583.197918081666,-613.379364795964,-133.53626849723,-343.651089858034,-442.359181105864,-470.403396334824,-547.536298910155,-178.312613244584,-294.602916136848,-383.591556809536,-416.83985345095,-305.952323466888,-343.429446965781,-385.903506474249,-4.05949302988174,-522.363751901114,-331.974501356661,-813.674561234507,-1046.03948179549,-261.249805008099,-1118.08634921051,-210.570152781629,-554.411974465474,-692.167427718806,-1065.68595559087,-685.49622039256,-525.611124718765,-634.942276448861,-852.016727922543,-595.669747276579,-513.627302635896,-1099.22257070972,-678.313075544558
390.37486549289,188.299330558429,502.127500546694,49.8661912471822,-54.3632766446879,150.478983611693,18.2597771337717,-126.618564395513,-72.6267700502373,-172.282201263321,-64.2212630845,-197.593576601665,-319.48238708117,-294.77502676968,-269.421059784359,-490.87142899988,33.3178087405421,-491.943508685888,-628.24154325808,-411.584099748588,-586.501949187388,-676.062730375902,-1014.6091399678,-758.984541628771,-1179.30941071193,-1153.66361717127,-579.528955020282,-986.1779902749,-1034.58998157018,-653.808902284431,-809.610008810602,-838.583669516502,-868.938270425331,-351.31129712748,-602.181102795025,-714.248580887725,-719.68514544304,-823.612068809136,-391.44364591628,-532.847027564706,-626.479992224481,-664.082440861183,-532.64985708913,-582.132032925477,-650.084313415037,-93.0645920915348,-675.284364215845,-456.110129944062,-889.578302083404,-1017.1311005059,-347.921029886666,-1121.88594967281,-216.254243457596,-687.967097571564,-772.211790403261,-1047.72969410855,-698.703846610681,-651.258875585845,-608.36348556069,-954.889790292767,-621.011970258871,-737.43743308272,-1146.08422475481,-611.006706153043
230.869697288013,107.072146499624,332.450815046335,-101.133390712346,-243.161095009416,15.0336550256563,-168.408049857329,-347.528324379693,-205.953600099701,-420.93603844114,-373.339499505358,-276.337728960181,-516.514655863255,-611.212345130692,-374.702135075089,-641.171456262018,-300.070869654726,-696.553633817852,-807.517321793375,-762.166502866126,-901.051455263292,-967.803057631797,-1324.43191228993,-1295.97128113219,-1196.62601449883,-1599.68193504708,-729.940958999879,-1100.25547187626,-1339.14121153893,-742.076158471055,-979.413271803865,-1007.89328014321,-983.910804322923,-450.339684176284,-712.594974094924,-857.47991753804,-844.026364680665,-932.362122703766,-489.589180282915,-641.551131990156,-736.495438422298,-769.204057572402,-606.415602822347,-665.727901985784,-737.249490881508,12.9952818150203,-497.542229442373,-303.506865035212,-618.798242430627,-570.439753350834,-173.238080729506,-663.331048535356,-39.6698390656762,-500.255981230803,-466.025284218816,-610.266872091836,-473.873155413289,-388.87493597452,-387.346452499562,-760.196335057254,-385.852591746896,-554.632711428321,-928.664498494219,-365.807711982846
115.21045623685,100.019040134165,172.921501306457,-179.082006021132,-237.176126824184,-105.80439732971,-329.029583407975,-428.814535799468,-330.982421941396,-586.455628288585,-489.533014271417,-351.330367314527,-685.903291574226,-805.357532458003,-586.102143579725,-893.771070641529,-754.482459876663,-1145.03777866146,-1222.77440670295,-1276.31039031884,-1588.4094929223,-1213.62551384117,-1637.16227928441,-2165.02626357611,-1057.15026667134,-1988.98868159672,-747.338099403438,-1005.95978205235,-1569.19818071729,-674.549841495028,-993.377509019137,-1102.36983279578,-1048.10249835735,-436.602096159691,-676.360482256559,-870.489921306923,-877.540685401336,-931.574977951477,-477.184273264651,-633.130387544431,-728.117889532322,-762.405071428021,-563.296633188916,-619.702269507295,-676.866319988135,262.600271360232,22.6156898332976,94.2860598337105,-63.6739377507691,102.423803809966,209.361153919201,36.4277161317567,244.60530453814,-20.2720839778148,126.413904639976,64.5544053197212,-48.3079429388666,149.90829970755,-36.9774419326768,-307.992936326913,39.6824494027741,-59.6135233114466,-469.334349756799,-17.5824195346148
40.357191293053,155.477192034192,-2.89357863865708,-172.400432787829,-46.0870807908907,-190.840157420431,-391.406484664259,-357.04974428633,-397.408317276658,-614.344344826224,-397.367837879922,-405.159012182525,-741.207309740916,-832.258918131388,-783.558859600701,-1027.55610337311,-1287.34968648221,-1474.30734674297,-1548.66355909311,-1741.24018785057,-2074.39095051224,-1494.27588298889,-1734.94266727755,-2719.62426633568,-952.382837734735,-1938.72194324689,-727.862425806417,-801.31868132419,-1499.26481549482,-556.377605773308,-846.870899287996,-1048.28613023139,-1058.85221735976,-381.452592825113,-552.750300580461,-755.272722961223,-808.005458584846,-847.940737320859,-405.806592189011,-534.922052498243,-607.652496075266,-653.787089268704,-436.821266825131,-478.660095585048,-518.33890585786,472.167542913271,575.939822137083,457.689752102432,477.292655922814,688.333281985795,520.655158372908,641.634519948259,458.494793731081,454.286582940403,705.529088563075,699.405226989718,355.520745441964,660.807551865126,263.414883297884,204.110197168201,489.294543270682,404.927143688339,39.6699347735823,298.570655222403
17.8526699984122,218.061974912022,-109.566478028479,-93.2164133256001,170.768586093109,-200.452782015877,-310.038304245768,-191.323648470701,-338.339220249752,-462.346908196301,-239.677108258908,-366.274205580602,-585.148971914651,-675.760035505363,-794.109077334401,-825.854386380943,-1636.16182748334,-1341.88265298729,-1448.17810738215,-1884.64103984513,-1908.9469601426,-1731.59383317928,-1516.62819514377,-2483.80002017427,-930.101558771193,-1358.44517781809,-725.294395998699,-582.714777660259,-1033.81639320225,-450.678244838342,-569.35234236305,-790.84854735748,-942.506199986614,-321.220790545442,-390.337719115931,-524.619529695456,-614.675604130929,-687.130657008659,-307.527146529677,-361.158094288531,-403.82674382438,-467.829092763173,-250.458411414318,-286.583069716807,-320.206035822919,530.851351814606,836.279224254905,577.647771118067,745.402643129986,979.422545439086,611.49232234069,972.835853689308,529.942527301772,676.891480498741,1031.09097634802,1118.89594781581,562.385244357152,965.225194951649,415.345286312644,538.938614250097,817.73763445424,673.919511650516,361.513914131049,516.246271052705
-1.69130839738109,162.404842165074,-153.109936215399,-48.7825737246397,169.753418017854,-164.56665415455,-202.503952135486,-121.953668146967,-233.235548107927,-296.570773592496,-282.151475386471,-255.798332995441,-363.651692306622,-532.101303742649,-572.186570280556,-459.72559188874,-1475.50308112528,-832.400703706466,-1085.73461709676,-1534.42050795835,-1278.64958390347,-1629.60675868444,-1055.40888961784,-1700.92026954064,-842.063861279031,-649.757091164488,-691.072645695925,-396.73802038341,-457.068237477828,-367.568720571648,-302.13468179411,-486.459205864959,-798.459292650447,-271.849471138002,-261.486968272366,-307.011521050746,-435.403496955802,-595.052471526871,-226.28040025528,-210.224136280911,-261.195598386916,-357.051445904235,-119.816904463863,-179.91950620832,-236.137199629996,419.305374298047,711.917218673133,454.805208238649,682.08691144363,905.88433650018,489.51520647924,973.939742823452,423.93431691224,586.659660001273,998.437337145763,1210.60725096917,513.749311777599,1013.67930874199,382.64546778286,553.232170672463,895.79625638087,764.539377287913,386.431708017575,611.84568426303
-85.693210927513,-63.808510545678,-301.375284117261,-146.821996045252,-114.073666699969,-138.545964952764,-213.15801182183,-263.940521587703,-203.956552829558,-313.446748824392,-593.54247718736,-143.216007009365,-294.770440157627,-595.3755561596,-198.612815824059,-252.989625743442,-781.560858736881,-244.282358181873,-792.436019554342,-724.202055386218,-589.814477729783,-1015.88163599954,-448.508382673412,-902.116620870703,-533.810583898282,-201.57452223373,-536.629092248611,-233.379449100627,-129.323080625502,-287.201123138994,-176.269460025147,-343.000272204751,-787.818742315364,-238.090321469579,-215.939026570409,-237.53559106826,-422.071620711022,-693.541913029444,-195.181650606898,-182.971751710316,-291.410443110561,-432.790730265822,-147.836327208347,-250.129258114905,-359.882378743586,175.537568950601,354.588126119568,177.317309513624,398.579588549115,558.92828261076,185.513340216251,687.64553919356,103.271027197114,238.011060500173,654.368993518915,960.166018279945,224.698092357915,796.108101570843,164.682944267606,282.420774311112,683.923599969932,685.017078250662,208.817688744507,572.840439065304
-208.850324564551,-313.447551224098,-574.292419746271,-324.254940378508,-433.871627536212,-118.306439400594,-303.960780846801,-461.155879017802,-210.458914048369,-438.212018639383,-880.013022370976,-28.0363934657414,-327.516584034099,-722.767755979508,174.192685610615,-198.620170334431,12.3046509471677,251.875280717153,-507.874326775653,162.730889798433,62.3986438737229,-225.488227549864,181.080468485021,-274.710547613317,-94.9035140511681,9.44814165174668,-297.155317974608,-86.2029069294151,-87.1338730061598,-201.314495926546,-167.902952929438,-352.065242511525,-820.27262221514,-209.49656252501,-221.854667038233,-280.890880025662,-498.013867057472,-821.145441985487,-197.43992562989,-238.145128895985,-400.594110089813,-568.218649461238,-264.440033642359,-389.748902560425,-545.210845246241,-100.676502221585,3.4913622242127,-151.087710715098,76.8403605773691,156.735031772171,-214.879061177727,262.483830848073,-335.913938205853,-225.745892108422,165.268335909525,507.550190716033,-203.117905795467,373.092463003078,-139.520542601511,-85.5944150076347,299.622680559628,442.690871592611,20.251672575231,409.326068015561
-287.3948815865,-399.628468040719,-661.546936966011,-405.125955041952,-513.245677364424,-81.6569132869984,-321.714660750596,-476.876251632785,-137.945315314864,-442.642540987751,-838.492955415447,99.7461936980965,-260.838317726259,-637.080577042546,357.297648940172,-109.400231875364,397.530999392587,518.969290000019,-89.6349494524029,557.78405779414,592.790371621124,166.09275313063,531.898777368858,184.749248580054,150.321604183727,121.31225930669,-150.923394936181,-18.0949844783262,-157.152360650716,-155.258299538309,-189.007595017785,-380.013186124543,-684.399410706334,-194.409489662024,-232.751059759959,-315.00090955826,-489.289652945926,-731.636948667546,-208.006365587349,-271.401731072587,-430.873199771387,-569.446564859616,-327.257567524741,-436.699343821701,-582.66995745371,-296.545713573642,-209.427522900929,-401.488388717406,-154.597762923892,-142.506009070653,-519.386958902988,-153.919808802573,-639.90024273065,-578.908737724979,-291.038863174107,11.3790514846394,-560.864549884744,-132.406378637957,-353.605241536474,-366.16506740079,-117.00637286294,64.0898777146609,-80.3390523231606,107.662875733662
-281.709599132333,-314.332523915797,-304.575706462407,-326.487165570554,-363.060726075663,-43.1203173148799,-220.234904428428,-299.911934846943,-4.56216403692135,-277.966755871706,-532.497734040828,180.912945432392,-87.2632213304807,-350.423656457657,286.332936622276,-23.1027175988796,292.021079092343,429.376763522564,217.09824700488,324.659711779907,661.978566611607,35.4401191677139,389.032286725112,343.096927714873,53.1281451669444,122.331185731965,-168.199694465744,-53.6062968628182,-190.042245406701,-159.547433774934,-172.42347413332,-326.243162833304,-359.236321941846,-187.142345077151,-212.431441358931,-265.734509972368,-339.697156487757,-415.417484195352,-198.451046801948,-228.429575856094,-329.870155842563,-391.080904109103,-269.2590541489,-336.212655893735,-424.157220692616,-337.382528007241,-276.376015848585,-457.563140224737,-248.903816372707,-291.274673571555,-545.890575527865,-417.159991461321,-607.239775889355,-639.915922069946,-549.371578059488,-391.200692077972,-635.906808721496,-550.286643538759,-357.055058481819,-507.452720942684,-498.626256343039,-369.293337768108,-111.13564016949,-316.322885416779
-214.280423466683,-184.61892092074,237.777308785347,-184.200392359958,-181.633607567544,-26.3320100638851,-92.3627984660064,-102.079255651805,76.9107271555737,-85.1867957337172,-245.874740553682,168.100684118744,42.6890429512747,-95.0910332522691,120.992253766802,-56.4666653791903,13.5835745002943,120.816282106419,195.337118556213,-53.8605698421346,233.753613925895,-207.056839846432,29.0448705538923,213.394722351759,-125.192236471469,45.1884939093033,-198.624636271853,-78.9275616632945,-72.2207086082359,-125.693121804506,-57.7608301686041,-111.671841188326,37.4931974381342,-133.72264986294,-109.850517701202,-101.032516472034,-76.4546783769634,-34.1878819203504,-121.184509950354,-97.3007288944833,-114.459259555429,-100.243475576351,-100.987580010467,-116.42128423662,-146.85413343433,-231.158848391699,-209.111762248123,-320.411127225428,-193.674676491048,-246.685376212215,-318.466130510408,-366.211352527121,-311.456862440281,-433.140818628891,-490.440820505071,-504.268812549516,-421.09887316135,-684.442898208293,-191.937666865835,-543.148951713303,-756.415847105959,-638.811170835877,-98.2634530750015,-691.939304857414
-132.708985509349,-92.9237782135026,432.219181598105,-74.6652349182534,-71.8204646443777,-30.2839333051214,-14.5434516179581,12.9662777995559,63.8156499364681,35.119981108769,-124.561092024071,101.119562435561,78.0846069148221,26.0436898991495,41.7121569639511,-102.289762318522,-144.472150840389,-91.0507806422499,108.373499332776,-130.730689379091,-169.209743660439,-206.395651388624,-85.2841382218571,142.979196345197,-88.2270470701012,44.5951326714879,-108.762370479584,15.3357047613532,188.950558882807,2.67559587663702,141.796266410047,236.352289226801,417.896203690823,-16.4624837846467,68.0457239845257,146.500930089418,240.385449040098,300.720415202187,22.9713982354094,86.5006048795162,154.184991254696,210.311113336087,110.058025036207,146.005779349124,152.187399999426,-85.2202754036487,-39.3717599280381,-132.270243178129,-33.0006685685138,-13.9543072551913,-50.7495615123721,-41.5738863252514,-13.9357834457684,-146.056633400627,-208.167660270862,-255.965004102636,-122.110442587306,-502.172999869876,-3.89046710339073,-465.734107268528,-779.286640332159,-565.881540925623,-33.8414782293053,-780.744648807745
-84.022531646326,-48.0279299353976,155.462610208136,-22.5541125379056,-17.8282929581146,-52.9206304424199,9.68123492754414,54.1453185642795,-14.8503134689976,76.0404717235061,-109.169238133928,22.5639642996256,63.7980308630309,59.7722398459036,25.2609948162192,-30.6076216921665,-143.756954165707,-118.222764795232,206.903253673131,11.5617443995195,-189.340675857861,-7.33368456678871,67.5317930635377,317.879836097549,105.421474601608,165.705125168044,32.558406721453,168.192644583027,395.364581927086,141.976352175792,297.906339640192,499.617250678232,672.166947809354,87.9733863479171,209.272808994325,338.552119226774,469.771183445076,524.206015571822,142.014634825891,224.838844035926,346.895724148823,426.222264819194,258.860345281418,332.836681498333,367.196611645725,-9.7440610645209,128.647178881873,-35.7219264751188,108.332656235774,248.726431846814,86.0137158031637,223.548251857334,120.152709402882,56.1077551522622,-15.2604024243445,75.5230656790492,82.313916650356,-268.727474989191,105.016514770958,-276.122247076529,-617.482564246933,-288.928898189105,64.3892933306304,-540.969335994308
-59.5982231411425,-26.7065675749151,-175.261297122759,0.894083215824461,13.2835654631825,-81.0102267385866,15.6710685803017,62.3459868668634,-101.713527864908,69.0052905445035,-68.2233328902338,-55.5377075367749,33.8175881232415,52.8712365645768,-15.5932617448453,90.120120636004,-66.9689108845989,-77.8104243686997,332.507364191775,102.935872042039,8.9766988115353,159.974720061451,199.72176858963,539.591487564521,240.392288531477,323.469887528005,110.725046330821,268.386989262109,436.801717511243,202.795336989708,337.530407528215,526.763607422571,697.667880865985,124.383979737791,243.895391203666,380.560128409304,502.124555227228,573.917037471901,171.99570285705,262.390232414276,385.919614644854,474.680814276634,298.193730947004,381.476659191446,429.269962932912,-4.05868996979609,203.303353723376,-29.0598450446021,147.983683311338,381.422167222729,97.5458863607771,201.404502990004,121.314881567542,130.890312452362,-89.7400717869245,173.375879506126,170.19726242224,-239.592801503495,138.529608118881,-82.0876884236921,-473.497970658683,-84.1461367870105,142.237906080769,-185.46803812977
10.5371901208481,30.1106827856162,-201.31400649669,66.0795221510486,69.1918595161128,-59.258163283371,68.0480636037643,101.905283424233,-105.91052727284,91.3894792749718,73.5405742207377,-79.0428088165599,44.1261133925531,68.4448505937166,-20.0961326264247,192.055377015834,47.2499578919996,21.9594140897484,349.199513336954,142.259981024477,244.939184892026,204.106225592091,281.903559044796,662.953053842748,305.563648683832,494.465770966547,156.199238052356,343.700881194605,457.758658996863,233.077808155197,351.003305374264,448.762342905318,569.12346817919,146.62048185308,248.306661483387,355.742769877664,422.919509444775,486.662244780054,172.47613736568,264.212759547748,346.01558125808,413.007455712535,288.854738274581,352.951074628103,387.092075288558,-3.38575581366792,213.619866449951,-19.6265051167164,140.56672867913,411.184246191173,79.962610282013,73.1593976648045,96.357670521714,127.372781317795,-245.187689971406,118.496343356962,182.570999390533,-307.751829907909,144.887299948648,5.71679959269229,-430.102364530291,-6.52424093147448,165.704268679257,65.9674696712686
124.970354269186,134.295932945651,-68.0911272177829,183.590423908903,157.339372024614,26.1278459864352,177.837538089332,195.867077838644,-0.977994395561793,187.563684631213,249.664871732575,-18.0444577037608,133.825044386014,167.517818586275,80.2404609080438,302.354248689089,187.190410331446,212.992045418345,357.031254354896,279.523779798483,498.13953044494,251.337671898641,482.920755125285,742.522824839743,420.888850479591,674.347554254818,246.180141799966,449.484277120664,543.196191100428,298.002621375963,401.139810510541,418.708939891573,438.991819941948,194.36294641875,288.246251629626,356.622024310647,366.555172908225,370.804713116681,200.37464427139,283.715531990094,315.505821461352,341.285539843569,284.714730307869,318.620542594394,330.494571582921,-13.2949782976145,218.571419223815,-3.08935394125666,134.961547889626,409.517076881731,64.8084303022372,68.2908290586034,90.707736196445,80.327169083748,-259.379321609977,129.175302204106,131.170909567582,-269.939512778581,125.355516401534,-20.6323969269206,-405.088479924058,13.7438584282214,119.368677092947,143.204329479272
189.204486728259,208.140546962734,-75.2638114439478,267.418530636882,214.789133036994,110.085392302503,271.873954482468,284.804086736416,132.576504210165,300.374186356808,352.626951439158,65.4828894024674,255.441642534645,323.841283050325,210.576056240126,409.036974503244,333.005332199837,408.806195744314,429.227267206398,528.882128788469,708.778460418146,471.442153265275,777.390391265056,811.669163269319,595.734698377902,799.060873604932,367.579473846532,526.378194726387,585.493617939074,360.183408847719,426.116113768874,403.353835417933,343.410984046037,223.802707803025,318.863328907243,354.21630553819,334.004933045699,279.910500446092,221.727769158413,285.95482791604,290.024786833045,292.232023048212,269.841190626435,284.046118103901,285.160498465729,-80.2625713945029,202.710500395609,-51.6410507461336,80.5756682987171,339.511748074189,23.1003901755871,98.3591768205853,86.399825540774,-4.3616569159906,-204.420399549612,131.257309314974,49.4270562323075,-212.075923472749,74.5573435314971,-95.8135403276438,-371.450570006937,-51.6415957911518,14.8837486516447,58.0268759036151
194.309140057451,235.990768011313,-146.294776907115,301.613987327258,247.702370322326,183.664884487672,339.562048579559,357.305774460028,259.903355778094,401.808890298121,422.108942428335,148.883971590774,381.205709630827,497.541962227129,315.96455767883,503.378613258312,491.238796957495,586.266712299242,581.162786183922,815.351231888999,890.528518746924,865.175358698889,1030.53841934998,909.400477417291,764.656118749164,889.981467352773,485.942018520464,542.760962533122,586.554717612313,391.940431885407,422.420773836015,385.517372834552,287.402178898032,228.982851704199,323.746538312202,344.972838854332,314.394188613486,245.77579856692,228.261598061328,277.17917485336,278.09118717791,287.393895952456,258.622127993871,275.083574401646,272.727852657396,-149.773894194777,167.185965612634,-112.94349057028,-8.15630116382679,215.612743325852,-1.33635631017778,38.7212720095195,99.5898950972437,-44.5481287576685,-200.773137915353,8.67154214985739,39.8152395509646,-262.218742144069,76.3676399944203,-110.484848985089,-355.054692306725,-193.254973211149,-53.9990679507943,-103.550652108849
255.547007666906,321.863560488427,-1.98748100597137,394.864196436551,363.741264485357,323.415134490691,470.668468743116,497.816879277279,439.25302214647,565.280843478157,589.825146035963,296.979106574701,559.056456670932,723.120229623328,444.214649371869,625.078530443186,662.951814711911,825.031369253363,813.388111614413,1087.28183653157,1135.39439151339,1246.72956405375,1225.29742106134,1123.68603052307,905.804593538857,1043.75163350377,594.524108603664,574.081922178719,701.28964954058,433.043381502768,479.327983100213,463.244395118767,338.918027385618,262.424326763596,362.871904400252,404.916878779391,376.342098159025,325.619917229691,268.615871501686,326.638177993424,340.649065700014,367.807486698537,310.006629464673,343.935910324883,344.393093220994,-104.563219771802,190.352659118781,-21.3813683387347,11.5975445193029,191.41828276751,87.4400931877872,23.0072779855505,179.321489744135,77.0755115047245,-142.327802090524,-66.1649140991772,173.123274625826,-274.150666809882,222.112226010589,34.0196546688857,-276.432043343325,-246.730802104498,27.6903822087057,-165.620245241224
418.31101845942,510.829379826674,324.844929898592,588.781951140998,588.794541900198,527.086866539154,679.86456176371,720.932057454061,665.91577924827,800.297576907385,854.559339280278,498.584178820399,767.391185518058,993.579618968919,560.541708867808,698.120142772965,756.844597197156,1010.55635533619,974.440057840642,1217.73612419392,1290.89098944238,1404.9083416768,1311.76918935784,1357.52764269819,999.137714444389,1180.63777556291,659.282378261845,647.818410496012,919.770095845529,491.19843649919,597.189930694953,649.402599675933,516.966083589725,320.481541078097,446.411329231211,540.523087758473,533.005587579747,521.580825252574,336.628237566352,430.405541953862,482.191702717587,523.326308647889,423.398195285516,475.76872127996,498.978897744918,65.1933859884329,317.58076913642,242.811903258431,203.331458402185,348.441070117518,271.1845170486,194.362239224781,307.705500553742,328.46545247536,81.807693032053,87.8511068964776,388.773218738181,-85.2750554699754,456.866954011522,322.238900464612,-52.0685757355005,-107.260279869597,256.990868084239,-29.6783111514496
577.581622016753,702.487068335615,555.231196508057,776.974313031628,814.80943210494,681.438603782042,855.037339247541,913.323121966894,834.390952650378,977.171268702924,1067.30183699884,629.079069869405,882.156249715979,1171.94229930528,522.871308998509,545.682614972361,648.972618422052,863.829405614921,829.085542009243,1025.88287154567,1013.47625413764,1266.9732248637,1104.98634951522,1292.96877148866,995.775534094606,1078.78858767209,648.745720100623,706.327460896984,1035.1823140903,536.856757416609,685.491954734536,818.68613744431,748.846047628756,358.137302229116,523.42542917391,667.455907805039,704.429569929008,762.156021976936,386.498206323307,517.233427715459,632.90788799315,696.252896571217,541.578659743442,610.258561476409,678.22683491603,256.934910254005,499.365572039373,493.123383691354,453.222442360222,587.540548327439,425.475968987683,471.650357887491,411.978421941928,558.95800774292,379.69480012548,373.59364127477,574.575887675315,214.704502424812,635.032040291871,642.899992574612,248.526636537427,132.987741286176,522.640518057495,210.542991716047
622.766074509078,785.820930640169,604.094215588249,851.427065642467,955.05041495453,705.660787255571,901.845116472801,992.749857901929,865.216137174902,993.21745784232,1134.08929257427,606.920305964556,832.419215967536,1140.20736530527,297.980263018428,163.414598415007,342.418209583629,378.927111112403,352.529908825946,533.087601885162,288.539230547239,908.230424765052,586.604566880666,801.421058901997,859.613236125644,734.075119401313,563.501912623602,700.829958778238,943.057173736751,544.587762569654,698.471816952217,874.018731907465,949.59207897078,359.940916594069,557.654789354493,717.790384687481,814.563724254275,959.492392964279,403.124379622475,546.991206761605,722.320079705536,821.780517800229,612.152608824605,696.602843812554,811.682798821266,380.231518319577,636.419500214584,559.837410791484,609.855649838049,767.423520053703,481.067083305009,692.581136026985,460.804561168337,683.875795863319,608.386883854065,598.402725258174,678.180176004578,453.234566687696,684.684536366989,888.655570674519,499.071172486996,341.845883635839,712.559181054131,406.45864665519
547.92033824406,745.746574368494,589.565484014953,803.971051307038,1011.72656633462,606.463411665852,817.013646231807,992.243019389876,758.519949306039,879.525535177713,1102.80314143691,465.208969795949,657.392224328549,943.922544364952,34.4435846800942,-213.318679561269,4.93731218179548,-70.2717922938502,-184.43394993859,58.4235746072969,-371.651281342921,488.020504186307,109.167288052523,184.407703435654,635.245534529126,426.122794395804,415.718939821097,614.103249656224,738.89974275036,482.117241526975,632.592854785659,802.929465752814,1027.70908724112,314.687177236091,519.761401230774,662.455758816792,807.200358509105,1019.76373872842,367.934599451321,504.192017520228,697.136570443173,821.051908200631,583.26885384981,674.246940191795,817.868982183485,408.08736678593,626.675020571644,443.354956131164,597.362919427999,805.406108884577,465.614504420046,766.560798589652,482.536393737027,690.752878043179,704.429057699554,685.419503374916,688.914488395159,565.164906547404,632.861008320587,970.715645210999,638.646668290507,480.304884990548,754.031049146444,499.021233279652
422.550588471649,638.048455547661,555.150939732525,699.031350953401,1006.1247623392,450.111315660946,664.597684166573,973.742130584437,580.810475257179,732.869109362245,1045.25821758598,307.89111580057,453.732904236496,722.108972651024,-73.6702693375224,-344.808021530196,-129.4191887831,-125.359970773859,-431.495126656361,-19.6518373685856,-410.622432776985,255.120062186666,94.2085120985817,-136.665345371452,519.541411093534,368.215981949288,308.055967094099,495.381902470472,545.753302363637,378.019460805829,501.051220590612,632.081877774823,909.057321866433,234.226863298815,409.373826550466,511.929871649588,656.653087565252,886.201091640705,276.738417958422,389.925233646446,540.343579732262,653.494424570266,432.96996191126,509.715870382119,654.190115459129,382.126932384696,433.886255253574,265.861128783852,435.71852568463,681.202080850312,446.886289599012,678.479800805969,531.918077255102,582.693155877116,648.392513494084,640.96443469306,620.6457123312,559.162768423613,547.848549318893,849.698328032039,643.821583681875,556.049361762974,645.676934693498,498.346146570531
299.852329597504,504.457373315262,464.056705356421,593.102815037789,912.933803226657,323.267056216314,532.620515718836,923.179157928646,437.81472750484,623.536742363897,923.734836342648,229.823416306054,322.725978139721,544.55222606519,40.5720927264713,-207.796601602499,42.1223937370556,203.104731300129,-249.49329145503,363.983309387772,178.394227077395,383.82306917403,571.964840943502,25.4430757446176,680.820323777685,507.09401191626,382.14650902299,447.706918067013,403.393113116852,327.041704701129,356.354122588417,407.094038667112,612.279820612704,176.06052032752,281.209409799366,316.554965285208,395.839721216036,580.277058450068,177.408760724214,235.06836242961,288.591465447293,360.349895448399,200.248901126813,236.567371238831,349.938692554726,379.038940091091,100.242030508702,129.147298999607,196.134360058821,404.340983450872,466.57101161027,445.374814224526,608.803104412541,403.194332304887,435.780726768587,450.813901923443,515.622675148645,427.431824520899,466.78701841287,593.414729753075,475.291939941723,517.758701154951,455.247625772407,388.092194760577
154.427627017609,318.435047927161,339.080146339132,467.101479604794,670.181950301499,246.206258445112,454.419642561251,758.334268926091,379.111274545625,557.780973419398,625.567332083561,219.294323116464,285.308809660916,362.365035835238,231.049467608894,0.864571466606002,334.721426286357,578.417915233523,135.853617938421,836.319835411032,848.714763973553,699.06117141893,1095.15875467099,543.174517601036,943.423435774379,656.503681419318,562.593446976974,461.363429307599,287.720437082913,322.605774801738,222.650789524778,154.467619847749,222.590143995122,145.018498852829,153.689799646042,100.012952464807,71.4178062724423,163.855262208954,84.6224402712145,51.7600764412369,-13.1761694165247,1.3944844029699,-71.4610131146805,-98.6725821682041,-45.3828216773252,416.846449186694,-324.401287497562,36.5550275093885,-80.7436400642925,-22.610907028013,476.025139251657,81.2565234877941,593.560536523363,221.071098077166,107.108340498879,77.0250259573549,383.317837572947,140.900244298345,335.220169852808,320.928574618183,130.942317981569,267.004701628437,230.904943644793,125.043887581836
-51.2506590264922,50.8112603046136,228.309420363502,277.206970250776,279.855022709506,160.806940868286,389.033978649912,464.840783642342,346.376386266024,498.87779705587,156.827380682619,178.605833554135,258.46568716395,123.06976120372,272.164394978777,72.5196110102406,445.988546430107,682.240763837352,328.841831833695,956.544268647994,1078.96094319743,830.13262474482,1177.83343005981,1009.55717643836,942.455734768966,649.751489678557,600.245156890705,387.08401400123,147.110487620378,245.673481891815,57.882248884145,-107.886103490151,-142.725395133197,76.7644682393131,-7.98173372891544,-134.809411672894,-252.847609053549,-248.085155721554,-38.4723320227794,-157.380680158998,-307.65543715687,-349.122439331832,-339.084637838519,-430.950448190901,-443.725517930496,453.273531331178,-747.424970967604,-10.5138725481347,-344.619267695856,-520.987226962466,407.608289531593,-334.510183474704,405.65872160145,105.162362114181,-197.876322587349,-401.635089945041,219.677509725606,-226.474861972829,119.022219669506,128.407792116531,-225.399479030759,-141.94039930153,5.68410029882837,-205.512334697955
-286.028124235895,-259.833561153129,100.125444553611,34.0385018111257,-153.145841030788,22.8591698007536,272.834193550971,134.98962211799,246.181732212284,385.805797657287,-302.161746410699,49.4182551120628,149.73495451207,-142.525536306958,100.249920340526,-10.9624164564252,293.188687907772,500.192946972498,202.14549267705,684.734416373922,859.64358512337,647.070923761441,819.792586526992,1051.85653547707,613.023321748543,453.215927211272,415.244618983937,171.823379022186,-23.147553630805,68.7046372465404,-130.175540685778,-304.681841975768,-352.959704438826,-39.1120312926222,-176.351553849278,-324.102431437436,-464.051117306656,-498.253829889827,-172.176332121604,-329.586044666981,-498.488997272177,-573.53818214322,-520.241471527258,-643.80349627802,-696.017704397645,466.461699012334,-985.464270020106,55.4725892674683,-461.476240211433,-867.969657095615,312.769055579032,-602.827949607718,183.798547629701,108.932954366996,-295.804615838483,-739.492957673978,99.8307249943826,-448.269959250386,-49.5770696802597,63.3660974318656,-332.225503438537,-431.927705283637,-129.38498017198,-362.942488147135
-512.351037024084,-558.131826620834,-111.28005961858,-238.175854402614,-531.495583737233,-170.518789933038,44.5226360795877,-180.608740457389,24.049794565003,133.707803064085,-608.785233409027,-161.972357481481,-78.1777524729566,-395.312440115636,-171.562561038775,-149.395868005821,29.8731869792787,204.291276116624,-25.7355610370255,298.776565994053,491.561320484236,319.419590585118,385.431179462954,724.560939811225,214.831026762373,203.937316370158,153.066953865587,-51.4795539711652,-136.68805178629,-105.645998941,-246.760352983916,-356.134601451975,-381.373900945964,-142.801139572059,-271.990945786941,-391.492184482548,-501.35248970643,-540.83666219951,-249.066100160863,-394.404737038116,-534.843823272804,-613.914713412495,-563.26782844792,-674.478043361861,-728.107424493754,440.957606659899,-925.093593783969,218.964092813693,-350.09270884563,-884.99119676524,278.346813164571,-577.371096196148,103.052842862277,188.129389407905,-153.479106244265,-755.116429835813,98.6858044664253,-367.917232228376,-24.4112379208319,78.1413548587144,-137.40944556925,-408.457238363953,-107.298403907342,-225.183046882578
-720.710126766727,-794.945748597925,-353.659418832532,-513.13244041382,-803.802779472953,-387.802568037752,-284.04738685102,-490.503724396,-282.73915441602,-258.504509092697,-773.782637955193,-418.764448938867,-381.621946984903,-623.620489740322,-439.56430645426,-327.925097543518,-203.268527702682,-151.289790522902,-193.34618006146,-51.2398704214344,66.0760310549896,16.5072839616736,26.1643918381781,305.186784565447,-81.7319611966275,13.7653851093308,-51.0100535599189,-176.055604834175,-142.103964582971,-203.698832948002,-251.425697106171,-288.761754148331,-321.133200192541,-191.463789600358,-280.956717260876,-352.639838673782,-427.073560933836,-470.11277125395,-255.898268664626,-366.813602820228,-467.856666200023,-532.058528668023,-507.113768140196,-585.532349086986,-621.528350244665,339.054571603031,-667.243135898153,305.964570718078,-128.647521580766,-632.58305075411,250.361864075429,-336.928193011234,105.719368432549,208.236345913271,60.6566196531689,-525.649289344973,149.203826532565,-99.2376334251317,113.007690875778,65.6301258805634,120.139887107333,-207.753442042879,6.43640115535627,42.5413443272196
-875.127357104133,-911.693153716507,-491.679494975743,-713.801873529513,-916.369380596153,-555.735378460619,-573.699859395506,-731.952145848503,-540.190101077551,-616.233324746862,-841.110368075645,-645.197809986935,-630.821508815127,-781.090117738389,-676.770841013075,-590.227116015462,-372.227679069225,-579.918637847942,-370.948557293877,-400.202224715586,-477.64960646753,-242.684635218166,-371.261814462573,-117.475369927718,-340.914433466297,-181.587214734801,-187.878953377986,-271.493094429768,-143.164610478484,-259.804587257709,-236.496740362377,-223.375134367838,-261.055974891775,-198.316390655574,-271.36925948329,-301.126242417398,-345.405614276814,-379.734116774283,-245.039933894173,-325.569279044373,-388.98371342849,-429.681062708513,-435.755031902226,-484.537746036513,-505.80528924903,152.185581222409,-438.129283396337,174.711820270759,-12.1914434676175,-345.82485836691,99.4917597516333,-110.142800763515,4.98588097404596,91.2454640731685,142.281016604837,-294.883462019413,105.066298206628,80.2038492698726,131.972340726205,-24.7349793195677,186.636032874711,-113.031356051741,76.0921582690909,176.308912959064
-967.28990927729,-931.190647251381,-541.080114373146,-801.066578437888,-893.980431069571,-641.06914892179,-715.419646713751,-832.585732984909,-666.177850925238,-775.284055977948,-848.819454754709,-776.473079613144,-737.185139015946,-837.177944257482,-852.270961544807,-863.609841776435,-465.001807450132,-911.058068093095,-576.345855286956,-675.040483773718,-915.93096596861,-468.002885098311,-752.791445333556,-498.911661451425,-642.099641622765,-452.139836680744,-321.845549066433,-462.650832728681,-282.510015886274,-360.127619278827,-325.166197079896,-279.084357422243,-277.680690295065,-227.336327732243,-329.062073637515,-334.14616121739,-344.090201259052,-346.830596838355,-283.255376640323,-351.166923427682,-382.41597932904,-401.769154913509,-433.005762109728,-458.95160529192,-472.79420073458,-74.9620218284262,-409.506562048825,-113.273127990584,-114.410591448897,-265.50780804421,-177.866591651311,-102.864751664194,-232.547151007902,-128.914402834811,-13.9601197504816,-288.21743155661,-90.6568203969573,-29.3521245969286,-63.6108955715203,-178.345202703304,1.24990555474355,-251.152646111709,20.0413190107141,48.1914181476691
-1068.79877720255,-983.197191557455,-664.809131133055,-861.87691412158,-883.320030816988,-713.662473804662,-781.370344057747,-852.921051780164,-740.309787831488,-801.42743097421,-874.783673256572,-835.696058169475,-774.603916427989,-855.67422881775,-920.230608647838,-996.071642404741,-460.725368479703,-934.640256511015,-663.035046333563,-711.442241968062,-903.180138498134,-596.645334401217,-892.408053736502,-656.484274714716,-916.412929963464,-723.36899704652,-477.772619743346,-731.508909078934,-558.440422823278,-527.000502165683,-527.942735244945,-473.059919962959,-428.757842798973,-319.66408561408,-471.994652695118,-477.352943141743,-462.687697035404,-443.319157317318,-383.563286471742,-463.991748581639,-481.712178930446,-496.944797159571,-524.954375729832,-541.42620149819,-556.447092731432,-263.136455333306,-555.314085044715,-347.648245751785,-333.885222369194,-469.256858651406,-422.300997938487,-347.245216282673,-444.830519572371,-356.685734126929,-351.755897551926,-553.200547967477,-344.999109360767,-388.525871424497,-331.659021273429,-363.795971966892,-327.876757160705,-521.329749997919,-133.595054479959,-276.658494427496
-1212.20341684088,-1129.50601124413,-897.423936278831,-982.855674350301,-972.348233543077,-850.395770196356,-898.57524005634,-909.538033674212,-880.518676659047,-876.972175108683,-962.579894997397,-905.944780237569,-886.441197511356,-926.515425735643,-921.327259519829,-1002.27810546115,-399.379433619597,-783.660364284567,-645.0429672446,-584.351162823571,-585.418965586586,-608.453813941172,-820.674824004787,-611.132934585076,-1046.62834758798,-929.232308582361,-590.1337457063,-926.040500097904,-850.675644210033,-668.589742990133,-731.606981430278,-696.175791546548,-637.938483274383,-416.629978055169,-612.230042326576,-648.681310080354,-632.288141878054,-619.131917985932,-475.601953226011,-589.553618117573,-615.880874404014,-642.935064198761,-630.08137303097,-662.926983143443,-690.116140832179,-345.725030967613,-666.870247446704,-371.24035587774,-434.82414053821,-781.391850867897,-486.908002545063,-651.237266018378,-497.884811917604,-476.866976004024,-648.632178915239,-892.607740457501,-508.908247281222,-748.636613823462,-486.508902842209,-521.130201310019,-623.632919377898,-737.779684026232,-294.005456565519,-615.661115214347
-1300.97361554481,-1244.49410128437,-1089.7489929213,-1100.05112546322,-1059.21696096835,-1016.96265269616,-1049.37730991072,-1003.96854649103,-1079.17183801808,-1034.81630184633,-1049.77942494185,-1029.47165407334,-1098.58325636259,-1061.02836959851,-982.330207171089,-1085.80545351048,-396.412353096124,-833.768070717284,-805.113108545985,-602.621029567559,-541.201665805784,-626.598201335557,-855.179382826906,-720.92694305282,-1043.39961478722,-1121.12466338492,-607.349698384061,-953.529936212761,-1062.7230051815,-689.914731825008,-824.961409802515,-824.204143845857,-740.447889592602,-432.437803763686,-650.964225686508,-731.425316505382,-720.350245285123,-702.26743881417,-486.394223427255,-630.355655834838,-668.143587730821,-695.475586619851,-640.293174637062,-699.564563487789,-731.243958953522,-338.997436333722,-576.68720632396,-229.750677775794,-308.876458090785,-924.131904747124,-391.411199033925,-763.595109571714,-437.214157502818,-413.928906679093,-679.342215793684,-1019.43385502688,-508.891208364972,-865.662852294507,-496.747201909616,-561.977188584496,-731.912133696374,-785.530038056568,-390.386673271743,-790.857716741891
-1221.76653404158,-1164.36338345996,-1143.97554764481,-1076.77181117598,-1003.37920796477,-1098.65765563001,-1100.65363258439,-1030.31984642948,-1212.14748957911,-1135.06844454486,-1051.95984302305,-1153.22194536644,-1277.93561296709,-1178.6714413481,-1146.3270303561,-1317.96024180246,-512.539681788666,-1186.03929580524,-1249.21386581294,-878.302831756588,-1011.07937939966,-749.651658849394,-1135.18007909503,-1161.02869180986,-1016.17672630494,-1313.37433147559,-581.460284126305,-869.594969274765,-1164.98177418937,-615.852099296909,-800.634209517724,-833.540853435218,-695.005242253695,-375.923687339148,-589.733890792169,-693.127887104509,-675.37428349849,-605.257045220001,-429.201434605983,-574.195322437183,-604.906851582173,-600.156566954969,-550.451047413137,-606.918350378281,-606.309137104661,-335.682853592528,-337.076426651874,-112.630481627856,-106.355991944764,-793.138385146977,-276.508126060641,-618.602660232621,-380.131482203402,-222.526095066071,-446.558232107087,-823.130208959221,-395.483936585621,-697.610950412193,-448.290844875245,-458.537085443208,-607.176482675988,-661.756416159928,-411.454281210711,-735.968016047118
-997.11958616052,-912.555517949307,-1101.8208671314,-902.584697691098,-833.059587446721,-1035.58290728781,-997.409777892058,-943.401977590915,-1183.62951591403,-1084.56158669839,-976.159850049345,-1182.41098362563,-1290.92102316662,-1191.63463600935,-1291.24113094341,-1515.03480146495,-656.007710594921,-1544.27094737218,-1675.97162836831,-1159.79327215936,-1613.02616906603,-888.677566845603,-1432.79900375488,-1626.37488492322,-1014.18357033956,-1398.28740303978,-588.72090618212,-772.453594614546,-1150.11811402342,-543.310220865147,-719.911564008124,-776.35328956696,-616.420652868606,-324.957703077071,-503.123095745152,-597.555972178303,-567.746908383819,-437.521851705462,-370.62151008295,-489.707074655623,-491.039376279784,-445.753391997877,-442.887772431803,-462.021222548045,-400.981578472145,-400.210829898046,-129.850074552532,-150.847409087635,-41.0958961738003,-526.995197187123,-255.422633943818,-371.330623937252,-371.377525584797,-82.572706769873,-180.795282944161,-453.005568394412,-291.932650032362,-401.341280259281,-421.730405044963,-313.362230858766,-351.643721943757,-440.585567483093,-407.280351222154,-531.858169666398
-765.279507621918,-678.990964475776,-1008.78704562978,-722.77393280169,-703.538121797107,-890.085289783356,-837.591276839693,-833.037792480396,-1041.35337120689,-959.086016121619,-894.462672775411,-1089.72386866205,-1168.67063675815,-1099.07746928115,-1279.6741230201,-1532.06700355798,-701.731587615514,-1632.23105040825,-1788.78955988272,-1197.84358826927,-1890.92265559827,-913.75131491711,-1497.48192529968,-1760.12149783087,-995.756544881495,-1291.47709228794,-619.63499405694,-689.310160083362,-1007.38000295987,-507.641423558193,-617.596875186803,-687.241851621532,-588.516723219074,-307.840068886413,-436.179658399054,-503.787818078218,-480.53083552557,-356.714771039176,-336.602684913794,-422.999015638954,-396.406098644834,-348.434804250597,-370.327714931396,-357.960802058213,-260.675744232244,-481.189524480042,-47.7739304776396,-281.171650075636,-120.599914834417,-303.62166511644,-308.58175609485,-185.278984365904,-381.459329362487,-103.152722375818,-63.2195482948839,-126.351754708887,-271.213578334492,-151.089777631482,-440.006314819764,-248.87891997786,-118.958505371675,-212.211361005294,-426.798401624052,-311.311422460336
-636.945493053069,-603.330926496879,-912.181605125979,-670.344846309446,-704.23562605555,-776.307974894356,-757.37716972474,-810.698895822484,-928.533466843453,-893.501878464472,-846.508978985862,-957.180880777909,-1060.22468775529,-981.450668760239,-1129.29802258131,-1420.68077959194,-663.708278244165,-1475.21849549911,-1616.68400840065,-1055.58641828096,-1777.6795694638,-853.641988621051,-1356.09297747518,-1575.0136125888,-926.97732830119,-1065.30043808672,-610.262079868953,-605.467079320772,-771.088035223282,-470.881120650849,-503.387084468503,-575.197482091584,-575.557560723874,-290.857450262504,-382.634601917756,-422.818059259102,-430.69149077314,-388.805514358133,-307.309048816546,-366.483163900786,-345.549147660257,-338.28681229394,-326.015081882301,-315.63147128949,-238.963667377464,-472.242178632121,-43.635082295263,-335.828886382372,-173.775247311024,-175.06708261869,-325.105463298331,-79.5489719100915,-370.742218385839,-185.764892355718,-47.9945906078347,69.90633286385,-290.823627285359,-0.382545858053588,-478.668656413843,-253.975648618071,25.9079641078431,-34.6994443791288,-451.829687896976,-134.425166002239
-593.426614808125,-646.02199416776,-926.183034710015,-720.33068057519,-777.460395843763,-719.396474482525,-776.597239157425,-872.054376951588,-898.88245440208,-918.718709844728,-818.471430976453,-860.49636354696,-1023.43306856829,-907.706179381387,-950.301623907297,-1218.52208947273,-628.861132167966,-1222.26505778753,-1309.91494291023,-920.435097157286,-1459.62785021676,-801.369635339859,-1173.06767156278,-1286.62052997671,-829.53837838118,-866.622962106135,-539.882461028679,-534.005318744834,-542.206436302615,-410.859050391064,-407.789248514843,-462.205442176599,-524.64139996296,-255.416851049055,-332.130189812671,-353.673514551762,-392.263701177602,-437.981578359101,-271.904918262683,-310.218065356941,-319.455730468103,-354.982493208544,-284.441176692215,-295.971753967693,-265.888944507986,-357.683420898546,-50.1109144894498,-248.875615094218,-110.519000639372,-113.444479678735,-246.518821705561,2.48707438225265,-308.955362247151,-173.272294108819,5.85322054538593,170.960230204292,-255.915762676315,102.778352903815,-479.745577959829,-215.644041757028,132.019440085202,86.4305687287703,-426.209903673445,28.7721007570904
-513.323304572406,-648.21947116968,-1033.73005912575,-722.104387065691,-789.476048450856,-615.45611814061,-765.258915494267,-896.089834951718,-831.314937087713,-928.470835050628,-773.033089480018,-742.356377636685,-943.800247547096,-862.128366208966,-765.251627367925,-876.145858622377,-567.621745314267,-928.811498937531,-937.579714420631,-794.457426458236,-1085.26835502953,-711.273678877104,-982.433826005386,-975.202450136564,-715.137845763307,-722.88583072213,-433.905939689535,-472.888984018297,-381.635198628468,-336.884072620098,-338.196802725883,-357.987247467118,-445.409636605118,-202.77230933475,-274.269248884278,-281.690447815262,-332.741911325417,-418.062907125022,-221.845337727488,-243.211882698308,-269.094157554233,-317.953600050443,-214.568726537028,-245.938006980269,-239.54945907241,-220.36735897194,-40.5591585796212,-102.347118041122,-4.79709430427781,-85.9225542280011,-105.203348082466,87.8650703823554,-163.732996909284,-42.9091611613148,143.828580309033,228.17983270165,-107.217272996307,234.863968921796,-368.462736274603,-66.4404658488744,284.281361909298,184.897642484906,-318.465714220238,225.766506967254
-327.441947387428,-511.578999820625,-934.014643419738,-582.147959258484,-667.456317263241,-392.734523887215,-607.77226480239,-786.467947213862,-606.313502507249,-811.752997244874,-675.136955831283,-513.964799463677,-716.15766087484,-774.776800699824,-527.632126786399,-465.046713092294,-382.71594111483,-623.200373134364,-581.91573821463,-570.601088667767,-720.7046062318,-480.657431597306,-719.57531755803,-608.582388083846,-550.50627730977,-537.055115920683,-312.046956288146,-369.825484124366,-250.734378090742,-249.419788377473,-250.872262757646,-245.982872247955,-376.322049970884,-128.652825701059,-189.713422645763,-186.706517596829,-244.470835261894,-342.539651086449,-142.873883433182,-149.72219435553,-176.748006417684,-218.539566421591,-109.991073449103,-154.529317001249,-145.517201051201,-128.862220993409,-16.6283267039787,-3.2333304033541,47.0652088266066,-69.8164427099885,35.7741471485795,144.985093538152,42.1394438305643,96.2954399205058,268.673813402887,242.848435671612,108.005437959672,387.570164810621,-147.321135678913,132.579105990308,479.691643891279,256.438833620667,-161.649345573994,422.587278048716
-122.265173776068,-311.366518045574,-391.521513868716,-379.178734435006,-472.387583188219,-146.454290218609,-373.562524905978,-588.147175430413,-302.694148111865,-594.04588861342,-521.037321422056,-228.299510963667,-415.408897113479,-618.420291297387,-270.940941797678,-161.554372289501,-127.06824446705,-392.22167097374,-359.312202521203,-301.208447235537,-414.496787227585,-190.284174839836,-424.451257030339,-245.966337877261,-349.137317226268,-288.136260167153,-196.647433689726,-219.549028241511,-119.826212899478,-156.615916740132,-136.410652180148,-138.154435424202,-334.221761435605,-56.7455523395367,-92.8556472945982,-95.7659132953206,-164.24251053179,-287.873771345877,-60.9341320889053,-57.3864172887949,-90.7770140038139,-131.653050380907,-18.6577620191873,-73.4796662095294,-64.3785427503141,-102.643012086742,-15.7188179585008,7.63232757005063,16.8837957701079,-73.5842390009615,106.632380034063,121.980227555323,182.388136457588,134.383527347701,250.660584195806,190.847453863961,240.245790157285,440.734834070097,41.2192059583106,255.740943760939,592.976487000916,231.908560865785,-44.7218832059336,502.17682414521
3.93733493909463,-152.625633728202,346.515198343993,-219.23114846064,-283.256402843181,0.83535073143217,-199.301406111148,-390.915830562625,-82.6253771963267,-371.774449043399,-312.815088312603,1.20471113058816,-174.232739960074,-415.4277108772,-62.2532804626136,33.3509398293378,29.2275327939525,-250.948286076612,-243.916778331389,-147.548229475329,-172.880588480241,-36.2456469123454,-217.773715643161,-11.1869345687569,-194.944382855054,-79.7357796229908,-114.934992977176,-90.0753659047487,-20.1779345310905,-79.5479836588315,-42.659596230939,-65.8264222398407,-287.834266994474,-18.6731053802512,-21.9039457140469,-44.648850318795,-113.349582965057,-264.402942569228,-13.0686334816295,-4.76928835558019,-39.3669919336139,-89.9903495747958,29.3970281490162,-29.4617078317877,-31.4550017244982,-127.186810458537,-52.9592563500426,-27.1167566662769,-39.3886849097639,-90.5535909536489,87.9792436279035,63.1422427514379,169.967138015087,94.5440593595002,128.309819775252,128.825637114726,218.962660259611,348.568438793393,74.9637926501144,282.27705759621,556.937396421144,117.768693236022,-1.48619338063962,430.040673915728
86.4126862658851,-15.8007714631572,741.45862356449,-87.250024787068,-93.6876067329271,63.4463963075678,-94.7566492171457,-203.15713467089,22.5507706019609,-186.077092553802,-57.1734397934747,164.530599104503,-18.3094117254629,-197.948204075201,136.646228560263,285.344979055136,45.3572591998882,-75.2961690315069,-87.4153616464205,-119.154979253583,42.6530211952543,-44.3671759303708,-119.600575111751,55.4870258511207,-115.972503316425,22.2377628933344,-57.9403065266473,-12.1789762566576,34.6634588462446,-12.7679564349538,12.5046828819566,-19.0956573947487,-191.976403295293,9.43608211768258,29.1343402944318,-3.64235220597598,-54.4706526873157,-196.591093002044,23.3733280225759,34.8641480595395,15.312024996288,-34.1588312820821,72.6647721004552,23.4113609825104,17.6531363994685,-154.456306365601,-58.7617413413555,-36.3909613740002,-16.5791845516789,-38.356638308143,57.0472109221918,108.807438208863,93.7472104511899,99.9882924211659,93.2660848520253,177.834870858766,158.965082862651,250.539894815259,11.170800055345,314.925437720579,479.6505798833,45.7917709225857,34.1257717708316,319.264579736581
132.668735623739,79.4995926608684,536.109118586757,-2.91212516947071,35.8493969325091,73.2292868297428,-53.8060289033462,-78.8724053598386,34.7668279023381,-101.454572871069,108.774072914769,277.784952319567,39.9978699973632,-72.4401859539767,380.389229842882,612.321835349047,15.7370781544657,194.173288294943,114.262189579994,-103.871849569648,199.129770455133,-88.7177058899912,-74.6282533357773,-33.4921848435866,-70.1449077140485,18.576281045093,-19.094899557573,18.5606397706974,36.754986544907,35.290455642321,30.2412071700273,-0.912780183534069,-101.886974736682,40.1552234774046,63.7276978771705,38.4452101327074,4.19749842262727,-94.5973938866262,60.6732762500841,74.6737022968018,64.0725882636793,33.068268215136,111.05555621328,82.1004826703683,87.8609118929515,-166.761079904845,0.823048263440309,-36.2502271930701,78.6749071132651,107.209924778648,54.4927367506364,267.53031375865,51.3393795848222,143.544355323896,186.123882880786,309.287745316365,126.021159291532,242.754353172905,-77.7615530747379,323.576626540385,431.001866208227,49.4774020363454,38.3714753838774,221.044319117077
56.0038304205161,17.0782442305933,25.970665480428,-69.1070290273426,-34.0542904266236,4.21819821427007,-128.17797922939,-138.279535663507,-49.7026484274664,-186.614415448525,18.6463236134157,314.875672136662,-15.0848736537296,-131.441248165255,616.146428731742,865.415989142479,-7.20643587575302,446.870203564053,234.756542435551,-64.329287793633,213.138495571383,-107.278891023754,-66.5303814701252,-245.879604022302,-37.2149812230274,-83.2829057953267,-25.6461941758064,-8.3103127208055,-36.6246039495502,21.8478982480468,-7.77643405870514,-50.125185274923,-126.093765486505,23.194349733263,40.2162204698708,20.6523264154202,-11.5154319848047,-74.6312986072874,47.7814784886831,57.3625389310945,39.8460716507114,23.632447774466,84.5009566786609,74.9272784536713,87.6239815177306,-199.982303831055,34.7177802763962,-105.257981925028,95.0021249948264,213.888279987544,-5.33185528318731,359.734761198872,-23.5808570361415,45.8622089372586,221.288425547065,330.476459129478,-21.028396747707,221.056766463309,-264.664836035617,85.8520027253833,300.761633248726,-4.84523230309718,-157.206707701327,50.609163793277
-60.3312082798659,-112.365060213971,-262.24863794923,-187.539924702489,-201.545259212289,-57.1816826323088,-214.172795196348,-274.383027452321,-106.270491773392,-280.364233549952,-174.97560023828,337.220298986756,-31.1753355218751,-196.924305854052,779.131965049058,1008.89769097732,-12.0457020518277,593.791020658028,313.06816034007,-10.837088592274,144.650077267302,-90.9797169196363,-64.3998595624231,-420.987867667599,-3.51835171370365,-188.694689904352,-54.647920944442,-49.4235367204933,-108.415139000257,-28.5368293296706,-58.0965151191062,-110.518378378306,-198.78519736056,-38.7984264077469,-18.8241588761135,-37.7111012388571,-66.7199568928609,-120.038301488133,-10.1200663126805,-3.54073248394895,-15.7528075824129,-30.1494540365953,28.5000341686111,32.5912112049604,34.4173049359695,-248.471931843508,-11.9782340599848,-222.323855090765,-23.0654731227491,198.438609739471,-174.107375239047,288.814507808981,-195.314024712262,-237.007584137865,93.2566170332637,188.46327403188,-337.651021849061,91.3417673744581,-549.005330167811,-405.329516082475,36.3617174765641,-143.731770889125,-547.561968264158,-178.519213254317
13.1502928077692,-37.0982699452431,-154.500283731177,-99.9547071579746,-161.917862900153,53.1129592385345,-102.802237527584,-203.376707704103,39.4829622147623,-130.083259732449,-128.234246139141,464.470644938609,175.637941980948,13.2499837732506,886.96613549204,1134.39216685268,48.9794766337652,689.528414534885,522.152742236183,91.9131082209894,176.840634152271,0.208091987391857,9.16971669131823,-332.043766696021,67.8585710208117,-130.542456526017,-26.8125111077732,-16.0185965372282,-22.551705926359,-17.4547742287658,-12.5426755276499,-33.4584846394364,-107.28186569561,-49.5145477514372,-4.4513685836784,0.841839897771562,-3.15597643946438,-46.6173232655438,-11.588052582125,14.185046323325,46.0989575233309,35.4048871060305,75.1051629232806,91.8266216948609,85.3476030809017,-243.015946304897,-28.023958873494,-256.752471218419,-114.02525720929,182.568847717115,-343.47023730316,185.753606433188,-338.076311589814,-462.222069734183,-57.7702076267043,74.0844883805649,-570.443087343622,-47.5066457398098,-692.517826005072,-759.447267210247,-186.377055353747,-191.448113798208,-819.683557860126,-293.133329609411
255.833992669194,232.049588484334,52.6932867572466,170.753524431363,99.3934342595853,303.799546457287,163.631942042498,65.1238693392731,318.107569727127,186.364655910602,156.44355160098,670.169520806948,505.655168530595,422.891893515599,965.145555860654,1233.81761432254,187.71284158547,795.366234365571,837.203076687728,246.966296190354,353.588807143653,144.593579007049,152.729369000026,24.5434205718092,171.162496163585,93.5700960254334,64.151430417432,91.139503918971,218.340491710776,79.3005764477619,141.611312131785,194.827424551334,187.245758606576,33.1384693414645,114.611259678925,169.553316282748,214.127322788823,201.183641001524,84.25990018666,147.857799922385,241.947700540166,248.180338479918,234.200565186254,266.368563840374,274.735562436676,-162.3873153114,91.6709696974131,-147.099358332476,-28.4665380479807,276.376803505354,-372.359837195536,193.425940802921,-300.43878246697,-425.698924344478,-67.0291005886774,119.68326509118,-501.708220495623,-61.8517828458041,-540.557194520335,-705.869492474945,-207.439848211304,-61.694400680231,-754.13393341968,-222.386797164301
404.865008811553,397.65284315787,99.1713822792009,335.447910121668,280.295431724814,492.933839746424,335.715631201275,235.751761663452,507.139752218016,371.418475583229,358.283524294637,811.857648342785,700.071327288337,686.740428986709,971.704000805657,1178.13274345785,290.858240771383,832.672544106911,994.684180027166,329.978248469473,477.340135818571,187.097555302464,222.246078011306,341.6754398664,211.156717633299,246.169044440506,107.566751806875,155.818697098796,378.703394167554,149.225156563795,250.80765295659,362.221817369446,438.379348657229,102.478669861707,208.002372468959,292.569303731471,385.783985424644,409.730894583605,162.58686189458,253.194897836846,369.152677256986,400.15966718113,325.645116115008,370.990850981793,402.452323885208,-72.8988371791502,249.457252996523,21.1409785494046,155.615742876544,366.142651847435,-258.704542797742,249.282279222028,-157.982866375898,-254.473131786867,11.1263955319691,195.064693677743,-302.652494442257,-8.12224162344577,-294.543843103073,-499.201874827781,-136.598173818562,81.0610812336774,-529.605626866635,-124.18608105489
419.157529519027,410.126861918767,127.242622769074,355.656038217263,311.514713386169,577.776384078915,387.980041893308,267.687908082213,592.115801489969,414.259335735859,413.542669102955,869.872066074086,738.884633112549,743.396019579372,891.306296178792,956.28696969075,259.562585079663,711.212454489994,868.678656365651,234.585747965466,383.366738675648,34.3553346999479,121.45724172317,364.189894248524,124.755606423137,169.896367633827,38.1658008049002,111.227412684351,290.543474658306,108.161280807306,197.775221667896,307.76537136525,444.480929393867,62.781649486199,166.849408483835,237.684066879542,349.73384995762,399.030244380857,123.270034642801,213.138607756484,299.101035750825,348.719669628264,250.525370135711,296.817968296519,333.460054207032,15.1387001498912,319.353239513588,188.808941168818,297.103733585335,334.847483910629,-84.7544433840919,243.441727681786,-73.0788881247268,-145.205700014517,28.9461692870581,153.773957326001,-209.758255473509,-25.4325062541871,-158.413624197681,-443.76785838136,-142.59598629509,99.937977834619,-370.120006131198,-125.32638799505
518.175360650486,515.641375241345,348.698461421293,477.305080259267,436.163190759993,700.937993524003,523.955866471361,411.75008601898,733.283402290155,558.370772221177,567.08790966426,945.233623728469,818.520971167263,855.753702243326,802.906016747139,751.495772046594,177.180315451604,528.104567023265,674.265329986041,74.2934010640917,211.408682964852,-159.393175074168,-11.0928757645077,216.992101116782,9.59697791484425,34.9427462510145,-45.3835725835627,43.2168193275277,99.4170763283244,35.9423294458896,84.284917272824,160.163625494205,322.537450210957,-6.59719614667303,76.1562956815256,121.243465668866,221.137183769917,286.237335746322,47.5238858087836,120.294408836117,180.516778981248,232.821240950092,154.460603422502,189.354587470282,215.613502318971,173.01478961324,344.330999437251,389.162903809957,378.248407270079,269.603368867242,105.501710680125,208.920548929175,-22.1960564888433,-57.6677307255682,-18.802232536725,58.9442215082174,-137.080991964784,-105.387957651954,-19.5056185872303,-388.865052408969,-174.130246124098,96.4828321109217,-207.70112315638,-123.106554921778
716.600529987631,734.291650643605,613.153765109129,711.240309679489,687.724819450443,853.502028434068,736.945936252698,677.455889665555,909.871869463483,800.556653401596,843.227733235933,1015.61315818883,961.501004767887,1081.75791724027,742.455556150085,674.403878712164,169.37207864439,448.177688963069,631.331023829152,46.4778447814428,216.391057403945,-196.723513345986,26.034426100835,176.918086767199,-13.8700017684584,70.9897878095116,-42.8766137006729,36.9697206583339,29.3251047526934,23.4605485072544,51.7120322765657,106.554057716995,260.455345888905,-3.60412136758611,54.4750258563891,91.8890051891691,168.831082709786,240.019339448479,42.3282187754457,97.6206411406736,160.405723237508,202.553590830476,159.270663652209,178.552942940355,199.972275396434,337.502301849219,352.193117258545,528.416451545626,347.5084250449,220.827682652305,242.027802730847,157.728662986699,78.6339156307894,53.0909591263829,-72.6073387524721,17.6446139444671,25.8758430900548,-142.977793858059,204.297145985043,-137.114977190691,-142.485171770822,191.799995233203,4.96595381765265,-11.821963167356
783.69098312983,817.069689950102,661.557512691027,789.925233204991,819.392635477222,850.11406200455,788.457628556286,791.642537082883,920.996439565267,869.396182951744,973.834080864489,950.753798976064,970.864861706041,1156.66236013719,661.52792716327,637.157373065161,226.285033391568,496.739586289935,685.642255280443,176.617385494202,440.867686071595,-87.0238588416216,236.704605910867,310.642137561826,36.6430909718688,241.00289073526,13.7460424521599,59.0457272332276,77.8993371810656,40.6092056241269,74.8320313060205,116.487285813836,223.187337761001,36.2030650946891,75.682849022459,108.249715362462,156.935045156641,212.00519745254,77.0175433216841,111.110021369118,162.947377614084,189.90694038301,178.776012803795,181.322390043753,206.811546252233,334.609112898278,243.77108593993,405.630379147755,77.0286780974446,75.9444909804155,225.766382871786,-3.9049204863696,178.676538793615,57.444184468651,-141.47153490573,14.2996739802597,140.662581829988,-104.477042828997,345.28162514559,131.916498259775,-119.229169961559,318.565384758805,121.480876438297,115.03822584112
654.034223695293,681.753283037157,546.710834551326,620.712058606263,734.904400069079,652.750113159704,597.15384160858,659.621438971092,703.202915899562,658.131678217979,838.956670040569,748.083043010446,750.410421475189,927.597697153161,556.271395858046,541.901519306118,269.000118160913,572.50001873043,697.423370578383,327.877533470245,700.333330521185,49.9367177932097,448.03673011627,484.663899619454,85.1216138740193,343.381669180252,67.8757076835199,57.8126275392421,100.736385269981,43.3061839345853,64.0963153427303,68.8836268699222,100.851771619342,49.3591464875071,69.2992203077079,70.1025518238751,82.0336067921517,98.7212147037085,84.6438649176979,82.4308322257805,85.1384185787981,93.0854674724942,110.018030592364,97.7367789060318,121.328610530398,167.601957556555,-19.4738955867397,53.4366738793778,-386.513910312178,-182.820586282727,99.1128532981082,-286.627710482629,214.465469960817,-57.3267598697611,-227.455451815159,-46.0522959295463,128.876988230762,-64.737344952648,331.733711932748,241.714932060131,-157.020877087245,311.985310022967,160.722533344719,135.179617175039
503.154559007076,489.725666088508,462.810197911106,387.477978620252,580.099174711816,430.237840460941,328.107349022552,462.730280236119,412.623714301047,352.030145391627,607.224042830887,542.916385697925,436.518007420796,566.606430002057,478.752661969949,401.753605780169,260.883220406884,567.083981598129,648.33880659722,374.598153061269,779.150819086878,156.155287655489,503.001218318116,560.382460531667,108.581433837195,292.302517310563,113.766672733911,47.1654602159984,48.7298349057858,50.1099698003565,22.3111469538918,-22.8386976180111,-49.1736686964628,47.0769703067699,44.0369742098073,-1.95069371738658,-20.1528044325087,-39.942996021521,67.7898675971528,27.032286062996,-20.3703418804676,-31.2396682117827,-1.4420386029289,-19.3842355498666,-3.29580827479608,32.4928311164267,-289.165139415709,-214.422348526819,-747.208117147834,-367.471706697123,44.9851969359597,-531.299871831455,229.336774420251,-74.6522333672749,-247.412150440458,-173.433297366857,145.542079145852,-86.5073767766183,316.180708447439,333.231462035396,-149.500997611146,134.696604625718,333.703409673516,109.414810640912
499.954904669617,409.000023602474,458.391560583235,306.514755913955,496.48924625174,334.366468542018,196.164045644701,392.156120312561,259.571617837367,205.996997276249,482.872980526293,448.371054788627,258.029693599571,350.668815666353,447.738031273462,296.18894930078,222.005562433013,472.808370802752,592.983423111925,319.092281207249,637.501826168377,234.529074467361,410.831521684276,523.245391114958,136.27378840139,207.497907189175,157.564227727501,80.9298583432562,27.3276704047731,94.5878405187406,34.3962560655312,-21.9330255646243,-47.8797570536601,71.3230737832725,62.3609173001609,2.5727949491663,-13.6562715778887,-38.236342401416,74.5915681803975,29.4662220886875,-18.9205842751402,-30.7520061341045,-22.193897630784,-33.7237124213501,-9.09714527896999,56.729496610231,-308.06437032097,-175.418126680708,-691.536571857834,-286.760224460702,160.797992343708,-529.514700863988,276.498399124577,148.322968641441,-89.058201792897,-166.898432330972,315.852908282858,-72.0507154255124,410.882057687217,578.434043667217,23.4130082149579,-10.989107298321,679.94869330782,192.691313965383
678.166560922493,491.791769558197,541.900029798161,463.409835723413,501.18848005839,397.451662496356,322.650936489838,489.745816323853,353.472735550913,339.517988693728,497.235836349591,489.956515938174,342.726827749902,386.231252458008,441.646457748511,286.200907969994,195.804909465116,389.871726653944,563.163056239254,262.68275961176,456.8187368914,289.965285967212,319.505186464228,479.579948787113,197.853773062348,246.762213869521,201.69743381219,183.129746028653,150.436646786554,179.799637195161,150.463423110145,149.054307699025,171.713068791277,136.448610508966,157.007334680186,137.704515689864,157.288077175872,164.714499985093,138.927676910289,137.385677816816,139.622201439347,155.141284454508,112.641893616706,117.037704306313,170.325142658696,170.620739299562,15.8704498136924,31.3826719308468,-232.541247201936,19.49655419445,307.914996433916,-267.988573064532,298.423597579425,499.359728443834,239.000579456469,109.153454112371,565.323396266888,114.250743666332,570.147463588008,934.138618028503,329.572016751086,85.5391753085218,1036.28382873666,392.68894257338
952.42130588091,674.798439633641,770.283257854363,763.501435611336,545.002680928629,593.464222459877,662.15108363648,668.122884324711,638.377733218423,674.404930273659,549.197445763435,646.068600520743,624.65892295675,570.396351318847,487.864830327215,379.202960835767,241.519981601175,436.011755494449,587.742381948078,313.159213392634,461.562479398413,349.383092418655,367.766011713417,552.392737803299,308.926094440651,426.365133915152,271.500746043144,322.683010531595,398.932320971089,293.230535857093,331.937639851949,411.686221621165,470.642181340982,233.224888233198,303.936635682959,346.383298863687,401.115064767616,444.300833736551,253.48605368563,310.859849921762,368.187328655924,418.985501679828,329.317785659872,353.242549343288,426.37685939214,260.852679875712,427.863923520719,131.349383001265,218.555372554876,311.340541228665,266.07948142717,17.4665622194597,202.83871533026,740.963096094793,570.658294581413,426.230795723787,717.076134251512,425.01030582747,692.684701927362,1224.38988216175,658.888154119033,386.544809516684,1263.29882390761,635.837086929959
1159.87081199824,807.271488352257,1056.63444417001,979.883179696716,563.823577981959,829.680364907967,998.483233664029,792.01356436385,921.393216506204,995.863768723996,559.874011515152,846.910351857917,908.2260325926,746.856376178109,645.812746301378,550.668491832628,402.649976256999,643.294709936265,709.905851179469,509.358470653548,707.274067656773,473.102751743436,589.582296461424,769.672805565146,490.28938665761,660.79178960129,400.303425662359,475.66684625911,650.147776240485,430.970858405543,513.519265707489,628.049427007823,669.221306432472,350.454160797305,457.544021904677,536.84247042027,592.799221910572,637.467300542686,386.631942807815,477.208203102326,545.823356870776,609.390723676694,507.916506862721,545.529998114382,608.220636591841,304.383411486808,614.070700460958,54.1384106221447,297.513365816051,442.509782027365,13.2640195829743,158.063826041005,29.2605444829051,656.596108457288,727.320984126333,509.348348774457,610.597371585844,686.244705034315,711.399682083942,1243.5318830985,944.956189501054,730.509570358562,1300.04323285351,966.765086249131
1159.75477182701,757.444629152885,1154.10193627228,946.262368449138,502.765519125302,921.49200696047,1101.44326622647,779.659255162561,996.647888523409,1103.52620319262,535.15562653346,930.045728420041,1011.22793717059,830.270964945804,835.530752417816,734.001848741374,605.371359891527,882.132832495867,894.691779623964,750.532411630747,1032.57649424509,651.143427478663,885.086660825955,1029.53223359431,715.885220309154,888.580618602116,555.184873739997,642.038237943444,812.764937838806,567.58176638547,655.357844098324,737.858156830227,737.519080540397,457.16387533159,576.521492136581,659.329346633327,693.174870969658,711.580998368546,497.01539309403,592.629215743856,635.030333979424,686.284812145648,604.274870939679,648.397834482735,684.030007598824,300.430346078454,577.659900452096,-93.2384788726893,85.3984523892649,480.900177621878,-242.483190532208,191.764005193508,-72.3333952808243,204.979845955605,589.116712836436,404.852493800297,239.72177029101,761.362979373071,623.625029364758,878.77912195118,1067.7807824426,992.834342923161,1140.79395515538,1360.94127990862
976.557274605375,585.176331158315,998.32730832445,736.141536377216,412.83177454212,767.401406779046,946.88353007755,688.330508563798,818.337024346526,982.998284187236,535.803686890859,756.223021573362,900.439947268892,836.322607866516,864.468483313501,831.477329050831,700.129282885943,946.230123897343,1014.7292987358,859.446783313984,1203.15595607807,767.268828254006,1071.40583076565,1175.62201228145,878.693011866761,1067.82723439239,651.83162936967,789.262652836149,901.687370157801,656.915535549437,748.250203571512,792.037794972958,787.70992984509,517.623036596407,648.884791421384,729.58264500652,754.853923386194,762.916559998418,556.563193191454,659.101701123998,694.148509509712,732.106023047983,662.456625766428,718.906529690019,737.404586086558,282.963381104283,556.023766907868,-136.062263248661,-50.1427268251719,543.932541780671,-254.380425347481,182.951270928727,8.87798736812164,-273.578332761756,194.876578448621,331.786078581071,-110.203497064605,672.1031957378,490.763321718494,308.219613121041,902.616851371042,1085.3266384407,871.952339035058,1601.17287785689
744.261819444035,470.539824387389,783.7465095187,538.620667456333,409.484795080775,482.369253388512,685.694661810182,622.667172916299,522.748157624163,781.572866883378,582.724094933825,389.851172097937,688.84312961051,820.9208274892,677.470068895716,799.732032068136,641.885775748099,773.014108201051,983.338180765799,769.734431469043,1095.94620789219,724.383397297844,1020.68098562967,1075.53789517909,872.846977045389,1086.42264716981,645.875672274978,835.354364778523,919.760311302901,666.533917826847,774.045263245535,823.771636585958,863.033741860738,520.39956385864,671.583754822409,758.861086808625,801.228853443932,834.794753059227,558.627014907778,678.909930741377,748.393014714205,787.246875864615,698.992107129883,776.179468423171,796.465810044408,321.803115582985,668.000810357579,42.1756985556258,100.986701816965,654.581879554092,-6.04944803949127,177.17631716055,188.324204382917,-355.628710340989,-132.515254406415,393.618437252407,-176.441997925447,584.89460748589,319.335538244691,-164.778844360037,557.688237470035,988.522203405519,551.463455471057,1544.41783795054
511.411373125169,440.486649990375,617.388080008628,398.164989427221,469.153364579142,243.202213182816,424.934054998564,574.408382583657,264.181022489513,601.841245258917,603.800995884675,53.8112513013102,486.935583745531,785.980281001601,430.633642407685,707.525939525312,526.205275215743,537.945536044816,853.39043955342,597.065648684987,816.055774718265,557.964840524878,782.325008766793,739.225086532256,684.49096405187,862.497503696394,547.64263270102,714.539455029528,779.307542862825,575.433766813499,679.307426787253,750.464510079971,836.167827826539,456.639984469658,604.296890389205,686.962587544351,750.508460487232,818.735701188242,493.254149603234,609.889163104054,707.170824818942,752.656670493583,640.047546232186,727.103238075631,753.737895124206,349.68651342059,776.408404016526,270.407623846807,360.306354071538,721.638324768156,186.458154273288,201.863001755293,176.095691962657,-156.047330486676,-137.121672508608,459.2292376023,-174.274376118063,515.293514352914,-16.2538206440515,-522.7190689284,204.756460485819,695.403466302158,83.328643755734,1158.58720158016
273.18072106746,397.309186964544,430.388139774315,258.078749889681,484.817673811925,120.093843770617,200.375462463097,493.773502295441,107.092124668707,445.348526856748,555.394534886016,-89.5212498174088,330.192327310585,691.527405604999,296.161160025987,655.734698927722,463.410218283594,462.892765465624,743.876879945768,498.703253948572,622.846637741607,395.895269013649,540.581333017561,429.870961301858,394.386168134,539.550588972942,388.489557635354,453.276047213378,495.013102022503,389.382765921837,456.647204258964,528.863070998966,635.706435652198,329.150056492503,428.678466212295,487.446203624498,557.54125022768,645.66959203903,361.805611706091,434.332701515129,514.595537749742,563.866984520727,449.808330742074,526.818190663137,549.842097812372,244.474307099145,687.883526427658,293.494467113433,434.79603404151,627.217385018203,67.5444593932365,185.611486770948,-161.611989161708,-110.144430272141,-22.774050038041,291.640410639738,-423.510352400562,257.585089995689,-517.847604722474,-889.46033097306,-179.192108286114,166.348915787007,-524.686613939112,416.733700582846
91.6987793007014,337.059958087673,218.758426786242,137.23016060129,457.838192081803,76.1027458018235,55.9364565708376,396.071676062122,31.8634402864304,296.942751221895,472.382658074649,-93.9201335203173,205.255793433273,502.793908323075,234.957062942125,589.203639860023,430.389820385687,488.822143709248,612.622776501977,447.024369177341,567.910434829235,269.920209781024,363.874450863842,341.537157990896,83.7086952212067,278.879966370955,189.928051970711,127.667490419741,211.831506058049,149.906493385337,175.23041571084,252.820819718982,373.765722553081,166.418529320921,194.56993208631,234.551208209554,303.716545678507,410.684386598104,187.669506233621,204.504359207943,258.63193334862,311.894050939923,207.975160881868,269.163606423216,284.471335037637,71.805963628729,390.194307903107,181.042659820661,316.879413924038,346.98630205288,-188.031258122488,51.6647267925529,-541.781010793762,-265.574159952612,-88.5522035412136,-109.66377566394,-749.01342613414,-185.004371038016,-895.963792714397,-1137.0313730881,-572.574378609261,-466.804321263745,-967.892454350384,-480.143041448238
38.1474170624839,330.997399898948,85.0783634180579,98.9990827035428,441.071907453513,44.8731711632343,9.79685448078547,303.792532934653,-19.4810847533006,156.037807838232,349.654175550352,-135.925648435802,71.9970264403255,216.009918445511,52.5038801858578,321.343878720798,288.691656445389,323.375661825913,256.240989171457,253.158317050282,377.29899069215,76.3107700828973,121.534401885602,223.843260133169,-198.990086073519,-26.8429851394797,-20.7311872326977,-189.285674911208,-58.0566766680835,-77.7392051969069,-98.223455311991,-5.92802104347745,141.743860476938,7.77782408452436,-30.0794379896185,-3.42822418409482,67.8319064238907,206.205176458496,8.16470800603719,-13.4212875350349,43.0763621556528,99.6471916602698,8.01284106516229,56.2927389142965,67.1088706955252,-26.3958027102381,61.7405101742373,145.892015578348,201.314073275647,-23.376154480432,-264.340467776907,-129.318796507846,-618.762840246677,-363.424001763143,-263.079895389407,-434.786285862869,-803.14370028963,-502.419326359604,-917.794018197332,-1078.71043159823,-784.950126866918,-898.624300788137,-1001.00068873748,-1125.20759185054
80.6580725780873,369.144682691037,34.6400278253582,127.270677791533,400.386772196194,-11.0493468953253,8.04867693027992,199.780241326997,-90.4235866720402,18.9099068461677,135.504870560394,-279.431132962473,-98.411201565524,-117.511683119293,-295.894956248973,-169.369745521613,10.2318505701616,-108.523606949363,-332.602376008253,-118.54797352422,-92.305636625837,-203.093752657278,-243.386539473715,-211.750707404736,-393.381659461103,-472.402425048876,-186.775252950497,-410.464436673923,-411.734912884291,-228.861211561094,-326.938076301995,-275.09716488256,-113.286700009826,-109.614526071152,-200.942647445325,-219.797480239257,-160.228196903608,-5.36844148156786,-131.364698403971,-184.503653165951,-132.689549490679,-85.6037078446863,-137.84944921733,-107.105168360215,-109.369021380725,-77.5168722959838,-137.800597179236,152.635770345517,132.984432220071,-343.985693737937,-164.309790603376,-266.074370630876,-432.796140080089,-363.774951397377,-379.409455894379,-519.530140371579,-634.40926070304,-608.435368938703,-718.781257776721,-846.331921263836,-828.094654760948,-1071.29359317802,-791.154726740987,-1431.45570879541
66.0159661386263,318.332954231407,-90.9211330876451,92.4948931108132,228.529540629404,-125.544488294756,-56.7566500415648,26.57685360467,-212.421248187408,-158.393950399213,-183.739043444565,-456.174889320559,-305.193408523716,-452.392406739897,-637.00795850714,-668.233823050617,-239.832952710878,-549.031884412133,-864.942774112594,-451.47888314053,-592.303461370831,-433.044524334052,-583.863872522255,-749.892687766161,-486.74816198027,-857.020702078225,-295.264916539123,-506.210861127079,-784.024884495199,-312.497415676568,-499.488382898754,-564.96715114441,-455.164915668987,-192.864578136707,-328.309803014624,-427.841264858998,-420.946065885407,-310.815495391027,-231.711885867724,-329.240030555207,-333.065475987752,-325.192515056329,-290.735412150374,-289.723988191524,-332.264641526558,-240.864373244373,-275.687459032855,3.72379625295379,-41.9980088902675,-547.971979994789,-157.620119006173,-430.032705334225,-303.521933610203,-447.864292973624,-543.054619142683,-584.96398399161,-530.700121515862,-778.911938812206,-587.149091378172,-745.733388528506,-960.887713367988,-1228.59377774417,-698.935295061978,-1673.1583095457
-123.215255387257,70.0468797728507,-368.864364913195,-112.53821260861,-111.34048177459,-320.469521506129,-250.980843450348,-256.815928926362,-400.085487855031,-411.473333459447,-548.724101736658,-616.585107035468,-525.560990325597,-763.173378596692,-828.510785225391,-979.188438634874,-329.220695150799,-777.095459301698,-1102.91824251984,-572.542275952738,-841.868732672079,-536.066648743709,-766.498256603131,-1001.90080863453,-549.34727247917,-993.558422297237,-394.294408233737,-547.300124936748,-981.30481463993,-395.003949138224,-622.205033818503,-792.30765585784,-800.827380397361,-277.620834597077,-447.162579129446,-611.380725146059,-685.41842325255,-686.167598388111,-331.186430783971,-480.677406388513,-564.31101831236,-624.435851656407,-478.902058773711,-517.511972002808,-629.561282063005,-540.02794390257,-520.846465457358,-309.099928231483,-380.673971348187,-677.028014294356,-351.600273161575,-674.082284897008,-374.538102878542,-647.015110229357,-827.657895524855,-765.138888219743,-573.427359916724,-1065.84925149924,-599.033835227938,-837.302415574035,-1188.6157545889,-1383.06598995316,-825.081290056741,-1861.82271965494
-403.736133227607,-291.197453502981,-650.556113698442,-409.236673385573,-482.089870992021,-533.015252961808,-502.741868332775,-565.080608359386,-601.953163336809,-658.418327672956,-816.239120447586,-751.140472568762,-708.450195864552,-957.680053569727,-907.136513987021,-1095.09082742086,-357.323249716773,-856.848357957578,-1098.75295188293,-599.401277521651,-902.652421060733,-609.478544602864,-855.946601496232,-1033.46137586142,-641.929217734586,-1014.50412806743,-494.554367290774,-602.488997356605,-972.120176339594,-486.571940860716,-696.263991018095,-873.531822100169,-976.450693234132,-355.672084469127,-543.088817874439,-720.103983379686,-846.198301008923,-955.884754465072,-420.726734603016,-605.680337483207,-735.846823393739,-853.138641723912,-631.603611578134,-704.425288388596,-881.31222899622,-749.08005968636,-817.860416572089,-543.064997557135,-669.807148045857,-765.789168535055,-532.94195438083,-826.378922945627,-479.380235832062,-761.665338279712,-990.862256763916,-825.488294861645,-605.189715680878,-1137.50625755244,-610.487203022821,-879.743516036286,-1191.8501715668,-1239.31757598172,-951.608643366859,-1678.00650801053
-602.178791718904,-569.231616132981,-828.185273961156,-619.630441175718,-692.377513442755,-654.63842369338,-666.191272867666,-739.446277530562,-722.64492662184,-769.660243357771,-854.391694588842,-827.1229626165,-801.505750254613,-951.782337566602,-972.238193816508,-1137.88612993796,-489.372619276341,-986.276586620235,-1075.20416863506,-751.686468752292,-1065.28064822071,-730.229461383921,-1010.44307851393,-1226.31659947495,-737.249574159351,-1149.57383479525,-543.52049818245,-677.417054076406,-932.844874633777,-534.944140059383,-727.092148366243,-843.817264288358,-943.146132063342,-390.755035493493,-578.249562900902,-734.186202445109,-850.839622622504,-987.704372701019,-458.619729079953,-646.830988709549,-771.650502991854,-897.053963563907,-672.74056923843,-756.936536207921,-944.547145288565,-675.973482207721,-935.084396743319,-522.549364756799,-689.496648169614,-776.654679517508,-504.082627494188,-745.184786046549,-460.48010671766,-657.744478419814,-885.716557961433,-621.941030607935,-514.860112193044,-902.924715208077,-531.503596328011,-698.04063138791,-879.348317642901,-790.263496380494,-890.323859018707,-1116.32448123674
-666.670314203513,-685.548389240136,-988.769217348787,-686.194329991784,-715.338621105837,-650.457964601634,-690.069800862078,-750.563601162443,-721.987249871572,-751.524553644207,-728.917566408498,-807.160832511476,-808.91549660854,-838.319250712129,-1021.62028789551,-1206.26011469808,-658.869336079033,-1209.59424953869,-1180.35956147789,-987.885386716389,-1447.70616620557,-759.010016701406,-1240.90269056916,-1623.87581218157,-725.388602728028,-1369.07290227589,-489.165372936161,-725.849949527937,-963.378582880812,-503.306221732674,-719.366769237984,-799.093452229422,-855.476288240829,-371.00657224761,-550.712400331956,-689.598006064195,-775.237691573518,-872.569243020113,-436.721522640528,-608.044042398258,-698.610293306763,-801.105848495271,-610.191401675113,-686.040865495221,-829.463420480845,-421.142673319768,-842.35701189902,-340.035371327508,-522.861833213736,-724.402678673016,-335.984368629338,-582.206754920251,-365.325681752853,-441.903782467007,-739.368698547953,-396.454383801605,-373.28015301043,-704.164057412206,-436.630625737911,-413.315168104798,-555.926259006513,-434.374053548446,-703.453491549215,-596.585304512445
-671.243837818524,-720.967211060392,-1102.9024420566,-695.198385835974,-694.860181513895,-586.243460973782,-660.803990619963,-734.437502818149,-659.697077816028,-734.8599466573,-680.388983938783,-706.735414249661,-789.089585570535,-811.120603470216,-969.859553410606,-1279.30312968328,-646.53966160058,-1354.67996795462,-1355.81877245292,-1035.3839374365,-1809.74273201229,-513.993849991169,-1343.97076198101,-1839.82675159808,-508.189516029312,-1400.49966120507,-320.554390373751,-651.476010266027,-930.419629939959,-384.423627707613,-635.125026410562,-748.017110882212,-846.28283213538,-295.632850191611,-464.094868613102,-606.028351091779,-701.016379640726,-786.592246466135,-361.51430682759,-519.136248575575,-585.143686840705,-681.793217019314,-493.062998564903,-561.030488785209,-662.613929296233,-172.640883737621,-716.471903779808,-137.244155503332,-379.941798291255,-675.757579018938,-152.300738562278,-505.594128263427,-254.537376208925,-254.684374064492,-695.598156714401,-359.028007050448,-263.477306677903,-681.787804998059,-384.285115622744,-212.617874275363,-415.514577914454,-352.405022891485,-538.219753113118,-353.338380478189
-671.42009640745,-742.144579680858,-882.171343818002,-708.559743032577,-721.015967163056,-533.988172468499,-654.23991161222,-777.646460526169,-602.119492491624,-766.709546421738,-801.401040412415,-571.947608212374,-758.255845855753,-892.550198176435,-782.847443950729,-1234.08155410875,-402.43977161487,-1217.65989103031,-1359.89283893083,-730.477102030576,-1715.43251197635,-39.5931891346491,-1043.71783334741,-1526.70127475738,-83.5189175233871,-990.231823229235,-62.1081265181406,-351.277561159527,-634.741681142445,-169.633825468584,-401.151487361704,-590.271269101411,-844.722637677072,-155.941399862083,-288.62549764,-436.604149045207,-590.748418148569,-738.076759687051,-219.907784040976,-358.379678197741,-442.044180696579,-565.685980811432,-341.631827792126,-410.838521727612,-513.162216608632,46.674612179158,-576.38609464623,101.700869098263,-241.894864408186,-547.500746646196,75.53008002392,-391.672457044907,-68.8140023900709,-63.1046098028551,-532.43695683304,-335.386807815908,-122.127465621271,-529.804916189651,-294.049758266246,-70.6609900340634,-275.53533578612,-259.229937665223,-404.297507945,-194.680828591659
-622.680315490324,-681.403129702149,-228.643198100234,-656.558863114115,-682.62087340707,-475.663557987605,-601.438575180611,-756.239133792408,-509.575070589283,-708.257009363973,-843.203628962505,-414.361967437392,-626.177192871433,-850.438663176667,-515.332343443113,-941.492688248437,-116.615606697476,-755.858062303137,-940.50353234135,-199.940546257747,-921.537555734658,410.743731612443,-265.275225763221,-628.317612269179,420.259621607444,-108.640668189391,202.664067791991,148.404676349986,-24.9526051239834,107.018298681812,-2.86198708534855,-239.933422103131,-672.92256365565,16.7077202533795,-24.2987665861877,-138.935129150857,-352.716360341436,-590.031806149546,-29.2140886079836,-104.100758006176,-232.470499720961,-385.566227404858,-150.35649170986,-215.304507404858,-338.690515810964,240.389591544206,-305.586491063497,365.13923179405,12.0597790147678,-189.684895501289,331.26232502532,-85.841687581686,186.179396862718,188.2460438956,-122.150613342787,-80.0642295640434,111.216723750721,-91.6922844418246,-87.6042403977075,136.446244551989,28.3841771206359,76.4336315061443,-221.226448695786,73.7230802486634
-427.763998899314,-420.539837071207,449.722888127737,-416.678286185581,-411.382498703343,-326.550418222475,-370.404916037263,-479.724115872108,-284.816115149268,-395.53802384295,-501.967596163631,-214.251130244035,-295.718484156379,-454.004821374383,-239.400546400747,-395.507243514342,6.40646779930436,-140.342000482406,-135.699654731755,255.009666808348,222.697376789131,595.529312070937,636.196699065712,538.169441594938,770.107037631814,938.759422194024,338.451345639007,630.460939338469,731.214063166027,331.433028379932,448.55022064188,259.68785233017,-257.7276369306,142.886130734306,245.509026249915,235.348950073499,23.184189611001,-263.555425860263,142.310027309952,182.789353317085,54.7052195049868,-90.061666865084,80.3389548150434,42.1021172232642,-78.221251153675,314.918109384091,41.6503893566573,470.969409666314,309.651871596439,327.182666730163,437.075542864589,313.159846644732,369.547158695264,417.586015771943,307.650838090815,356.283617170848,365.707593491849,377.112118275075,204.388518346073,425.777557334501,374.000275129091,498.899104584007,54.5801523962631,377.908528564381
-65.0488682043203,29.2889981600871,695.233593069313,3.185963307772,54.8967083095885,-62.0864599760235,20.8019473800325,23.4908596529508,57.6155044296428,109.051302721155,154.957520161545,11.1873140278705,164.945334092391,217.575997448131,-5.8063134441994,212.391662558973,-34.5872155423582,375.964389813503,610.992013957206,463.294022436215,967.069445990698,508.772799824598,1137.85069629661,1327.44218358172,833.180192696894,1649.78810165993,305.128383959502,883.544011951076,1323.09523860808,427.758003817659,789.803681076172,738.511482587678,289.713599068902,193.282736840502,435.503799524458,568.352339478735,437.967591122728,179.828228331611,256.839653902727,415.132036492346,374.118517234603,281.050079064046,326.49334575224,333.897698717309,253.755862762525,276.963424076195,319.935544308385,372.600488944082,536.519183175564,759.999732545588,371.062386681975,658.614212060011,445.473187140766,596.816335260637,600.584404546864,748.979703957566,617.089222880774,687.255410956747,536.271389885136,782.337239132991,637.029553095461,775.1783125705,444.561812689209,592.929367009391
320.810731792599,473.98681112637,562.009013179107,395.470416311426,472.24676776612,203.832630787481,341.022166200694,476.470608368417,331.575309252684,496.181394984167,735.207379818848,174.768378023348,516.219935336774,804.59658439221,151.0334939394,636.695314771975,-72.9331114500449,688.665797247853,866.451233256331,549.48925502272,1009.13788942344,394.214195976579,1157.30592103671,1360.42747357684,754.058947401437,1794.55020183091,243.563266779157,938.938974198939,1523.04312317673,460.464092161272,947.5672557756,1012.88187116749,745.652267786021,227.481365302261,546.165258479898,773.570551964628,752.74852688623,587.699484686235,342.278774098631,565.920969587544,635.924130971291,605.884222273369,534.272742193566,587.166566813823,558.13795832416,293.890633382503,525.157864290187,344.32608842756,724.909689710844,953.234261358755,398.746757425175,921.600814277633,538.903771036912,842.344428549074,863.238170819205,939.911893757167,917.607585871515,915.050695498168,863.002257415363,1208.57210697888,886.69775046755,881.200011939398,916.029083857767,737.243945433309
534.947017061891,716.693031279137,421.515383328672,558.244353690316,681.599673479466,325.764620226321,386.536350268847,658.446951901614,367.595141464208,533.681707992022,991.913068493082,195.514801825302,582.746417571079,1040.26994375394,233.381821489794,832.150927693816,11.1765543040698,889.523782956722,737.713875558322,712.104709796482,847.928664573279,474.191911042375,1123.18435912633,1039.28441506299,784.998024698863,1671.04489754086,322.07148527221,996.871951861807,1407.4381252508,539.812261928519,989.341562208683,1047.96517424156,954.479891866213,308.569546381349,632.433761180726,856.245850130197,896.160472447877,831.860886946359,435.067903625618,662.464840403435,772.314535855264,784.680682413314,660.720844005728,744.506509888549,745.184669018713,421.928006585622,737.741247120634,559.017890625388,895.881652245798,943.072578185382,643.937472404874,1062.17648966653,679.224312022103,1125.45220446607,1106.24380772066,912.730535141788,1154.24726668825,1086.20866643754,1053.88439189463,1563.64027904753,1176.38873590039,913.653306872463,1284.34800838024,895.732447755636
550.26354524545,754.678558381207,400.868008578319,530.583671545746,748.136007302508,301.008796876293,247.494443636864,625.673865368008,228.865261211336,346.347325158839,1022.46590106471,98.2886083831113,448.426566310168,982.344339464684,262.113989007116,913.456653206849,177.164183341698,1039.82883620884,684.177238415569,930.664827906327,1023.25920635883,716.393308959137,1328.44022930633,1036.18966225505,977.556742512729,1665.6428755447,540.352039522297,1126.7489782946,1259.68848518845,673.586627847058,1008.6671112213,988.786289208026,973.67547026717,425.335670127847,712.84250934025,878.666211569497,918.600579010546,913.266971572436,526.291613686614,729.25767979789,805.622471313969,834.18143096982,713.31534136638,814.797120232658,818.537214068855,501.164655050713,953.286802070857,760.848569136316,942.520538174356,863.100361824247,844.760379340442,1007.79727347405,731.70425354853,1183.97674506866,1132.33404538337,753.879018813724,1098.97192456678,1069.1891990781,977.596183944557,1566.87227488373,1375.08305587893,923.411158101785,1318.32682301741,1082.80933000218
504.332387259148,726.18569834821,345.086857030064,500.828753520726,784.473836631017,256.78549326172,190.281861714381,577.864995850251,133.064193846349,240.646175116316,994.993021258143,-5.86039989834904,330.960609940541,839.236077058995,226.943452434988,892.823653521504,330.862088236259,1048.82587171419,850.670167699265,1040.10620714553,1388.34929907722,939.065818727413,1538.54453772061,1431.66564130072,1150.68486659065,1707.78959761616,743.248581222269,1167.86999212662,1206.09588497863,761.291521464592,986.850627936847,970.466849447299,985.825590967228,509.170808275553,740.004492184176,870.25000484994,912.987059240701,932.641527947082,569.780540385724,750.612856645985,800.855180882133,838.11178568192,717.67896955174,832.500018278394,831.62064947464,400.367970343592,1022.65718041033,636.604551876618,728.080892999621,758.847954915225,741.918605063185,743.29368061583,597.739183307905,862.095618244831,835.915682919245,503.469765778429,711.281808148151,786.80381145507,637.884420341164,1067.2358988506,1284.02119754237,854.597369847843,954.843615300226,1195.77570483005
491.034705142305,707.930176271018,204.653751437863,542.065449252405,799.426517099534,268.012495925835,304.769922118443,608.908403717355,181.091642641825,323.748050935217,935.090861573951,-44.6225762720815,319.971883306865,722.946558496996,108.910417876168,677.568548730064,444.206211775226,853.289486334884,958.2901108942,984.48183280135,1452.81077301376,1022.49214000854,1415.72519935828,1722.72738964053,1120.30578350419,1455.58480640471,793.640570367978,963.605478851315,1070.99727609581,710.753855691582,832.33296775188,946.984804038573,1070.40769999679,503.57139339534,660.890094206616,792.791420020661,895.147873528495,959.573157958763,530.933045105092,685.764547230024,762.902653831767,827.449083175097,665.95457123858,791.198664385088,800.015188157021,183.521859889741,790.259477178923,251.869750247504,252.921376541718,552.651956065867,408.906316004665,327.448663942486,306.685755601421,320.541902373445,362.774414111527,139.454930665651,170.966345443512,347.082349512737,140.691144676285,252.973519190275,872.432510769274,635.696267995045,345.618097676636,1119.13301170326
480.509411597314,654.678492815221,126.925693188146,573.087639061251,755.794677006483,289.420893165851,442.119572722157,647.73355691967,282.254882550388,447.140255478062,821.728084671389,-44.2874569991699,346.238746394821,621.565086274878,-60.9052012416177,304.768721113464,497.265314697503,554.041414664485,811.161782853671,819.426123329693,1110.14164680236,932.896182170339,1006.42627938307,1556.64707602902,880.811151712857,887.050973552144,688.215093931271,593.278343814586,687.58807505845,540.099007218931,545.102588994075,788.965871017714,1133.86273036762,415.117576550404,489.127602414371,614.307797073361,809.492127806044,971.875313934334,420.688833412785,529.817464571713,652.685703671784,767.124743461544,540.233397985968,668.121129262637,710.077241418768,-4.6989639376918,374.780288577703,-98.9203985018281,-218.593522728104,283.381003128834,61.7268105630207,-38.011816497588,-17.5532588244695,-128.727510541925,17.6267673690468,-172.189575705333,-273.080684472456,26.1275531369838,-317.850822295168,-418.172451879368,409.447454422381,384.287122932231,-212.761404548969,922.675165122528
416.980981557868,505.312373291872,167.640677888765,514.398573316744,641.967389516038,267.180999877308,459.157798428286,589.127452583835,321.218900015081,457.925440078778,674.137609099679,-51.9231680786124,333.45768816504,491.479109222709,-208.237784097067,-42.6459828981283,436.677829394606,291.377357600674,523.295336362885,583.976903476506,666.156967664482,694.077291834604,585.458308970586,1092.4076477319,569.993875355094,351.698063277138,517.861639355952,276.635302832923,207.326596776792,352.911964820434,257.241510175507,501.409215952792,1045.17807323072,303.988209893014,302.314509257996,388.333583423576,635.468026149502,910.251956272179,290.901917840233,346.676016819756,484.526198352693,640.57780777792,376.874995528459,498.693713002751,580.85421559248,-141.640869662036,112.190641876647,-361.117966658436,-369.345940127645,192.166344208304,-277.363969352233,-54.4583577755611,-253.476102572965,-341.4939640649,42.2825141976613,-85.3199540881065,-462.60197919839,106.54518188266,-513.566048414296,-617.385266523503,249.822261801694,357.620416968295,-460.773989175003,822.850874626607
264.672753258433,249.292197187826,160.425952754714,345.683466724767,435.654762144796,197.898977708256,340.234838138457,397.914160542576,265.74719892267,334.058622311595,471.012733251133,-68.967440730237,251.011605323153,304.556258113906,-285.433513299051,-264.333355255593,274.868230236098,100.456153045261,252.960570997866,328.971830261818,364.027959214723,408.096870572537,299.190841252737,638.685485580412,313.42875730393,86.1298807104529,352.256243728671,106.421686580376,-93.6350703574278,212.901974622511,77.6159924158147,223.918845085591,767.428453196661,215.900108630042,159.353260972794,198.891492304888,414.391928390216,735.954105374921,188.148362147237,201.000947138659,308.720417394724,465.176711666482,228.041245604691,336.93803313979,434.173447617,-348.514726087843,77.853889078684,-774.052182605099,-254.464066014881,342.739910747111,-745.756086861004,281.309431140813,-439.115364590795,-471.146652582603,329.973743449738,410.862620631841,-502.327319378386,520.992906156564,-478.554868324024,-496.685018746721,399.750110687162,528.090028687784,-441.029734885833,830.745283242308
-0.99027040232167,-92.7206458407244,-34.9518364269657,64.5756261107087,104.117299730394,72.0904318552829,114.527524826977,95.9775084528612,122.274981658632,104.694738034477,150.884227836134,-97.1402470463365,76.999863073769,43.4027135291112,-313.45218727757,-397.007440930605,83.0234487873807,-49.2228093753424,42.404294425817,136.308317592738,218.165599690087,173.507388404918,150.403807831354,314.550083188978,141.315345951976,10.0321725624866,196.484286236062,9.08875203617818,-177.698115917985,93.5657652453091,-23.8402739849701,33.277032138038,378.467418698027,133.84339768488,42.8407486048816,51.4731430546742,176.6690448541,444.342746812221,100.457079771513,78.2987433685389,119.922637286171,234.174862826472,72.9964344210874,157.304464961189,229.530880490558,-608.507664574788,20.8774941776625,-1269.67318813621,-169.134028210672,437.342774635233,-1208.23221883556,564.892311114835,-659.259696078205,-643.341735287324,496.417878344089,800.41551488777,-606.08960851637,782.527326456265,-489.156301501992,-442.242803722018,483.893231544496,481.634855931427,-445.55125401142,651.998408589142
-332.006891643381,-449.198804602753,-316.706913133501,-275.589173238597,-286.533949887278,-124.006433583304,-176.947175404163,-244.03136760914,-91.7751849068255,-194.811858273036,-232.628444688495,-169.671713395446,-183.319231782655,-279.421571202188,-338.307851608714,-471.113381818885,-119.238756058577,-178.558208307862,-108.379948674994,8.13393837394104,153.363620217263,-23.9187588905931,89.3686936402059,115.438636264577,10.0256783493088,-47.6251998708573,36.4650935117289,-97.5892813913991,-217.049984140592,-47.3395797609283,-137.689620272553,-127.897003608996,0.885829997344594,15.2731437082656,-95.0206548361144,-111.534328350377,-79.5267261664378,77.6724128923296,-19.9458276554226,-75.0967266073397,-109.352961045847,-58.6705797369467,-126.612510628334,-88.3840117169649,-65.2592550832349,-653.008642958773,-136.265603252345,-1314.44375353376,-127.435690719862,281.334854365076,-1244.72251655461,549.695053613365,-789.153497780741,-697.664081870163,377.28910160705,715.439325256233,-732.818297454959,570.472880872925,-615.342703681975,-572.787406144695,223.519904093783,35.0487690345325,-624.542789537188,129.845453967661
-568.058188801623,-667.574519637528,-476.451356744816,-518.91514424073,-547.954002374667,-314.192711320773,-423.796844580924,-484.985482553672,-294.950362802079,-468.834088911006,-498.182281619064,-253.29931223584,-442.89274553069,-581.148550538061,-320.838415182749,-463.336888841585,-292.047272327117,-271.371236015608,-200.545284066092,-99.674236402333,86.3483669165527,-194.624355232264,33.3299445207008,17.6988908464348,-112.225623171217,-154.560787688502,-97.9633059157913,-209.732821885227,-304.389670163882,-176.059839210399,-265.681451741249,-286.724308631207,-254.758639725203,-109.822341323856,-226.938483316995,-275.981198654738,-300.048343003889,-236.430150172277,-148.862427225827,-228.926346498715,-308.502838158094,-315.267798930903,-298.237581522275,-321.14887559481,-341.122899557804,-353.510447287379,-197.875319374263,-788.447666223494,43.8232102025196,95.3375419597322,-788.318638800041,460.337994285803,-619.012717382655,-510.187620251924,199.536970330759,460.343387412113,-647.365669064095,185.451931289983,-586.62315754047,-692.763930674077,-222.98700549056,-352.275837939542,-791.590661697909,-420.37927492471
-601.713404979968,-667.946595778144,-468.246882128261,-569.312955664502,-593.509371190017,-373.184230862966,-527.188720373383,-563.171233351132,-384.679827970093,-627.801065062228,-593.616605218669,-229.511849624113,-587.380455637848,-791.027082668386,-146.835106433101,-358.285491505599,-311.408277089281,-258.600285470119,-238.781233762863,-140.140962575818,-19.4396831539566,-228.451193821783,-47.8546124065104,-36.5244547646142,-181.54804604676,-263.107411313096,-143.631271857614,-258.954757008487,-367.418954921781,-212.854503686928,-318.194836163241,-356.795298776679,-321.504408141257,-151.060093409812,-266.877323937996,-343.367810979662,-380.164036661039,-354.83007145048,-197.282196820723,-285.154236151115,-368.431099478329,-400.781339911483,-341.58379485848,-407.06323042687,-446.062746770009,79.2468208296315,-168.011677204738,-261.343855289343,220.100210188684,77.4245539378253,-236.822252256201,492.131934538888,-160.033950305753,-250.725781782294,151.617212370414,434.140428460285,-311.430159428783,68.6151543215991,-229.565062308569,-637.078084900421,-501.438346024918,-232.169119794466,-705.355410352842,-605.843549642611
-551.485700548637,-589.535089174983,-427.945852102708,-545.356606516913,-575.562215647373,-304.997168359141,-537.578408998776,-596.611023722009,-364.086970658816,-699.272373986975,-687.953765549255,-72.7993217506589,-592.985916313218,-940.138305532869,159.004368553019,-189.845868817756,-173.397158113977,-114.067377422526,-235.967572986035,-75.0930885555906,-124.376202304588,-105.390309131797,-109.120609704956,-120.522427663221,-165.497886168039,-305.068818634391,-112.689588490989,-221.986094070282,-347.362262344448,-171.879114547295,-277.331341921773,-317.594108519628,-268.163426131031,-117.268411861215,-228.440396037455,-308.829582133766,-342.096080767254,-323.097885071026,-174.143634430783,-255.916544441035,-337.979696413239,-366.500435840679,-323.962714786561,-391.978514244552,-436.117735104922,443.523330144235,-347.659175770708,-42.1828852008098,92.8136357935474,-14.9490741566308,161.856844520799,420.528370569189,347.923062690894,-123.947507700734,73.662026940487,402.773592737664,29.3453642165422,102.015649905863,218.455330403001,-503.579022960933,-552.49954946209,77.2402926414946,-444.015246553346,-507.340378592135
-573.383119408981,-573.518043521081,-425.626818694303,-560.118750498249,-612.049996402977,-223.118027848298,-522.830804244532,-649.419379602162,-285.269239679238,-694.434303233705,-836.805822501518,102.631132368748,-484.817471377691,-1007.56666181289,374.551552363962,-24.9968396832844,-85.7656139808277,35.439556586018,-224.111045044768,-35.7465835736074,-198.889468604095,-45.4695442649799,-160.144829782919,-259.967833548926,-151.6016952741,-302.856975061511,-117.841423585525,-188.551814564563,-309.865267424277,-169.715615475158,-251.88526041216,-298.304045712974,-274.399624017264,-130.887948993737,-232.795929124321,-300.142773251445,-346.043070426941,-348.744705479365,-194.287005680361,-270.409476797818,-370.371215555275,-401.548490217657,-385.478374850214,-444.619684629257,-500.640002178615,709.555574162575,-793.882013129151,136.897568657805,-291.815068667401,-455.863105104282,477.17864241805,13.0296087067753,684.3940138833,-104.4213190557,-223.897903367505,-74.027985841806,180.061492003179,-132.111003170588,421.757392171629,-463.756239844696,-605.660109461277,-27.0721168890447,-277.642482355636,-491.563684990897
-593.43461963857,-537.863187432285,-367.007249108085,-496.897410191738,-588.021604453907,-154.096235188417,-401.259769431585,-565.625792324436,-122.237632211135,-498.065851835213,-830.101041223271,226.380204866764,-248.738571210679,-835.70441914324,380.649113033193,107.868720248333,-181.40893594598,62.1815944251345,-205.739739951411,-153.56752221556,-258.276242740338,-205.995491018518,-261.500038964822,-398.970437581967,-238.725239607637,-326.123100023275,-220.367073696103,-240.771121916098,-319.348044513538,-254.224646303007,-302.490595071118,-364.085973122532,-387.198023718732,-230.821226742784,-315.025532913534,-368.792773765873,-437.457849125472,-479.160948181933,-285.98997873183,-356.748971347151,-467.108214723855,-520.599867547155,-485.887287814421,-558.424199308517,-631.788246967186,813.866447472787,-1065.02456571088,433.539261241785,-476.727739827195,-945.740332252076,749.351102112349,-446.150203877934,827.01894603657,23.1057338773988,-499.705124298886,-727.31336584337,253.731687833965,-528.724875616309,409.493213370983,-418.775103349,-669.88263854612,-474.112589355178,-227.125304849803,-625.761225310839
-452.384447869076,-367.181101978752,-195.80612551331,-236.016439849089,-405.230707153177,-40.9808278910609,-117.25733033393,-252.903686972182,125.25972603054,-87.1809594005931,-529.657968632419,321.600417411466,78.3647020143282,-374.443750870061,350.078707358421,266.141200313149,-305.824510618459,60.6148500319241,-87.4401445136876,-308.401300321427,-247.793559113266,-415.547480136909,-346.063483791705,-405.369393039772,-357.079710086351,-331.684784962593,-329.093491637417,-306.063180806171,-302.296566560337,-324.6943193982,-326.579771624412,-382.49030984149,-426.132625365433,-300.235866559425,-356.592618076052,-388.592065926414,-454.649015813295,-511.95274235533,-334.971726111708,-377.726507332077,-466.0132667542,-524.194926113695,-456.924807057305,-543.666011468037,-619.286135836972,601.876332471545,-771.573033652829,646.404181404946,-183.970220283597,-909.822093153591,851.880356549773,-433.993756697321,812.323773189116,380.16242450985,-309.285045768823,-800.124909964825,436.866568535399,-523.005707176363,455.860331244468,-130.173559148726,-473.867173989812,-648.279009528424,-71.7608925783307,-636.941564387911
-180.662876947137,-111.130462567369,1.13963499873951,107.622116492887,-144.17739615998,75.9218929234782,179.966832451992,135.382081133807,290.703873263991,338.985048699378,-46.724446135491,358.616156991783,335.955700723273,194.457443952508,470.86643846948,500.831753939847,-252.954202609043,203.890336178797,213.767795094617,-288.851217708649,-69.5961546301569,-447.710315345773,-276.50115715191,-197.37537747299,-364.791403371268,-214.897158582232,-334.692631466627,-262.974266882664,-162.662020877652,-281.331269744564,-223.522785362975,-231.536279417557,-251.449086596195,-246.882352213841,-265.435204894494,-253.665611896791,-281.15435299157,-314.23359195431,-258.970982252522,-244.958434603443,-293.019975096235,-315.148411262176,-268.12918472454,-330.610784228429,-379.294283004842,14.4112412765323,-112.469822531941,556.51802511306,284.63049316796,-300.006127991733,620.145939838476,86.4968449752184,548.425643688425,736.566712376954,306.328034693332,-156.531041715879,644.451046514684,5.52655270020824,619.926520639998,348.785280242922,-5.465002130746,-309.959814761909,267.737980925205,-387.594020935085
51.5695583034659,128.052990368534,132.226182328099,344.161009084111,101.198147445608,62.4044846373579,304.80954226227,416.971102116395,191.651131120124,570.492077744307,428.426011085713,253.330984960703,373.128214421345,640.352041711089,658.814090881122,731.750684829659,-63.6566110624389,442.364387752883,577.652306679491,-126.028346325443,203.556681990416,-359.267253896486,-111.436154612687,74.8356362080084,-287.153206289515,-43.48546238846,-269.598697857616,-152.367753952234,11.4663737153375,-179.2486134432,-77.5109771073284,-19.2796362339154,1.19880295429898,-140.867162842877,-123.123599366137,-65.148430038787,-44.9533709734161,-39.2086823900044,-131.162725544019,-66.0758053387205,-77.7162935296171,-55.5334930640063,-68.7910457822366,-81.3928653435965,-81.6382020545762,-660.000390371516,403.630532545083,214.800437506197,477.396243721117,366.540496117976,132.510979781393,609.120149213615,81.3734411087905,765.818073189344,792.856739941537,480.240085202784,707.494979114038,506.040119934465,771.530004219062,754.090565539012,360.346720403011,109.038567993193,693.43267351872,-94.6486356981335
120.7094656088,272.54379415854,148.253032701932,386.541964543726,265.675194621365,-124.377738505574,232.129414547079,510.770424978712,-115.283997329856,551.395304268631,695.080555671835,29.9627864231585,198.999513156854,814.359804587561,707.345472263081,805.429107090757,77.5913640376402,563.516256231838,752.732896160065,-21.7256028817426,352.778787136634,-321.842112821218,-51.3472824081922,133.762095638977,-261.326090419289,-17.1911567863055,-233.265640333599,-116.863773091795,26.2414011015301,-139.653183659135,-42.614871874066,49.6952950185462,97.5704080431188,-96.7824064667375,-69.0275959642229,2.8492829422592,52.1610497646518,83.8083263652783,-71.997144145186,5.14017302070561,21.0962657514875,63.3400482193735,18.1263482694629,39.6987267555959,79.204368635102,-935.86556976172,546.844558021007,-93.6124206917924,345.39100571357,648.753410528347,-218.411579674923,675.474156351066,-197.404639626872,502.009435115182,724.188342567184,383.968381646401,702.628654699005,426.227323614433,921.630588019292,1000.33393775717,306.934299552232,58.308894993322,1142.10922945135,-108.821581519899
26.6364039045873,249.781655673038,15.9381634290892,254.117177306884,270.296794153723,-353.466133367608,79.0240091418166,412.566816376922,-356.678823917813,373.053785131075,614.743320137968,-146.819250776723,-12.6183873090075,694.023770430904,594.492712809291,687.95001865796,118.997376869662,497.57663328378,650.460178984118,-21.5763942867883,297.567404992155,-316.24995870618,-116.830456457052,-70.1281660554696,-288.31527157657,-163.318755700186,-227.35743160855,-163.668730026118,-137.37949339548,-161.593689389559,-115.815135309036,-45.2757709216608,17.9810894284255,-105.443793500902,-102.252406866159,-55.454996238829,1.13149109475126,39.396615408657,-84.1148000478572,-28.263737668324,2.29742360540119,49.7197379240875,14.4108238107966,48.1259920785743,94.9940289648644,-760.185615235911,469.271017458043,-198.361674255043,120.481616768691,508.492987105327,-190.378545062637,232.582494025636,-34.9512553329082,224.397012125769,141.21168129362,-443.22031340341,765.131353447633,-269.135528046247,1136.21733731418,1137.45781403419,-133.2034095903,-511.979786835603,1540.5742442077,-566.94048365837
-116.131777044543,86.6997666726046,-182.800515008801,72.8424575126452,144.003369114467,-444.501874344426,-16.2794133856114,231.754063057216,-345.005257094917,206.198105154134,305.87333247509,-147.182709348827,-82.638369824146,420.647625029307,470.274432547333,493.221390934781,133.90827748875,356.528452557628,401.03776171797,-22.4154181071727,140.80854298806,-243.982505784275,-165.567136631326,-318.537015507315,-270.8434051153,-319.874818881837,-196.583799566423,-189.394237371365,-316.80609281208,-165.56129027062,-186.058152541105,-167.167282107926,-89.0332635979621,-99.5300935417789,-130.983424743395,-127.27296853271,-75.4419114296564,-40.8156597821469,-96.6385567403501,-71.755132350016,-47.0604381157773,2.67195485312125,-21.0722561126417,17.7820251419234,53.2549849237998,-543.285720518899,375.165223921195,-179.260655775602,-45.695364754009,132.492217383703,20.4560735225508,-451.666456419728,305.854756832046,70.7188715329343,-592.289825896636,-1316.46757582389,829.446414695673,-1095.91553693351,1300.52960923102,1142.63711465134,-643.103251409015,-1021.29965274252,1728.54389639412,-1120.29717637964
-184.442311501534,-77.2540452752873,-270.058251278032,-16.9505155885793,29.582958726543,-344.59128277171,-12.3343510008929,115.532947516316,-160.282084035694,145.730327196631,52.4731381567587,-11.7650889583565,-5.81325948559824,191.066335424289,405.543051111875,312.390678549642,142.304170357492,215.524738329158,137.338086987157,-17.9997797651764,-45.8660758745761,-159.331140869942,-181.72931383542,-458.50376307,-220.912527716283,-407.550586477271,-152.134346667505,-180.085686898674,-413.756675850896,-147.212276168071,-220.400935093134,-243.113141182435,-153.929084680134,-86.4420756156071,-136.590975221816,-171.618048258544,-131.849449136242,-99.528299696899,-98.2494243845171,-101.612868539799,-90.6589690452444,-52.1066659176166,-70.7510728774909,-37.3791479239435,-7.32657301890397,-473.341450392159,307.741617978792,-109.132752707547,-122.023091030643,-274.112384035864,127.634689706993,-1002.22065891919,424.784221794473,38.328049077496,-1036.45163222307,-1586.89902762743,789.451441984651,-1458.39012737632,1267.59216611275,1038.0388514717,-867.618445775509,-857.746533631762,1647.84436791189,-1159.689559768
-162.657977000812,-160.044822857615,-205.403753070273,-18.42376150755,-8.26569764384739,-145.39208936278,31.0114474749274,80.8358137738417,20.8629475006448,139.976077915914,-30.3789653906713,135.357611398018,95.5645601017472,82.6525706238719,340.173351836376,139.189439811678,121.984280851657,53.8463876622843,-98.186259318311,-71.2267222237898,-264.184011797159,-152.775429195431,-254.690312260767,-537.968412992089,-202.5767291848,-465.195227755171,-121.636002243827,-177.645426447305,-445.568921696049,-129.043734194985,-233.430847854014,-275.828224538223,-193.212235350381,-81.7241436329279,-133.388767473359,-192.65158669454,-169.580329472022,-132.959208241044,-96.8641882111376,-121.99625317805,-114.232387235855,-96.3046974704102,-96.3319031925505,-80.3573290600182,-47.4013021089495,-415.712025052486,250.886683139045,4.26106279246919,-90.5063936402971,-537.525792012771,51.2050087539525,-1145.3417668862,225.077177422685,117.649513492787,-935.670666815482,-1262.14099404472,661.068454741907,-1179.1284479724,1061.63101006829,980.310995295085,-652.218578645368,-138.072880846762,1452.70980533964,-513.288276659401
-149.114126045919,-228.188391101445,-174.519649351091,-65.9712882948094,-66.9226617360187,5.77580102217294,20.0070394997392,1.45145056494158,95.5169997470902,72.6395997283869,-101.738792499861,193.607158949413,105.29995818491,-14.1173926891717,210.131124949596,-78.7439790300593,79.3823211057901,-157.71632810127,-320.613961179273,-174.695598963847,-505.448664380932,-201.560343037957,-384.539867010624,-656.780361893646,-216.612803936918,-510.361687969134,-110.631099737433,-183.213456152318,-448.196328423958,-109.670755178603,-228.145146020488,-282.325791024834,-233.79946705179,-72.222717740603,-121.223502532746,-189.576115505166,-182.686179364419,-140.130382738685,-86.4941223757601,-124.709721719949,-114.472359487816,-104.09195176064,-84.559785312008,-77.5420676098819,-37.2254065804514,-339.545076280148,194.725341540842,71.9313403589296,14.4950201616974,-600.829713250708,-136.947603734344,-900.402298431718,-114.874401930957,206.672348551149,-441.344695883147,-793.415305690442,454.75088045086,-573.244490283528,734.347044818036,995.013443262847,-122.370757995836,486.558635243042,1253.01825302049,353.290183468235
-229.227481502442,-356.827832357002,-311.029316808585,-228.946512147427,-249.412111019113,16.3506461183982,-96.5034014142655,-213.25452457616,37.6463501839809,-117.280795191577,-338.864599539191,125.400692875179,-25.6753500315964,-242.632749990561,18.8200665266034,-350.775855795736,17.2552115381421,-404.445739936238,-550.796425627967,-292.184047232364,-732.831233628764,-259.217214252719,-500.604813097323,-812.517480290511,-254.859369035566,-518.515752839883,-145.371275426568,-201.182250781889,-436.694970000397,-122.379398656802,-233.68218428455,-301.066428447224,-313.017825596633,-89.0107141750169,-138.10629089705,-200.557176508747,-209.644426121716,-174.725660918608,-101.89767715471,-146.266667371118,-135.565570637506,-123.193228430045,-102.608768612954,-89.6391757395018,-38.4058334512583,-264.099058091031,98.2814448249777,42.7355979760965,72.8386571193743,-565.780255933082,-280.971670148282,-560.123296760758,-358.287835231359,125.48388897831,-18.3780217387909,-478.657307958109,129.555593522175,-69.7213742895432,252.721805408238,833.350332102028,357.698820537287,670.998481861839,918.181217904731,881.996156215106
-333.821226215235,-475.560712024038,-456.259211217981,-387.681020680835,-480.126881486354,-43.7092191371325,-231.542988667454,-454.064739685734,-61.8303438419506,-323.81880489591,-655.004288257704,18.4163910797028,-194.052565219889,-516.477559850649,-146.547914236421,-552.242033072364,-59.1031091466443,-590.029803019526,-706.761054816004,-387.1479075191,-858.38329660833,-308.896922058939,-541.273668598626,-857.780717192478,-296.676662921414,-443.470747642883,-210.434458356306,-224.659124517465,-371.806008748464,-174.610550025428,-244.774120235889,-317.047897318962,-399.958386731987,-142.771774648193,-187.382181330189,-230.438687469185,-261.683680088857,-258.785846608029,-152.400325184063,-196.846807064471,-188.459654712871,-186.354436258189,-167.375497918074,-154.923139271145,-100.665933259658,-98.4255524103608,-31.0424621317798,12.5558018436233,25.1724945251593,-535.924884591972,-262.269951519052,-384.784237322958,-382.254220843705,-135.131719262304,20.6032448609085,-288.758893658951,-245.545735360064,124.472962462708,-298.187379798351,313.249801620977,414.887208028136,570.322246142661,316.398347335108,851.404474529423
-338.542756915321,-478.813837829509,-454.59278206842,-399.266226542711,-591.516430004263,-46.2018652325131,-245.503805322309,-537.378225990064,-66.3094331542414,-369.638951503003,-807.716139203499,-9.38936680087555,-220.362382416614,-593.81280513968,-207.16600356469,-548.315705133728,-142.710091700458,-618.201285696077,-668.680515421133,-421.85643324767,-803.94255501645,-348.686756572482,-486.95015991996,-680.133283635503,-302.71382691176,-281.367994815367,-247.277188618393,-222.160489356901,-223.952543828714,-211.515687901612,-214.650090969544,-271.074522648561,-407.835911528784,-180.581701408145,-207.0431540517,-228.120423255675,-285.349277920685,-326.747941922691,-186.472571983638,-222.097332955749,-226.397178762329,-244.810925769224,-216.318975043526,-224.082390255132,-184.136371152363,125.724482595521,-110.646295889562,44.9767420684162,-45.845440036892,-494.268259443581,-158.486443957978,-357.02431818803,-262.76431680557,-356.931241992174,-152.304069346911,-90.875273163063,-491.27796548737,124.110303801227,-676.116213286461,-366.630283931575,61.3615141656885,432.634209693553,-429.842541130512,413.835780581842
-254.681769506955,-393.258476502197,-452.062786849248,-293.83730299954,-537.022695024596,5.30573380770162,-149.77284262183,-448.572346454087,19.0514597526566,-248.084477975555,-720.560320089643,25.7510600609446,-94.9160802134923,-431.496405795122,-198.218100621629,-399.780904762017,-247.96526426661,-524.303114001652,-477.97643342766,-401.344432603249,-604.165234974177,-397.28082577521,-372.088632603531,-377.527008443731,-297.044567760753,-117.488104885361,-265.230726568019,-203.119866581295,-69.2739786555147,-219.584915622356,-161.898713365602,-186.20739200078,-343.638284848751,-189.470324431937,-190.608703559788,-197.10507262595,-268.795824382206,-342.303036567487,-189.183408230494,-211.183933953526,-234.63226172397,-266.168566443016,-230.659351298772,-265.559422170519,-245.747042820839,259.050182496132,-85.6864286174257,103.085475524402,-22.8531250990735,-345.333524276099,-103.485377170856,-248.196107013331,-143.577679070234,-346.41990673516,-107.521102967162,187.607720745055,-500.963647122919,225.519713538927,-750.111219726222,-805.767756731513,-247.221805103857,406.61276336865,-1009.34554018088,1.815187690353
-170.494693738281,-308.401728075707,-542.935689526472,-192.02007567049,-409.991151496198,36.1957131143556,-70.3388440053595,-324.434353713276,84.8551082018411,-116.954205490514,-538.171348773436,49.1245161343324,25.4664099884149,-234.436168194665,-188.905731920241,-270.531097368424,-334.973080186331,-411.839765729772,-283.422324552325,-345.222578386644,-349.741464256118,-441.664928519697,-233.36394981056,-108.462104834643,-327.03392996289,-18.1690821431493,-303.679231167472,-193.559369427274,8.20266726116958,-231.131135584302,-136.796399547472,-129.611371037011,-284.590284956663,-200.582059206804,-183.313195629181,-175.562503603412,-244.243722875656,-329.048646917726,-186.133663984,-199.513346503429,-228.735332957114,-263.6106463806,-231.835465321734,-284.537906736931,-272.836314637248,313.782112785451,34.3378550991385,159.264867695309,127.647987889237,-52.7158493288805,-64.3734073349983,96.0605307208775,-32.6464656249345,-119.128453823397,321.3800895812,541.152589306889,-297.889453311079,579.447162801091,-578.740609325909,-773.997752805332,-110.653137356359,539.710806930193,-1120.78287704867,-5.30285623605587
-130.243579634343,-268.873070267408,-465.602224883688,-162.21147768116,-339.033134744839,16.9695614152893,-81.5782533098937,-287.794227910189,70.7298745482794,-102.882760526132,-450.12897309781,38.2738275021574,26.8763794887777,-196.723192205171,-199.542639715549,-232.328414290461,-306.789307355866,-338.412587034327,-172.506054395927,-264.627548432082,-136.862938420842,-429.703359685075,-114.433022708142,61.8873260116889,-375.359871382542,9.34279572082298,-337.020435636896,-195.969822260729,9.23350322247734,-249.2984998395,-140.689053861262,-113.866821749075,-254.927305836663,-211.185797633479,-190.895043039585,-165.081397752764,-226.126844250838,-311.401124153346,-179.895670469424,-194.558453059732,-215.118346090741,-254.078414515696,-222.796675533441,-284.921578161575,-270.505584780036,376.303798326176,179.963059648451,189.5049908028,302.245477790476,233.604127292503,29.5945153964888,516.66874748923,109.124396276304,142.667117812427,821.726007251731,838.616712423776,-15.1812043584334,968.492333097331,-312.940188827764,-401.596726465042,347.687679152676,707.797922398971,-762.657558017068,322.462265067723
-166.088698526789,-295.438954454604,-37.02131323823,-224.882486431022,-396.583676083058,-68.8197571342567,-187.914036996169,-378.615041779388,-33.497552807933,-228.357073742717,-544.408884227822,-31.8413785171426,-99.5790996662624,-358.460695978518,-262.738146342316,-283.999365846804,-166.193678061964,-338.803287007208,-197.020496322258,-210.723765142906,-104.654893160415,-358.08028669685,-122.353256773293,54.536645970801,-413.624542038001,-93.7404559516367,-324.076725327396,-235.50997001635,-77.9212065041824,-262.269573423294,-181.191374964896,-148.203556277367,-255.693971699087,-202.101454408215,-204.266310552787,-181.126413760826,-236.614468374252,-317.359281513836,-167.83615596418,-200.251346458225,-217.889966949009,-262.589447657251,-216.303425147644,-285.901987511093,-273.8560503021,392.120205564139,247.167282023449,156.228581894732,335.208882295997,290.482423546161,103.501418432074,675.714836499778,174.503297946668,228.013187099341,947.088165711043,876.677583592616,114.434065904837,1024.32480355355,-183.444406802702,-96.8993109228464,657.338814866832,694.042643002039,-367.853503343238,590.548039963089
-281.256462047982,-378.153601293399,432.143221247802,-353.55361885505,-521.556083181241,-197.35599033352,-337.806872861035,-534.247108096312,-195.872058336394,-419.951491636819,-736.058742504399,-168.188117873005,-280.598535357704,-616.396441482833,-404.195365989362,-404.163135780819,-28.6182273858259,-421.591597194427,-382.797756752468,-229.431018064184,-301.475974801792,-268.87994634578,-306.163130799316,-204.028858765088,-435.005043602032,-376.966024976305,-257.257886511948,-325.943610005558,-287.397540196842,-259.420473201602,-278.25584629495,-257.104052758887,-303.158687160689,-168.344235625271,-223.30362253648,-247.434516129052,-291.784535542126,-354.135524324348,-153.776466940148,-226.043357488546,-254.913782455178,-293.470767827259,-227.498986465825,-298.514607006894,-293.402293497873,309.214244714876,216.821211220823,99.1359481222616,200.377007673416,113.537221876078,109.25814383529,476.610211281576,90.1819074975604,89.8568685408758,616.969915178102,639.556402314789,-19.9610133411861,683.030885587603,-305.999716950831,-148.99900587164,575.340473929487,448.01501394954,-326.510906680075,578.16392525551
-379.7873350802,-454.332683745299,509.506822639297,-453.171049306567,-576.510733459528,-254.117313818871,-410.868279779777,-621.262293401146,-295.900459675243,-527.639186184692,-838.671450225606,-268.728487913463,-370.411132245615,-784.873713989919,-546.199025484364,-512.243809373195,36.0631068846956,-514.969069718875,-602.638628695734,-280.443334125193,-523.238467673414,-175.52751940278,-509.409114751163,-559.154416133142,-399.419432620809,-699.174376570991,-138.556066454461,-389.919799097938,-526.530968374082,-211.216052957607,-370.304999761247,-383.130184437511,-362.228946728379,-102.81048282897,-216.294870658963,-307.303514796657,-337.796033055425,-360.551521331804,-118.637304762045,-233.174001988611,-275.361790711384,-291.30033792804,-221.544493218646,-282.119465227821,-267.851499186098,255.872059717053,174.521603650358,117.82756435743,43.6838794675467,-44.8572363711437,184.199979681912,185.469950425221,47.5699867874448,-68.4065809848408,155.107683609054,369.378779451559,-192.434525587575,237.121875970158,-449.239031131929,-387.708122510517,271.511103360198,113.5008337174,-480.207277564544,368.991461204867
-362.079801540742,-472.539604101776,224.398694952755,-442.095274209371,-517.781957077037,-169.590058369664,-320.012233606789,-570.53461982569,-219.204657304124,-439.927551030822,-764.541662127338,-226.239526486513,-267.849766608842,-741.308261637082,-589.009143708142,-521.375074596921,33.5678302414571,-546.613628155256,-637.213586786875,-309.819585114414,-534.860774563539,-86.4161504988874,-544.691692117477,-712.077341080355,-279.107751072257,-837.76608572463,0.896259249308549,-351.586868354482,-609.031006437206,-112.44116626243,-360.10335513013,-402.875742526808,-354.341366490237,-12.9690796044363,-152.004319451393,-273.348698958172,-300.507317849866,-276.992554470275,-48.3390725083643,-171.740923952394,-210.908366215,-204.632368352716,-149.941757912186,-191.202048103456,-149.147545464174,363.64402173626,144.276401756779,219.653191587709,-25.4367701531379,10.0670697148338,407.501450691861,94.8474306559917,226.96647474936,-26.5257117162787,-82.2585028793783,292.641583843571,-121.481130093221,-28.9227678787145,-332.985415753621,-436.534317009555,7.88475440544595,-188.3059799027,-442.927897386086,84.5660803758381
-243.732643122307,-414.095300956103,-6.32398107040417,-325.609213264129,-393.899273469144,-21.6932460790556,-107.588144072768,-430.226165489044,1.22774292553834,-184.351194090141,-567.392113155955,-74.6339454479395,-21.321304523152,-513.864767818509,-533.301207598334,-443.026846713819,-20.0648941874302,-540.983457997613,-449.529409901803,-332.095817763197,-416.266280887386,-41.2647364871601,-461.793752509666,-608.564733932884,-149.466928193437,-775.970503038649,88.8226013561903,-265.010058483117,-483.119084474949,-18.2039826022244,-254.708264373391,-274.626639968032,-251.002697562107,64.8610114503856,-59.6106277734176,-152.001603394202,-178.398954173611,-129.861435286857,30.7323459484631,-62.7996727342487,-77.9726375472464,-60.5568982998712,-25.8280439172735,-48.1011947820848,15.2867799006656,547.744596811523,69.3337328146985,317.708913467893,-6.27420074264847,215.198986017147,618.126701891899,248.874636056627,480.793404673701,195.175338961446,32.4828227248233,433.047347652532,137.495681652443,-37.8903138908106,-46.6881690363602,-209.513431076922,-97.8472924295901,-389.725676434763,-179.42664757724,-200.085958324463
-108.609193930374,-278.998675583397,30.73884167111,-174.88855984395,-239.543853626483,74.7310946629135,105.216941486256,-271.972096082112,220.513561692899,105.945779566526,-311.351980235232,63.4719844204069,230.588617008467,-212.930724141427,-423.199585701322,-353.836590141007,-101.96074216218,-547.441043886866,-252.865609739459,-375.159273975768,-450.563330524609,-72.6250442041259,-464.086398903022,-515.88005699417,-135.820674268753,-699.052232612967,64.1123729406244,-244.578097619324,-295.995743173097,4.41817437851306,-157.239087208984,-100.920684525345,-107.053936691635,88.158395559225,-4.98163789918164,-37.1458682837469,-41.2286353809644,4.37657952775442,73.5783654977606,19.4522112532472,34.0849233015779,62.6454944389803,79.0889134618012,67.1192472258388,131.736681184661,622.905186336045,-8.11635947040967,379.188431410142,87.9764227534291,416.054059253283,660.38994404451,488.508112839934,552.083678349972,422.55796251521,361.145444710726,665.820147710701,340.228735897023,127.981038295428,132.529419424722,92.1435752352345,-43.8431947749772,-402.159378079173,76.0301102727803,-354.286614326322
-3.09486502981063,-106.816109647657,119.367372435701,-68.186630234444,-75.5135263387203,80.1894560571845,220.5056646494,-115.826255469007,319.123836785156,302.348190201058,-8.00662023814925,104.567032814478,370.096319413614,69.8550931015613,-247.340958265752,-259.452788346891,-152.768684421694,-506.206045502058,-199.464337373696,-387.608216295595,-657.851552990833,-146.014082786433,-568.898007688126,-596.02169372504,-233.299352188725,-674.668954535724,-44.564261306631,-279.132120803976,-169.364199329752,-33.1329067024719,-106.497949892477,12.0365667988387,13.9300347183082,58.6474946208796,3.15622599069414,24.6746348779708,60.9327001978538,96.4652513469854,75.3353978488786,54.8733230505387,93.7857225619426,136.245252695225,135.330098519,124.548403712967,183.364351835752,532.728257141658,62.8974656675821,441.401333995661,230.508551474452,555.030861112053,600.203796888946,638.849113178902,432.808348483922,560.938499032209,618.845605034885,836.27473647845,437.404273690961,325.605313350732,165.812482387773,367.814843575296,134.074797568875,-198.634415876863,261.70890034498,-250.023450009551
89.1930581817793,75.3808303544452,33.7033502721574,-11.1927098105397,120.831231944343,6.17550332263265,221.15656128467,76.0558255673956,259.412368525334,374.272473040219,380.157075189704,40.8280273595769,346.345060729625,333.644678553126,30.6502160570645,-53.6317574350913,-91.8924034789131,-276.896787362999,-125.839817394326,-258.185984497178,-687.681434395897,-152.57634330708,-532.341017348201,-613.800036898052,-249.100119451186,-517.032187950549,-93.7870622962451,-200.276289040967,-15.2385131615053,-10.8246494765445,2.28523972836334,116.299981983032,126.929613426267,64.3920356363223,60.4426469498379,114.560137588399,172.150916822916,198.599045165105,110.623687939177,127.286136667587,179.463446429068,222.897399144942,216.951055094064,205.567967286554,260.17662389931,340.072222463315,298.846174165207,471.583102413025,332.857507011847,605.174030067443,555.444322441578,637.692999283026,320.449532665905,614.28048738189,616.205555566267,867.456949584967,523.435490943119,454.472240189101,221.159350650574,669.941861214262,363.186448855498,126.945808440244,491.624042718779,74.2632212074915
167.311129600328,266.417054063664,-152.050793782039,41.5243813470036,397.33426256337,-155.06137592074,127.974845631615,318.779571011386,40.6338853294433,335.695866896944,848.030945968824,-108.921198968649,142.626473442193,611.816925157457,339.604612038603,284.43978160031,65.3916652370358,120.907532390036,161.769797185337,2.9242639843379,-332.056705964828,-47.5732158146891,-230.935864235988,-323.265187452845,-62.5255220697209,-124.252577482908,8.34436169398044,67.2139084316348,264.886792287006,139.717753172437,234.35545221543,296.936318765814,255.771668488803,168.687510742801,224.506742786891,292.145868060228,328.992247380967,324.605871934223,229.381829350062,284.658992273142,329.36929482749,351.267594276518,367.579284014816,356.952692577474,399.121665435558,102.103951273861,458.344441633409,358.679109997905,260.670507149507,454.567733867602,487.998966038261,451.907474600729,305.048264514436,533.6332583681,318.825271280016,704.519524525512,518.12610785675,397.532198670547,325.803688504589,872.406955938758,425.460198685993,358.89346811343,696.681245045004,334.948260435244
230.821659930262,420.958058867313,-223.105956524055,117.6371860657,676.281548852663,-327.672289563884,9.66693671792345,539.260101110718,-229.103629596299,198.337209087211,1227.8852238596,-251.901293025768,-161.574838090982,834.864736845711,530.937370566554,569.087964320907,194.108643357851,449.162289617473,514.31235548581,226.669418493058,144.144493511508,74.3883511885466,117.751636366521,104.905124375607,180.653733562977,283.518590619542,163.92440174791,349.069087914291,545.809314214405,310.465150313289,463.734506144616,483.41240066642,351.723607743254,292.969664651204,396.856869588785,460.304943823905,456.922696979344,390.02434915398,354.562373877358,436.38043671433,467.135886648929,448.807469344237,506.727287038973,491.942188540282,510.508995813009,-99.7726172283079,359.978839252083,150.801604922987,-18.5075228742843,84.1884012915586,357.589930994399,35.0306995722249,299.555854076763,275.496962879618,-226.417528038953,214.053921496552,289.097649661729,-19.2946182315664,346.151450747017,735.713911369789,57.3062417103587,227.837727552618,677.745783003938,200.648263275733
405.206260123962,537.997931713814,-14.0564685591526,286.604420746675,836.405245756947,-229.091449219686,78.9342059594695,703.571885481305,-230.737579873324,116.034039607119,1352.81600203702,-148.455462106892,-272.802306524229,916.917742720869,613.549013433652,680.0809885755,269.291859089183,587.017876307282,685.259547912145,352.907348974433,437.956722826573,165.235937635404,316.378158305898,387.194184299834,314.99093665273,497.640018003767,261.379053765773,474.869998422071,671.19997707523,393.326178041077,564.576000610588,580.151475716954,405.091408486742,352.686237862367,481.343875371879,532.064164452697,508.237013039424,383.347862861483,411.87676553406,506.932995533966,545.203754073382,490.06085427388,576.93944005297,553.32844251551,551.739973933434,-134.038997924191,130.217842459653,102.980839267505,-325.976056310355,-227.291615424859,307.834053002819,-474.120807737462,262.098771278105,6.20514975796067,-799.649443417514,-548.837244073165,6.90636937788286,-719.428355050927,267.040812367704,378.062408288409,-623.235142105588,-267.826268197413,501.647239481475,-301.691874221586
782.225192665158,720.545179536849,454.583978329164,605.972174744131,921.139978517914,284.068115596836,468.082750477131,882.977538028831,220.614383362032,306.169751882572,1289.7818152795,307.699508234226,33.8816154154916,925.679150542672,731.135896088867,728.910380297598,401.068286387019,677.176714203735,713.411972120925,500.347254264723,612.994307026244,293.572735560027,453.523394737079,546.422259060362,376.609277554986,595.504268104936,325.976413126478,486.459712583924,676.979644843707,420.741510477782,576.005627604903,609.062451624882,472.399193694115,376.333613593247,504.241761718488,553.583985173021,538.279698991468,401.558031228816,431.915024613063,530.710487817129,584.780177299316,525.917467839294,605.95750308702,580.465470734278,574.394981914304,6.17459698154121,-144.994129703176,287.497691600106,-513.164717650652,-240.929120980846,411.485144795692,-810.843187203182,226.867762651386,-71.0144629555077,-1085.45333181278,-1094.52643384887,-67.5403258067879,-1230.29074324177,194.074861879285,177.480144948355,-1082.13677238381,-714.881282625251,416.118590796118,-768.56762813024
1157.94751924352,969.333559599438,902.611308631929,932.696300476282,1013.63686255342,849.927841272631,903.574182606325,1067.24344919616,781.712867395098,678.438651334591,1197.27933604141,802.130708264058,520.541560891484,966.51165043118,860.466660563486,785.403077488383,586.790899775661,801.739613203616,743.882702860488,675.457714341046,803.565540979666,444.393917661661,611.759671904098,704.178219533022,424.192230503056,678.026991659782,379.460550214236,465.400601097349,644.75425223661,427.226181410089,552.407533103287,590.642515433299,517.948218867366,385.126886437143,488.107192961819,547.389055013236,548.870883291675,441.880773433548,429.884144298316,519.967087439243,568.656788637816,532.017032572027,582.120871404642,564.647027153269,567.320352096134,107.93871975463,-536.877036857832,400.471065086985,-642.270538389516,-126.634359240882,414.419741336237,-928.792237228571,126.05595628849,-44.9521698268881,-1023.99812309773,-1013.3492016713,-11.8638201964646,-1188.70993282742,132.492121887366,204.862219105321,-994.328249989811,-751.994836639284,442.533422040567,-900.033003770918
1251.38971746058,1119.09047677113,1051.06480586071,1048.53490507968,1064.98533902907,1027.88645405885,1001.82176073034,1129.39146559837,968.796344351183,885.107897329844,1116.26180731342,941.43358364816,765.257977758676,1010.46435729573,806.322024759122,730.680838015355,663.548510552426,810.228084370257,720.205986457568,703.137550776929,881.268784423999,487.178757948436,653.020355322558,773.950500545941,393.403190990454,654.808288646762,358.542793101216,390.396756549834,552.995212654263,369.595800506756,461.918922765937,486.878677042275,440.687451191681,332.985840033326,399.023558095721,457.07858039086,466.588588278695,395.15621433958,358.560847902145,428.372079410883,461.88796754694,440.834300675754,465.420525139477,455.105775092665,472.644894460186,-33.5440261414595,-858.138218645348,175.094560806373,-743.689046790452,-152.50921604502,41.0244794629901,-961.951219102636,-153.369140406565,-139.152756485263,-837.055623528437,-595.709920880697,-70.5428231117533,-795.366092174287,3.77517462770973,211.783941439109,-596.999048908495,-510.323239966889,400.310360856892,-783.366893270671
1096.15511362703,1104.41282826638,921.871556188509,964.480811487544,1049.96614710642,866.921768678833,786.44341443301,1056.55595042333,757.211974913864,806.950147853652,1059.9964009129,703.287363614087,692.267931572815,996.792437346857,500.660300802754,485.48442260874,548.917940341951,585.573785502469,514.02440367517,514.183184500686,681.494605103672,377.758695116033,475.093381495143,629.02787775153,249.68843043201,461.053235319189,243.52498261815,251.23359471107,386.823054479526,243.207597719695,306.154162976783,317.148074549651,267.487575698493,217.65796694626,253.731605331839,294.675036926965,305.427614961337,255.819166790985,223.527722335614,271.943690108005,304.814618963591,291.473171374729,298.107072914941,288.155084216403,325.274127568324,-351.96645087521,-814.612801371068,-254.193417470081,-720.177880462324,-321.345269221412,-587.164821518033,-927.635018835492,-553.69811629494,-382.423685377598,-701.163136126962,-432.981524405962,-281.184481073527,-492.082685076221,-209.302779527062,41.304377560981,-283.014782214559,-351.242423345964,176.026888643632,-652.19178699689
951.309334130312,1080.06686677792,743.16227401846,880.548603530238,1093.39112682954,686.520315997655,579.966050139331,1000.14426709069,450.760920229728,679.033348046767,1095.59380458561,308.129585191137,515.548459559253,973.677705718197,103.725476413166,162.014331732719,346.51681305159,250.61903657949,192.623879449823,267.070086437486,323.631536158523,217.870884644597,220.222026767261,362.814139713005,95.524411731721,238.782336115999,114.696749832647,125.86950740013,231.229986512249,126.104072587291,173.162488829254,179.295618827059,138.11544726853,109.831986064611,133.586410783446,160.255646570942,173.724882712336,140.16138503425,104.348559050777,136.952645289851,175.362272298922,180.65418242126,161.960442367316,150.527811937488,208.577203232056,-591.608253907655,-534.539999256082,-594.13458226275,-578.553293294423,-496.270994181973,-1060.11175001628,-777.556804275214,-864.819366554256,-678.116629488791,-655.305288916601,-631.401190013889,-555.678625295627,-435.266526863273,-496.556700849874,-302.325823890256,-179.472663268782,-377.955252862298,-249.795066206018,-557.156309412469
930.041779715802,1165.64768286152,678.886953925674,897.854120391537,1255.09604980559,597.896268822969,548.171848629443,1041.13327420544,234.561681269539,697.491914911094,1179.39046470454,-68.9896998381414,368.378129150686,971.534810054345,-186.388799734893,-89.4699179147661,190.108981082285,-2.82813908167866,-63.1988826586789,122.876260512015,60.0399893128177,108.979113339959,70.9891718815023,166.340531638684,28.796298348316,142.449512558507,39.8952931768312,71.6944501769621,157.254449535406,67.1121983908318,114.583967500011,119.411303878612,99.1060539664108,47.405121995101,73.0969880154089,93.4814556460245,108.868654101166,93.7286564091787,38.5018421833587,54.823258504324,86.5906565794251,113.830925042672,65.1589677866824,52.4300688510258,121.611469209233,-616.331786754923,-386.670684149418,-773.034544156321,-475.633662632996,-587.739795555115,-1137.92625837849,-625.7980451401,-944.634547430022,-992.139026554406,-786.004321666831,-871.74522876506,-875.400063137577,-534.609693551509,-871.728639318826,-802.695939113367,-251.586661680469,-434.224598692094,-866.939024207855,-427.298189898995
921.167952922798,1241.6233289144,701.718994930011,926.7500560919,1342.82368815027,513.654784468277,585.453464747442,1053.90368704959,105.544820309856,736.927707577631,1078.55226379709,-315.377490343705,205.838187845374,834.875020171821,-324.657650633317,-276.009986268234,98.8242917875718,-163.016028373481,-233.983981054499,59.2033229137568,-77.309890414025,56.5058363637258,12.6931812245722,52.684357666929,10.7044154160394,115.073501490099,0.30575351008785,35.5594096051365,107.36596908286,21.9103746819179,67.5798311543925,63.1454631108756,43.2451214406757,-4.75573332627523,18.1702809962377,22.5396348516621,27.7043136739099,21.6431091517009,-21.8675015343237,-31.0673627659318,-14.3827617982498,12.763214090166,-49.4081709535135,-69.1879419081216,-7.87307955197921,-472.482027157603,-463.305700682827,-818.512588777629,-478.93389551485,-592.779912036637,-915.713695800287,-626.473301648449,-821.791462984596,-1246.07862022506,-1127.4836221679,-941.010606505418,-1165.3757389223,-680.091994034783,-1247.65026992249,-1342.97073939763,-461.313289748913,-393.900950882825,-1556.98601525811,-297.167579872811
794.242277091268,1117.70856513083,646.521734267518,829.360066542978,1118.46703795091,389.061756996241,519.769313070336,848.087769037863,22.9649365257406,540.522220563295,620.497766670826,-369.282701629731,-42.3404661674554,378.670260818454,-401.155794927095,-501.559735721887,12.2860162727273,-343.034368849272,-444.458506472783,-23.875441848724,-236.729451551352,17.8063502642067,-66.5422825636557,-95.4128461103065,-49.8501522081775,11.7276450357347,-47.7941154509712,-59.768446988351,-8.3590991698517,-67.2920928494354,-46.1546329344793,-76.5870796137713,-125.044438737521,-80.2411687949401,-86.1545286216798,-117.154404073346,-140.558647031528,-164.346125794941,-119.936728720607,-164.325965311477,-171.559289251592,-172.119192701001,-218.568301980485,-255.560481684708,-222.684143700258,-188.415662686555,-582.318292443196,-600.284055070124,-444.310272422466,-588.649332026125,-552.336360339563,-695.592655328617,-588.873651649839,-1206.45383919117,-1329.81322038759,-841.031051091211,-1204.79123926649,-714.666716827679,-1397.61127332561,-1595.15387508439,-648.447143361722,-287.361010758516,-2023.31280566991,-256.756360175653
504.242400841077,745.574366582038,403.948352892967,524.297409859604,572.909549087194,248.035271124993,263.594358929512,349.840281362086,-46.5281131992674,36.8909610106691,-99.3743415747313,-287.790529164356,-353.576624381191,-346.227151631992,-494.438258244172,-764.839825508597,-117.636278373055,-548.762997489122,-703.514524793729,-151.329037955347,-430.152442300453,-53.263243620515,-182.933595996484,-270.764351831895,-175.51977893783,-164.413620698631,-129.244173793346,-215.970552815245,-176.322597726125,-203.59683603733,-217.694791264218,-284.721974793921,-372.698062077641,-181.318523393868,-236.064526394281,-307.245273441665,-368.970584265916,-436.272421636701,-248.896129655349,-328.927155295644,-384.353740953927,-423.748701029513,-431.526924251619,-491.180979259296,-501.816531245344,190.325536076977,-639.10581364789,-132.854384422678,-276.516054890794,-641.755068128114,-150.475663569455,-635.950786591003,-327.996379326063,-794.911521298495,-980.20746772622,-629.444469500488,-936.33001387696,-522.575293696151,-1217.28949272136,-1355.38348688297,-584.477228696777,-240.197924327083,-2018.75594807176,-304.78672894619
90.8680691915031,213.444794023413,80.9423172491048,37.9414013392313,-102.950610135795,114.77192675466,-133.730954847773,-333.907442839212,-116.12361416103,-592.030829041028,-835.327983607438,-183.856872282961,-615.071509574123,-1081.4041637418,-592.217372664371,-934.89246065522,-283.798884263534,-657.983104522239,-853.617696478943,-280.615947969451,-500.102929495713,-167.764537550622,-270.947582818428,-343.230538633171,-314.146748555728,-293.277969175546,-241.891909834366,-374.076886692059,-316.474428982467,-342.906015480269,-375.956996065442,-468.723772324242,-588.399982481947,-291.038433112554,-385.492246955978,-480.6515323259,-571.634762595217,-684.471554526603,-375.254463994052,-479.445271411501,-590.197640199816,-663.719846684907,-628.191852230593,-704.563549946077,-760.009465964377,455.418027351798,-684.407113251401,185.020353880492,-132.766581200361,-682.649914417272,115.303733955695,-423.703193043114,-127.572743347694,-330.156164655664,-290.157995476071,-344.807953484316,-619.144035244174,-200.344623989681,-881.425488591991,-884.238981519943,-259.940146849086,-260.28294739153,-1637.80233749139,-324.020414896426
-318.63283208161,-332.734116140696,-164.793947067151,-459.831988585963,-706.794919009055,9.27955056718214,-497.978547373272,-963.36575562409,-162.786395952027,-1072.88441485385,-1393.71835971496,-109.993799934194,-716.315475768582,-1589.56571732738,-643.833909828205,-925.695700745162,-428.192619002507,-622.524493015992,-806.204121110836,-365.417253191386,-398.650669121237,-250.862803864126,-304.293618765256,-312.133597623097,-392.674135462092,-340.977933969518,-326.938593138436,-469.315717868614,-404.421668514295,-423.861209399801,-467.182858064797,-562.967275667516,-686.712313615177,-364.543119489487,-474.844463169995,-572.992350806326,-673.159068274269,-804.506337120557,-447.896243448508,-562.467897618396,-695.354589509958,-787.893506441582,-722.326308408526,-803.225317460467,-888.34533917865,454.274549163718,-728.50048392362,107.470726854137,-155.074251469398,-573.615858831633,132.262765011739,-160.123701233881,-24.8349623561604,-116.582125279706,175.423537342541,22.2186284872599,-432.630131701445,109.628363038919,-598.977155815426,-548.375428767227,125.746435981291,-138.494738188632,-1159.88367859516,-145.433009940535
-624.875481860831,-777.686059425012,-404.248220263418,-797.32118811267,-1136.02221583518,-99.4271827639305,-706.7245639102,-1341.15351689142,-211.978752880794,-1267.53063994695,-1700.50091083976,-103.825262409467,-683.126521505709,-1788.23258861218,-655.45222507927,-812.846158350386,-505.90127474823,-555.275646231644,-683.00150121217,-402.001533514048,-302.551107984014,-237.553851676539,-331.027706447731,-361.004119027868,-390.586351706215,-397.964172529991,-338.082140852217,-488.058295099283,-495.760018511268,-430.655793732189,-503.058632050459,-594.873090522444,-682.909899641326,-378.645476337836,-488.881239835789,-584.198322455625,-677.740526591185,-790.320636584742,-450.426777089008,-566.375988156364,-688.398800452029,-778.178061273937,-700.420681866107,-777.784672461831,-873.076318066448,302.984835611705,-737.081272033529,-102.40789170781,-252.783092359677,-355.319805787555,29.7008760511836,71.8209963178091,26.3935758105376,-60.4251147420859,295.855379348653,444.436094356675,-273.280095817855,401.981771595695,-403.580232981182,-361.59076437623,421.001231647925,238.190418162836,-731.051008741108,264.534179604365
-844.448065776621,-1083.20320240208,-755.03952335673,-959.27449276959,-1365.38761667383,-283.121841917843,-809.377985000599,-1437.31153200116,-349.00748502786,-1242.49161000417,-1750.13035972021,-218.069366352402,-654.874234655144,-1712.63593269521,-673.892951802171,-716.706375772005,-532.373053408123,-554.457356391786,-623.798948565174,-433.10721910982,-349.385582264257,-190.707256616162,-378.968064552861,-550.43703140031,-345.450631712297,-489.482436710203,-314.401718127634,-458.390133199839,-597.012592317118,-400.591878288255,-508.712459033308,-609.177523140942,-636.068545490991,-362.069915070518,-464.796028603643,-562.343144406275,-641.589244842239,-712.932701351233,-423.400625439662,-530.402863181666,-641.015109169419,-711.128536708199,-633.842104541094,-704.023494106261,-799.971752114287,185.426181852919,-736.61667131909,-148.421194262147,-283.205933012168,-231.04169343496,-16.6698130250583,214.174079891451,66.1664183081812,36.2981687194361,350.261592377816,736.04765697123,-76.5221979488287,665.666759754589,-261.658777441752,-191.344184803896,592.539011362751,625.749834732137,-384.122707180304,698.505862366392
-1015.41608625303,-1251.30344022494,-1077.66791666682,-1022.54673766857,-1409.40687478355,-531.716706714625,-888.842266531063,-1343.49738365458,-575.785807148946,-1134.66720940853,-1585.09890147144,-425.830043803091,-697.991928251088,-1455.50518496225,-702.378748814328,-648.607415006657,-565.438840743939,-567.994380869618,-596.982354256446,-501.042536759568,-441.954341415905,-223.39621105792,-413.657893190763,-672.200001348539,-296.107489920424,-504.479843181215,-305.556075291993,-390.66855515558,-611.274209342984,-359.001916481984,-467.301750315076,-580.622186729734,-555.933218522298,-342.64093980921,-425.423592789869,-519.928431112413,-582.435157184256,-612.994883876433,-397.651231118337,-482.54166708557,-591.203650108769,-635.856466825016,-572.662477675606,-630.694763917551,-723.628194796735,118.040205924711,-733.930233571986,-98.3955226000834,-229.612959552113,-260.357622047323,-13.2440756874066,246.420886646612,68.2483246079006,128.187293560842,448.822337464374,682.411570816686,28.8696580339865,768.740814753302,-206.144365718958,-100.715130033562,618.829857289248,681.20999857287,-187.904864170739,880.452600652708
-1122.58935439064,-1295.36073685704,-1197.43413745541,-1031.8032721173,-1333.61620602203,-740.173375313775,-930.576614101433,-1181.10842423349,-769.719656862571,-1017.43052620011,-1330.70778361296,-613.586506378429,-738.625724210899,-1148.98551205322,-696.560744693852,-550.366824982524,-638.464884667727,-499.893376605944,-524.533582658615,-573.602683239291,-449.885164994208,-344.705406524199,-408.12900330497,-587.563426271402,-253.896497650305,-381.23165937341,-303.788800150857,-282.932412183075,-504.114903649775,-305.868847291405,-375.077728000748,-491.742830525797,-451.229327265166,-322.94446566341,-365.419861699948,-444.531914255716,-493.80468609349,-496.675160131269,-367.004016123789,-424.919273741364,-524.725682524963,-543.106758460211,-505.211125419124,-548.673165980901,-629.931843532459,43.2900104536778,-657.185058059681,-126.149604823668,-159.757396884231,-303.453563530852,-37.2478797245854,203.643853956978,8.63453948254524,102.68437057987,466.578785196305,335.736396565735,-33.8168536932007,639.541764344062,-279.92101964706,-206.941103137042,485.916495622581,383.77812003766,-218.605812376609,731.118817668024
-1131.85311041214,-1241.26650026948,-1170.36923688061,-988.77823122667,-1220.97245627256,-826.370889905787,-888.449497446467,-1036.76120393522,-820.817016842405,-893.248090911472,-1126.49204228985,-690.384771892519,-692.718808704939,-907.419717709282,-623.684609448854,-412.925608341565,-682.693101550162,-347.415427425482,-449.303458064066,-537.334078465213,-406.886542100786,-426.654712500137,-341.411388679011,-461.58437214428,-197.813502523496,-209.015975509516,-279.963526300543,-156.480399593805,-393.033859618891,-245.247297242724,-279.767678554985,-410.854987995805,-378.912757103244,-295.751576091651,-290.817408322903,-356.893873860984,-404.040054757156,-385.511637754708,-320.005340268883,-359.912630413599,-436.693575345697,-434.402746095509,-410.942893875207,-447.796847580616,-509.74718036643,9.98062785955451,-457.541438933887,-179.253150370542,-101.261801260323,-250.454869821177,-50.6021207731787,150.738994174872,-61.2894101770574,40.2171851612527,378.072537834602,30.267032641237,-148.332727271489,438.727135155426,-427.63232195349,-418.646730876754,298.92699125774,68.3605468418423,-427.844276009219,455.924849747725
-1037.40655252087,-1132.272270595,-1113.23092300901,-904.460465576577,-1116.0712021237,-796.350328914561,-782.387743332813,-938.213979581584,-747.471671295663,-765.888402147376,-1008.29959996725,-656.144501322496,-586.033488654221,-765.312471227736,-501.709577377347,-291.949806147021,-576.406320711383,-198.056128308106,-450.153288829958,-346.197915955673,-382.96523575815,-334.975132773642,-192.74537090297,-454.213776732322,-100.416004620668,-86.8652277607672,-216.653059238748,-45.9873231407474,-364.249826179853,-180.813506753368,-215.355488363734,-389.393317033874,-360.48044138779,-248.237311611538,-217.982231464339,-286.826249719022,-343.316211512215,-296.795332285593,-254.34102116102,-288.675809500604,-342.502566187987,-336.718532654282,-302.689675922811,-341.704936790645,-388.9771893179,85.0736158944754,-169.408112517076,-112.662871093477,-0.038334581857832,-107.923571082813,9.64172687232816,155.40344816207,-86.1676046021223,82.4258125689651,332.393815059068,13.1548229114005,-174.439979478609,388.486519109381,-509.757367951831,-519.311656841462,239.972226663428,21.5100754264144,-610.432934183695,330.008334059454
-875.776408597236,-1010.89196094211,-1074.24942607224,-807.593536567033,-1016.62956614665,-701.99392258822,-668.268185194495,-860.625943470844,-640.781051116216,-658.004948792497,-904.310307495484,-566.415432693208,-492.395992199959,-672.786603498416,-373.070764441252,-211.663955545284,-319.004687611416,-119.597546471798,-464.578516784532,-117.528217846616,-323.071478947821,-92.0024029066448,-22.5707751987514,-403.397819646468,26.7683655432984,17.0683635290514,-106.257508806175,36.0990636026729,-309.202764383331,-97.9200627861385,-145.085503334302,-340.434764985816,-310.465141323632,-168.439239970204,-139.019482145455,-207.649934864523,-269.429253235037,-202.72014523024,-167.698217522479,-196.461747211052,-239.643862431096,-243.215945962541,-199.30021500752,-232.272901747132,-272.90963192842,168.657195385854,116.756259458046,16.4410577968114,158.952963848978,82.5235080143668,70.4990750465129,243.70891720947,-91.2484960013721,195.917988123095,407.9646029394,184.485903394934,-102.789747841159,481.625679599786,-406.219949097454,-411.683619287245,352.2310135398,153.85565681077,-546.526456843491,390.866321704631
-705.441535141006,-879.137912873822,-1091.99258171076,-708.700835342064,-886.59670057169,-587.489867397053,-561.88564648663,-744.502003460154,-542.749481573982,-555.095464497868,-719.918377703854,-465.718727025727,-413.417904202943,-544.066698319912,-264.238763642347,-128.375681343248,-92.5211613573453,-93.7838892480622,-356.749140966213,-6.11121035626427,-163.565069319724,110.98700377963,59.2282444933173,-90.4777062813408,117.540920867152,177.558675456209,10.8077888247905,89.5731870636413,-94.7685697592466,-5.58611285877434,-28.2190393859357,-154.297089804047,-136.385940743852,-80.7179035647725,-47.9002104097079,-73.5888277823083,-114.964460070855,-58.9018159768593,-76.7685415746357,-79.7951270860528,-105.114204298293,-110.675170742852,-94.404891140056,-102.198983659463,-129.925239227901,89.046535531604,290.215724191693,18.6110455546703,252.723016646207,268.554815322278,18.362535083677,347.020787663885,-124.36649651236,226.370073415871,486.233127654818,282.714351463277,-20.7816655470708,512.410974892079,-142.165674457426,-200.263458661985,475.7190070651,181.052403123621,-221.858099706802,438.280426798287
-550.89554493222,-695.093342279727,-1100.97126907492,-574.560456534196,-668.477626023031,-461.067801584712,-426.296452793475,-529.435807204951,-420.455756999795,-392.087556533561,-405.030421597419,-353.475166306646,-286.339604589667,-317.939883625245,-173.520730447597,-11.2499371127153,-54.0125247758416,-64.5910836945204,-127.366547088039,-31.8691086048623,27.5046551255778,125.752044764689,62.3569879649608,376.799358439252,122.9881793923,369.596861854951,60.4063421351883,115.324840238603,208.46048880552,52.2006175633085,107.404837235415,117.040350556166,127.861879948139,-28.2494492468909,33.8179842962607,93.6507682501625,102.541621521588,142.205752093273,-13.6602976477445,36.1653466181155,65.2285288561192,75.0029138007438,29.0835008036007,53.2900884659753,56.3746633615585,-129.930679626632,311.39144399918,-114.846947265429,182.344737784244,398.1294682055,-104.215434912628,373.33100398278,-167.517176319453,127.092829088733,444.479440039831,219.843412713442,-8.34434024026654,387.70926910413,93.1606435954371,-75.3388021835135,451.648013428374,35.8249321510957,125.109704044043,344.399234826081
-391.799792459207,-449.937709683523,-991.390171890937,-374.834722313921,-354.333678657977,-304.80275618592,-232.728290614723,-222.668019683748,-235.595076784621,-141.698471609998,-6.10844651010359,-199.205999996742,-83.2835442574308,-6.42662653158999,-65.2463892494476,133.438679081287,-110.742598408381,18.8673099078223,129.035501507592,-61.5362437857084,205.401899626951,49.3019248240682,117.311706299054,755.228839012522,85.5451838807383,519.548079887292,41.0016468664547,130.297125420804,427.905429237814,68.0782071330696,209.615794485347,326.177604554402,363.49167459077,-4.7310450170638,94.7830116912318,227.617952520735,294.31477418323,355.482414511458,23.4929678525801,130.964029831774,227.063313400882,266.786725298562,160.067773758292,206.725799711473,249.619004295223,-293.231248611632,257.402230031606,-211.248622704404,42.0470674728448,444.409047201734,-167.003064090214,321.028233643661,-177.765403203872,-3.82439721033731,313.264099066476,106.229438362373,-69.0414426478641,207.796620874862,150.168606146374,-132.083558852941,267.882628412572,-113.500245389484,246.557016414619,179.311850562105
-241.318665266091,-238.267162263614,-849.64648949895,-173.158751040859,-72.2836098843543,-136.43061946838,-33.7941646624448,52.4428769583666,-15.796780151287,107.264288224769,313.124728206238,2.02280864561121,138.938178060647,280.664299378502,111.913946074891,315.073515804963,-31.6218039007214,207.441560969813,398.726674225832,56.3656048258431,466.071219649842,94.1798063111684,269.011337413213,995.650124796609,72.3357401302314,581.218511491869,26.2111779406695,131.685997384393,477.446180802189,68.0966759046645,242.496426168131,396.290433412577,488.052052119349,20.7129768527095,128.046022473758,280.026518486427,386.210096682278,497.029795285591,56.9510208692788,189.625204063134,307.179947449662,381.465091883125,241.184686823397,299.215760415572,368.013890487112,-329.176836654435,194.501543374531,-217.382901145514,-39.0544583646355,374.630850153086,-179.906225900294,226.946048918341,-180.622976171461,-94.9428688619749,157.696991222591,10.1707747662522,-142.960958563619,34.7475206593965,86.1702289274237,-280.680190576255,-4.41251133558671,-204.10845532463,140.129614340648,6.43756225497798
-155.611079047638,-165.031912783622,-725.320387369573,-81.6830029243804,23.3427633307242,-17.4022674757981,73.0714422912253,158.643819613605,151.631538273887,231.040930819277,405.381494320816,196.839983090842,286.26669645585,410.970720302068,358.997846836439,512.062164139393,247.946417952707,488.120099305288,658.4984116731,332.95940627133,790.222600731146,307.685148538185,414.786052883687,1102.86979587527,103.28174794228,510.300817826229,68.0405491165323,97.8691283470312,351.441195517463,63.5214014937977,188.693359062653,337.493676696958,490.224752154281,50.2875326924265,117.190442569628,241.115822655044,361.596958213338,502.579309527204,85.567790995146,190.634047046725,278.186952313,369.227854535846,231.153759653536,291.242544757609,356.514013873207,-330.17328054969,101.669181784986,-236.675110687355,-87.1810676163731,190.736154909411,-237.267632530196,89.9849072246764,-225.113893672483,-151.519609146109,-3.33790550674385,-99.214357087792,-171.749907770309,-147.282040241156,48.1927715310881,-325.050064673642,-248.234055825246,-331.078530748981,20.3396552428489,-189.560981436469
-143.666998774577,-197.447945567518,-483.081578873617,-113.11040662759,-39.7404253217164,4.78822805601453,46.7715585935918,98.1026077515836,177.222656248726,194.516075126305,303.746326367069,291.021491199839,279.881578777078,347.878309152309,556.221290650974,565.334061268629,536.485910496358,683.966646898085,692.434334634846,586.757371063992,878.742904834803,535.639670898459,438.211841495826,946.537736853475,161.750559441678,292.983153270742,151.333604225741,42.0831565509359,89.34956030095,59.1320110368812,67.9333105738716,181.686012378838,380.339834784457,70.3897328844096,67.4166937116237,134.89838994319,244.215727056478,373.23479450489,89.3913611957387,125.577764153907,174.941501982673,250.300923820762,151.272488550383,199.766949106098,237.745928521136,-342.547086620004,-18.8563203985378,-304.193887505995,-180.570047836848,4.46052822854303,-316.409511563457,-73.6545058508417,-297.941600359095,-180.951568208599,-132.553589752947,-206.583932993575,-157.22256413885,-271.057744047039,79.0514485979978,-177.022906253811,-335.18216249192,-477.932475709648,58.9999032457109,-361.70705457909
-131.784935559536,-182.759743896145,-276.816453432735,-149.598741589493,-64.7595109948357,-52.7406050971748,-47.9571266697344,16.86317793778,57.8744977331788,73.2680264686813,186.341830634972,234.507834661045,121.153810990129,188.953548869875,545.10097473318,329.421616481206,608.087687074626,593.555597842475,325.263962151228,605.827667530308,544.580475079885,604.708393868973,318.72749119421,476.332950294694,207.135965286879,18.3457631672824,222.550934186516,-1.55904241068845,-182.386120150717,61.7063370620627,-56.2261997599927,-12.4615409927717,184.773656570902,74.2389368964728,11.6041394114387,10.935818726852,83.4205935954523,179.682115178294,64.237947181521,27.5850147612215,48.6489216034712,93.1546631442001,52.7989097700302,80.3489710182077,86.1164065857637,-330.319111199087,-64.1011957272171,-349.344831506595,-271.892752469634,-55.450407840648,-343.280983236794,-180.415098758586,-364.787912018907,-199.667360574125,-186.823592241914,-226.093784388103,-160.487826424348,-234.290961726019,106.720173961323,24.9430153963069,-252.959126519397,-466.900718861109,202.323234030353,-392.140086320224
-36.7288409644259,-15.2986063751417,-482.48997042148,-65.1496615727908,87.8330576407428,-102.750995005318,-74.6491232550554,65.9533737211026,-74.6203013011431,8.94483969620276,198.010712641776,96.4110446151154,-46.8423437409092,103.425409938392,317.384620317233,-50.0329967498492,415.031756455957,260.920065271004,-193.682463609868,372.637581699186,52.6307807658897,450.536073152135,145.917414690663,-103.727175965084,212.036343843149,-189.64363689236,243.457241134307,-11.326809028966,-311.554649309817,74.7773576922645,-112.278522424403,-135.172203019334,4.12034734610334,70.7736383956203,-12.0081231519012,-63.9050724084281,-31.0356332540483,43.5206723756627,39.2642938943294,-29.803026864257,-35.5888857558093,-7.15071744188652,-6.46255682967259,7.82755183908823,-4.41479921929748,-298.451535555181,48.8360305998332,-347.202871844322,-254.154717602045,6.13030231686104,-353.376443849421,-164.482967243914,-426.584367923799,-259.412822462917,-186.132902235253,-129.030997294121,-234.37120040678,-86.0455169839396,56.1603937116656,73.4348837365506,-135.984663969726,-222.82381089098,263.074714331944,-257.494242706876
137.189930356782,236.534535864262,-983.625114864348,135.011208407237,336.190126221557,-69.5508376312945,41.2124147176164,253.382795580526,-79.8113643453588,100.996086683919,317.421807810746,-1.93579433687941,-59.4638767646248,185.221398153002,29.6511361763768,-262.457403146755,81.6425843309602,-73.4926829683326,-412.386116870788,62.1901212402537,-231.35385759995,152.743420019719,25.234912849799,-542.820738865553,194.478583859885,-308.03324780162,208.500357532434,11.199073539801,-293.284514478478,90.424850193129,-93.3500556240543,-124.609217051667,-48.5860239135268,67.6859248314327,3.51793208602418,-60.410749948526,-35.4224295788588,33.7596063592118,34.8442882234259,-14.4679411898103,-33.3339502499363,2.87923153096328,-0.00184521517284519,17.7808044283562,13.2569361510069,-306.779893478675,217.562618900479,-366.800976669813,-166.833177108868,55.3854514695125,-419.894198459191,-99.6384048497043,-475.95834644988,-373.356393041394,-194.373951054833,-26.1978380503802,-348.783703537191,-16.0578324839659,-57.4066611879781,-49.0949526602762,-126.454347332056,44.9704469822513,166.96413833614,-125.477223323081
307.419516595995,410.085814481911,-1207.97744521302,324.890548365221,470.662033540583,35.5927116403495,219.493377224894,441.810218763745,37.2385053126517,301.050991431762,394.425412582973,10.2641907602107,82.0238598674819,360.699520149741,-131.290238886078,-180.779552579065,-170.832278905457,-204.076067446239,-215.458089452294,-103.644804787063,-237.790581525165,-69.1112251577125,4.94544489025824,-695.01636362127,189.264312007615,-350.375179573756,140.672145933861,35.9189832039539,-237.133936875057,87.9851090492207,-59.0426662072538,-49.0341726772857,8.58455841326492,54.1098759002006,21.421245622799,-24.9434127348214,21.6893584668306,83.1613809109173,32.7521658723716,16.9734612695599,13.3832123233847,62.0371127616292,27.0292417680964,57.9798352197677,75.0113356245952,-349.038088708598,234.575130738492,-433.159269685473,-160.92699834864,-45.8405895375858,-478.88986775227,-137.578131650218,-441.115547497708,-430.405525355454,-226.000598614824,-55.1825148408524,-373.77770895112,-115.376735245895,-106.18505960161,-128.064567255136,-227.226846821649,50.494637029214,77.0226059239399,-180.773366314896
401.469487418259,423.134578657241,-804.645484040943,394.77448107526,375.949536663844,148.422353213618,312.601382764552,480.439630089604,163.645239850147,440.413872824645,302.733502444202,132.957912158166,236.891103401192,461.034269690188,-76.1868641499039,87.8857337257234,-175.923352682093,-78.2245548659607,143.640865192711,-25.3150225300321,-95.4994023367907,-52.9580458436159,86.0887448457978,-503.195678762893,199.897379552831,-268.12656063135,75.1398107585244,34.870691236065,-168.486289984302,54.6362954992426,-45.3609873453342,-1.79405662955112,53.4101401600162,19.1647583184736,9.42318283827633,-13.0911757998336,46.1360695243335,83.4215354502313,12.2801502515553,9.47390413855826,27.6821427773809,69.8367572096364,15.1768740241879,58.3446271465731,82.318003877186,-311.79173132985,71.9529889829322,-432.920245450022,-231.303277244711,-306.285672282124,-385.517056756015,-282.21082031197,-249.852716305894,-298.74421283102,-208.098894230116,-187.340397459015,-194.784404618786,-232.353512198812,33.9638360361165,17.4801260108361,-316.126964050159,-199.850993174813,194.934990419786,-382.952094645525
403.841794762369,312.948933139015,42.813493956414,340.33622632324,118.104964911006,236.611608386661,270.822435864481,329.682794047986,232.474839351106,400.787419109452,50.5085287335581,315.900017972102,318.18946290361,383.970825442887,103.463891762016,359.243295257946,-21.0603941677021,138.127333050871,393.75212421284,125.004362181225,17.3454035903429,63.7131341267735,179.002063566491,-117.712016300703,180.846507216622,-94.8767309763296,15.3925202663118,8.30738014889562,-48.5867681661608,-1.78032731391613,-37.8369469184375,10.4762367552307,24.3644379637497,-30.8000073892362,-22.5175353973324,-21.9056939593823,19.4411274333357,25.5059054862258,-21.9141679927776,-19.59529874019,4.15374809071068,25.3200190869746,-25.6349634633683,23.5374912601712,36.6474830879396,-135.034249713896,-57.4338648843018,-281.910960373847,-180.992094406371,-534.994192881883,-161.357720606377,-326.236360457861,31.7691547271034,-34.9161196067155,-45.1839887162372,-237.594712991671,119.416945979643,-158.424412385091,307.332689063405,289.504699430099,-286.870615923252,-409.287609454732,444.819096491625,-535.239325923071
353.36815670507,170.602845052283,714.01381372079,244.675421998804,-137.655619248033,330.431200221363,198.259155219684,98.8621539735022,291.344508937041,271.275924690025,-218.554503646872,501.517066784269,391.84255920777,211.171210995589,241.691633350297,528.215644796376,48.327081972852,231.119143928308,486.12264387529,86.1809841446162,23.0694726813242,23.5500690816906,176.528832889514,195.641357130752,103.236275875872,38.3312408065061,-46.4734982146674,-16.1628020112089,110.589134824301,-44.297107769147,-6.39033763638378,48.9180246628398,-8.9814189101087,-65.2485711086983,-31.8241737086046,-3.30946792075296,11.1795628711974,-2.54556320381233,-41.0123913697592,-17.6783531277678,7.71996576255963,18.4864405821373,-27.6495938286124,23.661522121345,31.2915649822829,50.6898282382315,-14.2263414678634,-104.302157798068,56.9968811082841,-503.921590384481,-15.412930944416,-112.901934586167,211.644756286045,162.20420681461,283.892372963612,-81.4998292558821,347.427140985063,123.205425803376,487.510956242412,437.08050289445,-118.366297400235,-388.345161180631,522.607407089568,-520.416286630994
304.314098477485,89.4765452019891,815.568951538155,192.749306792728,-253.677031958009,440.893509260997,212.263100401231,-45.9418782924347,392.054773332756,252.794257503171,-333.851059986758,634.39277081939,537.556162038696,135.071688753475,292.787446584749,633.232459098855,-65.9494457171016,221.402002502324,579.091048499467,-121.981064404161,85.2231439390078,-173.379720652277,134.221868650561,431.897916186177,22.3183963640202,145.167495881448,-71.3537548694451,9.77642380422954,303.380756424933,-20.776459180147,84.4049954668441,179.11435706881,69.2836366496166,-41.4442103846803,25.1465328568302,86.9761980173254,100.158533984306,77.7084962704914,-7.42981954551938,51.4712374213513,88.4720655903502,104.815868173534,51.0398071537775,106.007140751631,121.295356168485,88.2620257408702,97.4359801085009,-43.1685561779104,300.55152617767,-220.100346072734,-24.1449576285629,247.772931631878,212.957481386821,245.315520405557,689.81117122008,227.72455408422,386.773411567778,486.96670237467,432.650752294614,385.203801468114,175.708247789807,-241.906982182811,312.550360636009,-340.317733969482
255.509076472118,102.368505014974,784.309671216344,179.98756713321,-209.854888852884,466.571485175107,261.862385350684,-49.177822172015,444.483228870997,366.437954969225,-248.812992291057,620.034250979462,653.661204132279,222.440797050435,284.946899690234,692.529288215542,-251.310208765962,205.256045064855,718.952802676894,-265.27845552359,257.176890979429,-325.158137415101,129.837897554546,675.565323706322,-12.5298428420852,288.057273997313,-44.1271538976247,83.597901542114,494.09694169032,52.2185849042976,208.179218083372,366.465005375016,267.400461443863,24.3094400760559,122.764505785751,216.409743735083,262.452351845718,237.869687279761,63.7041771222061,155.889209013795,210.972429188476,231.922672269011,159.823460725176,221.302877701592,245.448057508551,42.0665565371149,193.718378346239,11.9701359985541,453.701722857377,110.924796635932,14.039462141359,544.016510763324,197.617130032807,379.832574278295,1035.18330207934,523.804848277181,386.000847891379,822.075382157407,269.788286043495,308.172519463763,557.19834400091,-97.833153691529,64.4505072337707,-27.3191671009512
154.419704510492,140.739121392197,1028.32178360732,131.055766904958,-102.33133759585,301.29968571406,199.237586864423,-4.1285792900576,311.070437341744,413.748140565706,-72.5883775850101,402.37748796164,562.365014656149,332.789516185873,213.222205070204,614.387078457349,-333.970395726104,146.331020032952,680.066683029143,-227.884649132353,273.33991301488,-319.28115295761,92.4808843614728,671.945747913046,-29.4336247413985,327.205441605712,-25.7389111088184,119.571261975862,517.37078059264,81.3147914044043,244.064061795638,439.755035875307,424.381694974353,46.9836603126361,157.494261441922,266.012241485497,349.935059148289,342.965092250471,90.0630081797769,193.381080848289,267.598712099879,287.411443639835,195.797494055203,264.156530990151,289.472826503849,83.3918803748431,341.825969286199,238.932993043507,645.188791786071,321.61397719075,238.731259743017,697.891130006543,305.077939018751,630.465219831084,1209.00346381357,610.012622099993,484.014146068269,1001.79697616493,209.819032913386,353.380133647919,891.405245542995,74.2931257291669,28.8796625777746,356.370367072646
15.9842231938653,126.468799892434,1197.47992493542,43.5527094939606,-20.7351690829765,48.2116318233276,47.283573870254,16.735237410927,66.1560814320415,309.719303970109,80.9059883996069,119.527665178506,324.098803382285,346.04552732406,129.101171566858,436.110389852779,-204.888124314299,92.7406219819182,413.119105547383,-51.335391883936,102.212694260139,-152.44068579472,27.4458274919241,255.879624364234,-13.6741942240414,186.134392541381,-22.2366890804727,92.9120952841248,317.700274522777,46.9743396499138,151.500016066917,307.970099610076,384.485624748484,8.2114530490256,94.7029074718332,183.267683426547,267.381068990441,291.156309518951,43.3120720588639,123.695815147062,199.430028549796,219.724509027189,129.892949616249,198.346731159581,213.810753752554,194.574674349948,524.6881612963,527.464368534393,903.519975920701,356.062343853807,479.094914332306,743.289496085416,441.482674385148,799.227933724799,1151.08973524493,401.289387701755,586.204062839743,883.237731090844,271.88395578445,431.111544426772,991.478255819964,255.524704518976,124.908673546267,668.512601970265
-56.9803601282479,81.8737469424996,1108.55827447356,28.6363185880119,55.8565048869839,-55.2318444793047,17.9329498158519,82.1982285470647,-35.4416138176244,244.060441706185,223.153878345725,-7.1062781253081,212.464629147468,346.993585453137,115.833119287757,358.497637761841,54.9607735340023,173.136388832208,254.306168687102,168.763156118942,81.3713508947309,104.906301498914,84.6234534556033,-137.476352161052,99.4504688170927,85.0407539811193,28.6016472110108,99.1049615416441,127.75210384843,35.7721374379784,60.9184303511567,121.487849875057,206.178664751244,-12.7523837583847,31.3828571538007,71.041350651572,108.982801324306,138.226310467793,-1.46610561021219,36.8420716178752,75.7671966019542,93.682025499949,37.1225526158559,89.0489943676678,86.63225212439,218.786395189311,589.943031261322,617.277328822113,1037.04368219618,256.969163096075,533.619170111456,711.913313342276,483.817363530633,705.110455743438,876.297817389079,49.0561070275612,537.444215825778,478.129513608502,322.948974984484,357.972936030796,805.761890483178,257.658218407016,140.241240757243,751.117893406901
-33.5857065145434,72.6490560420865,1106.12047651022,139.563077246667,182.775066226239,40.6735136582865,201.799525533697,265.494052152571,97.4381313484379,378.751014759016,406.107279099212,39.7369376718984,322.04058102384,452.161806871436,106.759468270372,389.207161471031,189.510122785452,277.040715129131,331.501493889002,291.710504382789,259.999584555851,250.698177695809,244.145214985258,-80.751674945712,232.502705471929,171.869907845369,90.4692847700922,172.276945371017,127.097003658832,70.9479685735613,66.0473955445596,50.1540395248631,67.2924409956501,6.35668212963288,32.4360633224979,29.4574497472757,14.8203239166137,19.2980052863139,-0.174796220132805,9.77482961920415,-4.1273934022983,3.07206691457369,-17.1034274328721,4.36313574090755,-7.20169513682024,133.179174904365,476.632860195574,513.989537010838,932.897781776553,156.770113397403,452.660116673215,609.504767231619,470.067665255894,429.804081315698,492.428766154958,-217.747182182874,327.506289088053,-1.02813038064926,273.666296279746,92.1481735910041,475.712536049802,-9.2636077399819,31.8562645521365,597.619184227331
-11.1416339723039,93.9216282927215,1269.65255506437,271.711154212148,326.002213489756,149.648966985039,424.69045456963,482.035023248654,288.193024456627,587.008171280464,576.418721916179,98.4094647749047,449.997060560125,578.587049489903,-12.9959631103622,316.405420936029,79.6935163559299,199.080612687497,327.061261954842,230.140025766496,321.408774284764,159.23448982391,294.907185919235,204.579147578963,219.948344823457,290.734161739261,73.850633603685,217.281775711569,201.509128676069,78.2796588374274,100.766681199876,64.3624312822263,27.3628602373149,6.59848344473402,47.1974630260689,31.1856677863185,0.787943143379614,-10.0581948563688,4.41605744660573,12.5107317104692,-23.4955404519604,-25.0407930230987,-34.4971409749314,-36.8109690509221,-38.4924666820102,96.5004564824177,308.409823778747,492.868147111464,719.089297576454,200.79706917557,418.396421442201,480.358990557653,485.978599287032,202.087009198359,190.329675954293,-292.91976029425,83.9535678091431,-309.969482229374,177.688707744015,-202.835950090464,172.511760894318,-316.01219211632,-69.5607163899402,351.777474744276
-43.0459230134121,106.905909633824,1411.11427529911,319.720587539401,405.316981057602,150.692148283524,501.483123697589,586.052105263985,378.234945585788,652.13804698345,625.993350977244,110.409592349059,434.860768065982,566.148865696737,-151.658752533428,116.367814237357,-66.4197128241478,30.1171437376058,110.336100932642,93.0027359902679,201.938243298677,27.360524999529,205.756125288651,347.869493842068,116.040785937155,322.352505403995,40.15296899515,212.340948070528,236.877605350807,65.3502492705547,120.249056534012,90.327020334124,47.9284440313294,3.27669366147968,59.910270651259,47.1566491323851,34.4748915438961,33.3101455691252,10.3491937913055,28.0938942573543,5.90829955531079,9.24473857840951,-6.99071124361065,-9.34367424133453,1.60877468475828,267.565910831684,282.216759430059,720.807945441221,599.149826196997,469.774213956592,542.245151677723,482.941368278469,566.179773830939,225.917163876455,205.494807359508,-101.725674901534,42.8064422784011,-303.139254908261,225.535356273895,-212.201238119608,-15.8643053209791,-353.563248779609,62.5297607401183,113.73014427174
-63.3068499660666,115.458068325042,1528.68632302867,296.069799593121,397.898016628065,107.35448624054,440.648282677217,542.007409894848,374.379887897648,547.046978566353,539.162146582476,138.013365608888,338.474186544686,417.843669031289,-136.408207973119,-1.95965549471009,-22.6467623971063,-5.80697905249057,-16.8605010638386,54.3169122879279,148.550127983036,91.6936617246919,166.755334778751,393.147619638097,140.898628414525,369.228533946912,118.875407189491,263.795918730337,308.664602611731,133.395770011257,193.797571914264,166.275739434596,130.456051174282,75.0106438815486,135.413065146243,127.519710521631,128.273958929534,138.4831533328,78.5948326334645,104.793579182561,98.8287214026104,114.109217734768,88.0235657003169,104.516941653613,117.13990263602,587.405185604322,441.269888422537,1022.61308486597,609.894660670049,863.342500222104,751.316980135879,691.444106903465,660.772189519747,513.125383435014,557.362403613696,344.149673534047,336.153656722951,-43.1982493528065,487.220700286667,228.111501638752,-43.5076998028977,-140.380117523169,541.19612969587,-98.7973532296097
-53.7778339513684,112.53191054268,1542.15275296866,221.154008506861,320.629050519435,59.7666573741133,304.806926220279,393.611595309188,272.7880180052,353.513396772463,385.901514657136,142.285363145329,209.412443849509,240.58190946124,-17.087510901185,22.5700726392221,127.06204188308,59.6481276988737,103.227148063614,102.830421964143,209.270101091392,249.013194547634,217.61120088404,452.772196028557,285.945895040947,464.97734648604,256.321070153103,371.111046103066,429.991021560642,259.971386316074,317.322632809816,293.690984530564,258.580734513899,183.941604405111,248.348785277436,253.329432989347,250.025819248735,261.634351581575,181.574814260149,214.428073884833,218.781324719001,235.958886027758,194.965029983031,230.730127873076,243.866134861966,791.373610027179,552.432531890457,1069.3355244563,548.650995327485,1025.34790003526,794.711357870563,763.891629760305,587.033535448408,701.431516485038,740.157766762222,640.288836540154,646.395618444889,77.1530182283093,651.236894783276,710.042840348456,28.2430111940194,15.3492189976349,1047.49460431794,-217.636097774834
-100.366588243919,53.5447442903737,1221.84904522662,66.5377077692105,186.957311559984,-35.5694409213586,93.1864451301248,172.752365784266,39.6975218890796,85.7346762667048,217.743034854479,32.6690372701979,-13.8516749712196,62.5367179345281,31.4698709149405,47.5274663178549,176.829869330076,69.6973957470708,246.234399731609,119.390797010227,213.126844090864,268.430243179407,214.822221008884,422.256510811205,331.719406138753,481.879924986497,290.301531304556,392.625061732645,463.54838019114,300.044249941893,365.4036331161,360.847476630085,343.022811766724,214.294446059145,281.747657300491,306.667862971905,304.952988088782,321.545440323145,214.453626113003,249.841855353816,270.828798863864,280.843614526478,224.769001464495,265.179033087266,284.784452029216,759.738429399736,388.925990936818,789.141667979688,241.086288352751,684.798144852267,548.545568385739,260.487426727597,249.200327139096,388.141551106557,138.150388629074,318.566444574495,511.875587264244,-342.918258032071,407.49215387086,574.75156733767,-75.1988333267352,-27.0605339478141,1059.39467598179,-179.318626807866
-240.401233175013,-82.5702199186319,682.395278787694,-156.420856086333,7.47708465786515,-150.725652494108,-159.045620148421,-96.6146694540988,-206.32181931356,-253.787205370959,24.2205356421303,-107.406915295538,-285.383743451689,-163.451706799862,-4.51348760745422,17.9018437413024,106.317350095157,45.2903461467149,251.013782919034,92.8421410726947,164.746536116731,142.935372448141,143.134337665003,317.427909770678,216.657176497409,388.304829751294,193.746614044781,275.607165852224,362.734540006227,208.645909151401,284.910942040334,309.63768446413,326.994504173401,152.231834328181,206.770454627757,242.704256953112,259.132603040627,286.419895831087,157.547029700951,188.065879702306,215.95151637368,224.064577818364,166.705797130909,195.649922948129,217.74816647623,629.426265595182,20.5858592566261,410.894986005715,-211.105920651457,34.3476871069495,205.605814199621,-652.253570630523,-125.323658247635,-262.069599206232,-1087.91534482079,-428.135860318721,34.3663224274704,-1132.64579531831,-20.9727343001677,-149.405791189201,-594.771444750197,-131.39578489323,528.691107723018,-138.648437839892
-397.757440690285,-270.041146722918,183.515377198461,-366.710371133232,-202.287753040576,-192.67532963864,-342.020095102318,-364.903372285475,-273.698984129829,-557.691485674206,-215.459676516628,-112.284732154167,-425.608366112761,-430.9805502037,-16.9389342109636,13.6575684490117,19.8502908389777,77.3362560858798,219.539810878415,68.01500069831,203.920450563295,-2.84440802711715,97.8680926851676,306.626892551043,59.7041005444623,261.132862731989,53.265342154931,98.1301960701573,207.009081318067,69.5363010090397,140.557994921877,200.088214975299,247.091037432434,61.4721801822187,89.9804510814289,126.863392113137,163.893595429246,190.725498067107,73.7844717343685,96.1169540318431,114.808554452926,121.968358994105,78.2948228996065,92.8508426295342,101.328964434202,471.477792947115,-342.182946925229,104.370934427851,-596.784489766803,-532.106053061331,-43.1924691497285,-1319.31310091483,-277.898701722026,-695.001527233798,-2022.74401315375,-932.932099262439,-271.706189573952,-1674.22492774952,-181.976689965411,-680.920811536222,-1315.87980917703,-232.964830116649,-9.95778915385602,-343.803000855344
-447.503301884059,-409.21409139819,-331.09814340734,-449.188458720658,-360.431570621876,-133.036890237702,-363.762118808096,-521.49347960432,-144.941328905129,-653.656256433498,-415.270104979846,23.0963891353669,-348.175586748379,-601.281189112765,37.9969587381125,74.3416634176402,-17.5161601106615,142.012052223625,239.925629540731,46.5416846332858,300.307798423754,-93.5911626130676,81.4707486470504,337.146717495879,-47.6191097155646,110.692859319625,-51.6900027045938,-45.392806759887,40.8803894760373,-24.1979060028272,10.7456096625298,107.676548030247,186.537845453733,-1.747372144081,2.61078657715892,40.8840283082619,95.4113830777198,112.248891407812,22.957811068181,41.3049678178025,65.5054363435112,65.4825993166885,41.3509781727803,54.144847639273,35.675496816062,241.579438820308,-515.546954605808,-106.194273049775,-755.069504126133,-808.361140286687,-203.326909761863,-1360.11594064744,-240.078061959469,-659.053532877556,-2017.88075159287,-846.114720768477,-211.452997753347,-1600.07606049894,3.93934660485729,-487.494244639969,-1642.25021075064,-356.266807997799,-52.2313307057747,-678.632497970757
-326.502261204192,-376.043852542861,-902.070473770881,-342.679805142101,-342.427479336223,-44.0243235650512,-244.902037596124,-463.3483972248,8.1449519391647,-493.790123250298,-418.05004800496,146.236027388817,-164.787982327633,-533.359765709231,114.75909987652,144.349674526015,2.17209204156235,165.96416883816,237.504211201648,34.9641142057792,296.92558805544,-97.0498523578914,51.2135199812861,210.013106312661,-75.8183354491409,-68.6233037442241,-69.2641468568604,-95.6243579093419,-126.717736968324,-31.2239673002221,-58.5502342819876,49.7734786733156,181.08780116217,4.7835483881892,-10.0116985719357,21.8883384756321,94.973807995393,114.518114206652,38.2524856459764,55.1685835186884,98.9068923632829,102.145472186124,99.5970551293002,123.888414455886,85.0992132858917,7.8841436103861,-318.174251811832,-172.97762033337,-538.289906791841,-713.520417201826,-250.355869548185,-907.742835671942,-141.687867186111,-321.051365962242,-1276.34923436879,-352.626770018349,13.0958490541855,-1055.68072959928,279.420196772041,152.756094265842,-1229.31480529934,-348.165429238184,349.331150002755,-664.473531293626
-131.717216274771,-204.184920993469,-1450.13144053794,-149.254993403204,-174.595192060423,-35.4056381181389,-127.808993464074,-263.313196793854,18.5090150792524,-263.260590693307,-237.972362583709,122.577569487444,-67.8431148572123,-308.887748246581,135.795247028289,132.142903531907,43.0456542451495,106.284688432914,116.66428955507,33.9371972487852,137.105263886101,-34.094626232215,2.73725302476887,-57.4119254852545,-53.7519565273289,-224.247161507742,-17.5188551042888,-78.727139336658,-263.499170883095,5.81807526403275,-79.6582577162755,-13.0923737109339,160.330546680913,56.9244612715395,22.6795121734539,27.8950616517705,108.509502839924,144.609801767116,86.3469362880524,92.7467429179768,134.414500949144,157.473691808101,180.537290540313,214.424264684117,174.407374541154,-137.636765755291,243.716137144302,-125.759742422924,12.7342706949143,-246.886684735072,-136.508668996218,-264.318439890377,-30.8951525685591,62.6553924843066,-416.065153515283,168.803944010754,199.71721653708,-411.236640711084,412.692833444372,667.242978982491,-386.798871025629,-70.443967042158,720.826174791174,-129.647473503462
-17.8625998722169,-66.5326618348208,-2134.79715856271,-38.27689773918,-40.6278440927199,-124.510309075815,-120.284706085256,-118.594147604837,-108.634523766728,-172.504921789277,-84.5724610084077,-28.0258561765382,-126.763512385782,-154.031041503619,71.1682545407342,5.19901146027197,67.3578884807515,-28.9303000945747,-89.3003069227849,5.63253813353077,-86.3332487026799,22.9083666569228,-69.0951611423608,-264.130247401119,-66.1027988290121,-328.251680939309,20.9595428976143,-86.8205316634985,-339.713951619729,7.71990176301089,-105.269526252415,-102.295910407546,59.827542939419,77.6379971188865,23.0799415830609,-5.7706297304025,57.0125711275371,100.726459534164,94.0660987588599,78.9732913556977,97.4576017199728,131.562246102293,184.076742877855,214.916055304259,181.062841936145,-243.463726251206,799.666223954237,-167.876601665995,498.966088187698,359.635252772723,-18.0674143479502,302.103905427526,21.1671535916801,267.909344734802,115.453004715411,480.996849927237,240.201678997093,30.3524678072205,347.152918071096,815.206419937855,268.506091337384,246.697600306992,745.299665011978,471.118326130123
0.340619011757688,-36.4306338753906,-3104.97613013542,-36.9810613433001,-28.5278838717908,-205.773251197272,-163.720220166242,-99.9199601012611,-231.582262087085,-205.720970413587,-71.3841417767626,-168.152285560948,-231.834590316035,-140.37910111014,-19.640674039471,-151.027504216809,81.1363712328615,-165.093504038208,-244.294060051168,-64.4534003403304,-241.776243683173,27.3800675082892,-173.311872708355,-316.649981483667,-140.293888117003,-392.681295826785,6.48102162577743,-149.900073639723,-349.347413507977,-34.6440154374403,-144.998244836372,-163.179385544059,-56.1686194830793,49.3774052908141,-19.3504534346214,-63.6448771970165,-28.9273817296687,2.44935330971801,53.7306030960814,24.1081782334188,30.296198589292,52.1832364771864,129.789585795448,152.562446969485,116.507333068647,-351.411774693636,934.236212708531,-381.143892240893,512.874407107102,732.746166353858,-99.7381589810498,559.785096633148,-74.3359706531645,150.206003026368,187.463094766282,558.653596875643,74.1758890058758,147.518110504776,173.160599624057,666.761711795749,408.766593041284,235.641601225962,522.536041461189,612.525922146636
32.7534134681883,-24.0259106953645,-4135.98615876361,-32.4752417031555,-34.6587972284744,-188.50858226005,-136.242820836861,-94.4321907586345,-244.773126683407,-200.086810001563,-81.4812728367794,-199.721939753886,-249.764901901493,-128.905610868884,-53.5857856938271,-202.573813428637,104.786366888941,-211.520611681477,-237.648777415944,-129.191847598655,-261.102476683774,-2.67065378299261,-270.478008522687,-264.082131090123,-186.317537253851,-377.384118542437,-18.7017663017562,-184.984751378886,-275.073601746504,-54.2997754275242,-137.30840037009,-120.636035899761,-75.0348737810982,25.97295007258,-36.1279858720938,-63.0715851785819,-41.7130744748567,-30.929818068758,27.6642237254406,11.1835108451947,30.1736739528348,34.3070146351841,118.476178613877,140.340100551468,94.4474211932345,-379.320386354519,662.325799687238,-547.047286153465,151.493416691673,714.587863664656,-338.382773494291,477.681584128553,-290.147424099506,-176.800702822516,-32.6383933533894,472.512852454214,-196.346590691531,26.5736653996404,30.8691418147699,358.660698503906,138.883015627726,-121.229828721811,287.209906675506,227.130341577785
158.231621062952,74.4627716236568,-4886.55898782014,67.3821174171638,68.4655068804147,-69.756628715099,-0.594643504033149,16.2851252580881,-141.464914930666,-70.9588159548657,41.7292942920127,-118.963177566778,-142.798094573538,13.8357455840152,13.4832838849195,-81.1478231038267,151.394761943369,-126.158169049958,-52.4699715402701,-114.014109592916,-150.462614401999,-1.8112372870746,-271.039213325663,-121.521104174639,-107.658984859636,-203.811772671335,7.01206830399222,-91.9769859933335,-81.1206511255751,8.81983308744795,-17.6881638759498,39.0527366703591,35.7801121746366,58.5655438726703,37.0262311250302,51.4268871655724,72.8690570210827,69.3098184975148,70.0140752594116,93.5345453476276,139.977153180773,139.847007897154,205.866704211015,233.915030966022,185.467829680243,-281.454416348815,376.819758234498,-480.745185451814,-104.054201206174,516.17573930761,-523.82604438408,318.039387112082,-466.669503123702,-403.085164547854,-193.471697789669,334.196166861833,-331.186874628388,-108.828597398183,3.31176887798222,69.7163118052868,-238.035151166495,-478.581877100056,138.636342901244,-378.373703725661
344.42462635363,248.923307912954,-5269.8833427327,233.474942032251,262.736274492297,99.5789814650056,178.48809452913,207.028452102979,28.28333603923,120.72385035948,281.524702847354,25.0188158646182,39.4183146836025,243.966110119667,165.245526000197,159.933994518875,224.356887508653,56.9533322803845,215.914922233789,6.83290124046336,14.432901418223,70.0511366276926,-143.738206407892,82.1797170313857,63.6634557681198,76.7649703866665,86.3840269929166,100.683805839031,173.548763522829,129.081392646036,171.299647426286,224.271098955543,190.78022933868,136.853702408246,172.718549743863,223.458620572152,240.920553955034,229.907076513001,162.555002413439,225.061650391346,294.338973976938,297.824032070322,336.016599837816,371.048838635422,334.862971100782,-164.689341669646,304.296721921711,-307.561963633426,-49.2087548362654,405.68704233368,-530.246907873932,308.920155411475,-454.493182285244,-393.563901238315,-97.5457755876619,262.991274598988,-240.981164325487,-80.2637988691426,71.9625677212088,-42.2105032879293,-422.626428486889,-520.926886026748,58.3244981599683,-763.257675750862
490.26901166606,399.547262541716,-5496.77538125798,358.521158958705,420.424021852149,239.004416749409,302.948773385879,359.110966597418,182.928959774656,265.843587741403,488.162701222711,158.216087741013,204.907259591969,414.629456823949,324.991045028526,386.095995174473,293.732825321168,245.368514210103,409.232360650725,173.452332654047,131.050256132899,169.804230866334,28.6573948181126,186.017866775695,208.188024584103,270.693576509877,154.358430394564,245.936726120627,312.784343178174,210.49234199572,289.16564134151,296.024702263754,252.917175489217,190.978068845076,257.261066550987,314.15528530946,315.745158556282,297.233680064293,221.271566459329,294.991986900863,362.571402086199,361.023662532732,388.904694452174,425.986355761788,400.002948144831,-141.139284251762,267.366242010538,-224.504059271628,49.4347616834987,386.439681726753,-381.83971186092,371.418850996029,-271.076528815075,-277.300626721666,116.863275838076,284.207576501036,-72.873906736707,100.825464689062,154.449386068909,22.030196393291,-286.689755516796,-234.059766335323,33.4573470555282,-629.340810305588
532.709769502568,466.050949109412,-5761.67868917511,387.379564048924,482.415618252862,287.328599070197,332.46478484786,421.284380273042,256.49221197558,327.02733513339,586.369995702818,224.13274459336,292.26677550571,476.779726873123,416.061402492841,505.905260966622,299.98696275841,362.645857218234,466.309975641207,300.287493668507,198.220773821134,216.716123340921,175.83926929691,129.915366482822,278.298356425101,320.444096657621,161.12473841073,287.606668320375,282.977722172407,212.853163299066,285.767375371607,246.922688939803,200.978056265339,178.346557943147,243.384801709305,281.620502716316,263.179117828429,233.636758487589,204.552621333193,269.211873146567,308.749142800456,291.579984725129,334.286864139268,362.717902316926,330.268968854295,-172.333247043312,106.304619280656,-210.221016463513,-10.4283839016371,354.237423298587,-167.566817384584,356.293711109724,-56.0934225325751,-156.959462781597,233.936952705425,327.397482269997,53.9128005056413,278.183753799252,197.174908585132,155.337103931345,-6.27445951744804,144.689222008136,90.2594761837679,-168.608871258107
498.978244546528,480.864748049147,-5883.61647008693,368.031802650862,509.987209322393,265.239637501176,313.408776554612,446.232598853028,258.444428427802,352.250094029664,631.606778391826,229.127799454077,319.759563136538,508.900622696258,429.828833657191,536.987736045644,209.661101780586,406.918498193773,468.744590317504,337.866828307023,313.066511328499,155.646309276842,318.331840213991,122.12074556136,316.493908650745,400.346422507687,130.362431702678,333.996934716613,262.099433583421,203.714163261367,277.037237282729,228.649025433917,165.578133677013,142.780930740286,222.722922785936,247.538761902238,219.048710037139,175.485282447386,174.286685657203,241.866301555053,254.986219094871,224.794595325881,281.84085913884,297.744256688334,256.755948069322,-149.103641308937,-3.58670685124505,-134.190727186331,-64.4006152042182,354.993378090724,29.5756425073044,312.006185434127,99.1158512491266,-14.3115215096309,238.571945715826,332.025176904759,158.025554829859,324.812021531533,218.843927813823,267.13331708707,134.586725947615,368.664066267722,191.67881092745,134.899659968235
445.880614309235,480.447564830647,-5510.21299633478,351.816456192017,539.304860703631,236.165181164109,295.085294375043,464.673704068629,239.417477004942,373.59897864082,657.647525423216,215.977338209408,325.032764402476,544.779301910251,421.087753326595,526.281767831906,81.8394265271799,424.322001901952,448.62129984865,297.708113985529,456.845967377099,-2.11845857962704,448.015558662185,257.449896535151,334.77046667399,561.446221395834,108.455059777922,431.120414218273,348.682056437878,230.444206035748,331.530922720319,295.377211330462,199.898183191527,136.835544901443,256.582775876098,287.602710402308,261.333166931057,208.532192784108,183.746555252421,273.317012402794,281.990460156003,253.420414515868,303.639987584839,319.966044416281,285.352700389458,-67.3957985697347,99.2786200189067,5.56687895780988,34.8644693007023,452.133212242457,147.55046072293,319.033948407744,180.104593190123,125.195581157529,218.86472274697,266.512007286485,236.454973718947,239.708646733635,239.230734725095,306.461302571991,83.7722599410111,371.377299208373,222.71195695107,125.442762285338
383.344732430119,439.802078207908,-4721.50174931515,309.29589704343,509.532178129875,202.595946291605,252.055494290819,420.314657471724,202.056655955824,342.804930726177,607.343284747125,193.790682967445,283.764946508925,507.535045182607,431.394302606834,463.335276099571,37.9382848498812,430.097420528468,308.956798319522,245.843925505155,453.540292829424,-144.110446211238,459.060743474284,263.650454011989,292.518458309331,546.091970243207,93.7280663921042,432.554419213217,345.10359272212,225.545776312208,321.878973641923,277.391809191193,162.141171892871,129.767122555389,250.869616787622,283.571810618224,257.047112678993,211.491817205595,177.785189364348,269.049670092187,275.804585633719,261.10985277784,302.186102918705,326.447462325239,307.086185852796,-26.7475354138753,234.777700743333,106.923474760569,139.937372799447,520.280542797837,169.436477302112,280.224464261254,189.111286367287,185.394495990589,166.934927251437,91.9449361776171,236.114708860061,88.7063025083986,224.855424431992,261.812180069671,-24.9733586800539,235.530818712461,145.334574841304,8.94135001607624
303.833346026364,354.725313673852,-4062.7045134312,217.24412872767,406.974840069402,122.042321225692,150.754723752432,292.86832106849,114.37856394525,225.115785776189,471.851754023214,135.502086610384,163.655363264824,376.851391311215,427.15295195138,322.515996094629,114.502271524379,387.073190685944,50.1134759905048,220.153446691856,273.303910239742,-136.172335759271,305.892476410137,-0.622502726873869,184.823718084515,210.19476712522,57.043043053804,231.839212454265,81.7640012371817,117.094842755704,127.979109052723,47.7912299626166,-52.8467390905172,64.4938053726514,111.069731185309,112.399701540776,71.3240355346281,44.5699344747351,87.4983122180174,129.67015851119,107.216212021432,102.583109218766,159.957184570262,171.998253413296,160.2903314232,-87.5244592716064,188.968853151304,128.123732795821,96.1818875329697,393.358160038074,130.290887529456,86.0095131279797,144.64330199579,161.756400284273,43.488664839956,-176.136966247326,162.056714270215,-72.7498429997122,151.470127921734,166.274429205525,-134.096481186044,66.1171104875382,38.3873651561361,-89.73671379698
238.682930436153,297.513177530588,-3836.23816810719,138.56611082333,332.117085138219,12.4513465899142,37.853389026517,179.708970596846,-5.17901168673181,92.0516736181562,354.833220098106,36.3191009759917,15.8858004151258,268.247472308271,340.995560309078,136.174543030341,207.181761873309,267.902994550149,-124.719471621736,174.839363734366,143.189925937585,1.11407293700462,103.1019820712,-189.184230050313,47.2770700056772,-190.253280142441,-7.91445659381483,-63.1068569871873,-280.239237350946,-58.8842923315515,-166.056166059518,-272.225498364772,-342.31410904142,-50.9696885609803,-107.454725924769,-161.293053360502,-223.555365600138,-239.555334410423,-63.840106181492,-95.7096319767815,-167.161468425476,-179.079195489389,-85.4850487442894,-112.088393231801,-135.612321399518,-230.303162594055,47.7064211310568,79.8537265841467,-30.4538950352778,99.256402363162,46.9611122784077,-184.243398008695,63.2938945859451,92.713186211119,-102.432447632861,-424.862563280955,60.8428791309113,-211.765966850067,41.9460163786787,57.8314287572391,-262.969012759952,-76.9339541132484,-41.8568984278025,-198.749853305275
222.200680351138,312.834607704537,-3709.93606888309,130.049727736407,340.266469141608,-50.6845375399604,-9.84989756227485,168.576323303854,-87.6004031299823,44.259171735347,325.330235734693,-65.4609367750596,-71.6665974388265,264.875153370862,166.702538678957,-31.7262754255585,220.43699456858,93.5151000132162,-75.1964594728476,63.785112988338,180.371616201953,95.5813759738428,-53.2087202715239,-23.6141058623284,-105.851812504561,-401.711306910576,-85.965810018392,-304.238524191244,-497.532210846703,-216.986430508988,-396.717669262126,-489.669561349791,-530.217262572075,-161.612680892856,-288.588337052601,-385.804460856794,-451.646227609732,-463.518835550064,-203.804445676268,-290.195469688581,-389.628361551306,-418.063936028704,-302.51791520009,-364.887255387526,-411.584592605161,-410.859296587681,-24.7479636331538,-66.2001482355983,-148.837430331908,-196.79101024268,-103.808961041392,-395.175318519152,-70.5880385246923,-30.5346838601509,-211.628138424863,-549.529063895341,-66.2853253042155,-300.315480412149,-94.9500098310428,-76.3096429726567,-351.925041600398,-164.77203545899,-128.309074769185,-270.051369534694
238.009708263621,343.996485172497,-3289.7512159278,160.047756619794,354.316854537492,-43.5217214592086,12.0350091372004,219.646131321064,-105.802454087021,83.9277240303257,316.679230671959,-132.814781869741,-88.8933285930249,295.399037402648,-34.3499835225989,-176.796180102205,169.646013337028,-113.475200707679,32.2940389785248,-101.212626810094,153.763298022785,36.2729536577975,-232.29479571479,191.080042742593,-272.42661412187,-513.95837331066,-159.699304102868,-465.676102655969,-555.040454997662,-310.614470875866,-500.935916778851,-547.643589012051,-535.663777901433,-221.160350993629,-376.674520349344,-480.69479648981,-513.578528014359,-504.361802250592,-281.876634072542,-386.752049761856,-471.442463896659,-497.788733382864,-405.58070840314,-473.176777994279,-518.706002831978,-581.779039263464,-79.4487596144893,-315.578333453032,-305.097024676492,-395.92028212566,-304.66522716322,-543.786852401866,-251.624811445689,-224.10271981395,-297.536812605396,-549.96151275284,-255.700290566652,-305.942863324838,-283.638465855961,-283.992176712611,-294.252647952334,-144.706039129979,-278.386950403284,-179.913130551086
235.165864919942,311.509164784361,-2659.44208645197,160.7682395131,278.878998611645,-31.8871419687468,22.7543867884067,222.429295244982,-122.769748784281,103.190638997449,215.153881432095,-177.423328424236,-122.730405690862,225.597799891112,-217.98460832059,-374.455578945421,78.255792265375,-369.730337739615,-125.345593880484,-305.085879365268,-202.659401127263,-141.795373058177,-526.866869073882,-5.0369197676619,-444.200111816244,-693.936684366992,-237.103146218784,-584.397951227118,-570.713800850961,-354.730454564047,-520.14494867444,-512.316674024676,-426.187543274106,-234.709750526407,-391.265311296209,-465.412843102007,-445.639182836956,-395.902856191263,-299.792795478098,-394.928779845558,-437.994318804935,-430.27315586866,-401.526719134146,-445.619504067847,-446.072105580941,-671.947369127293,-239.088656468109,-542.186531495703,-547.395017938158,-529.526369821949,-472.277305959866,-703.437896307647,-398.653163356503,-429.351505313176,-393.385408711076,-532.420799112436,-482.07518495376,-241.255322363439,-489.414967378761,-548.494904060336,-115.056852766674,8.17372398278783,-491.933457425038,60.7483105832478
191.621080725684,207.576051419732,-1965.86536743154,110.285462771187,110.632938173412,-57.7220217548279,-39.4616398795166,120.314536238317,-189.244270462587,11.2503161959608,1.00953502492002,-216.851397644449,-229.789090956792,13.9945976047957,-370.326938473406,-650.497760413687,-71.6441958027434,-666.458316302269,-633.062474399475,-521.079493154507,-802.714377737406,-363.505399572186,-866.422118668525,-576.023590286566,-630.721184373172,-883.500575077786,-356.402741670577,-681.288031209961,-591.881257710007,-407.936799184171,-520.444487572848,-475.847758143454,-357.112385251875,-259.660895309501,-394.462832345793,-422.962320780102,-375.169463547948,-296.010403879824,-307.129139207253,-382.461302477314,-382.144732155974,-335.606205682096,-363.120303566339,-377.060831050221,-325.647675842555,-599.791420395679,-437.657963926333,-579.299492232325,-766.446635037324,-630.009391417042,-539.107665307403,-875.296318109789,-418.012470175756,-523.775720949469,-491.223736342858,-636.833429437517,-597.585427327692,-200.618818012815,-561.299244947303,-715.827167989348,21.7695553300059,188.600307865322,-652.098202051867,273.256666113495
137.919279733435,80.4375254516204,-1058.90851307156,37.0738619419803,-88.9418323304399,-60.4473253845509,-133.187081255523,-53.1545994898641,-242.163951182965,-152.683730669358,-248.427054562997,-213.959031031262,-336.013862331619,-263.634057946276,-460.508885018178,-903.852543348207,-233.178323687704,-922.631332989829,-1224.11454633901,-671.858149409317,-1326.34431426262,-562.932733995524,-1094.93819517449,-1117.32221434085,-838.627824433197,-947.684376642805,-518.251573713143,-759.176291014646,-613.42358212965,-504.569851454724,-538.656670282793,-498.670164715433,-423.728717814974,-324.060224393691,-430.450369825642,-430.990917101296,-403.5959812742,-337.944268593998,-340.518043799461,-408.92572352304,-387.16502999066,-341.239652362578,-368.857187241171,-371.368780058737,-309.934778319999,-385.832214895214,-513.740263449256,-433.629781883897,-792.168129225107,-626.441036994175,-514.316693507564,-967.269785976243,-314.669889571935,-422.884028399165,-551.912536066324,-829.528908819115,-455.241585390692,-242.98356741806,-381.463911343322,-590.840700605284,31.4266516493688,283.317327943444,-590.475325901319,324.286771563686
72.7328767855647,-59.1866802448395,105.70858875842,-64.6719950252736,-299.404058645947,-16.1991132655143,-210.675800361155,-267.001624298723,-233.061511958218,-308.045747818568,-507.364470697608,-166.757326861119,-376.312633476447,-551.271726664256,-490.255225902041,-1055.77326344795,-309.229666243863,-1074.3676304978,-1619.03862417996,-719.664213308059,-1608.91957275609,-680.806258230262,-1184.71573978699,-1431.96516064142,-1024.30373501526,-955.12680955835,-653.836312441855,-823.311092073276,-692.1136571675,-613.894867097847,-598.391788250305,-617.386224215224,-627.890472477,-393.299694025251,-503.021656233267,-522.67279193064,-550.392779925908,-547.89007332941,-394.156611709423,-487.01794257883,-491.292519164645,-495.609094005536,-460.989435930204,-483.036701530935,-456.006622055919,-203.837725057855,-492.524262474521,-291.078556609154,-663.609982395071,-509.440514990118,-451.455400211611,-925.836773997564,-191.285638837598,-196.900652089965,-558.784174905618,-839.713905367905,-122.778969607272,-276.150085338858,-67.9640901303736,-183.217260730482,-2.48359533574423,345.431029426941,-308.644128068712,244.635203930234
-67.1918949308151,-237.824283648865,1251.67092541211,-239.263312894092,-533.528421993656,-37.2282022325991,-314.800437176312,-520.323235447016,-257.616565164997,-450.86675009923,-806.097008927897,-179.117391379538,-426.149718141015,-843.547262342651,-508.707200199535,-1114.74848855311,-284.116582844635,-1093.68351299316,-1719.13372607604,-702.285949290438,-1632.4225963024,-703.469057053721,-1194.64902996217,-1564.04661168811,-1097.20497161965,-1052.5042141225,-697.509037648097,-864.513193923472,-872.398810606894,-682.410970695607,-708.649290055619,-824.186960390118,-925.422870697526,-438.442905859016,-596.429296138533,-679.443683716016,-774.448864181591,-861.535826350329,-452.914914204752,-597.943311463556,-679.53578911198,-746.538052170142,-621.712982182818,-684.333845203022,-707.470920297412,-203.342657835087,-526.164746026508,-280.565153738903,-589.750363137032,-436.136946789944,-397.171694698801,-798.008401335958,-129.94837533346,-32.9687283714894,-519.955252804928,-525.089422866549,156.597135268349,-184.862671755445,138.258474712846,225.753183452001,6.02178565086004,451.003006959701,-14.8747395603564,137.273211062957
-264.135919339571,-400.809718911168,2101.03436918461,-435.607600586245,-708.910735127141,-196.669611147685,-465.487043255203,-728.203045628086,-400.419273354979,-579.20009853434,-1042.67483958643,-318.991370673418,-547.338960366174,-1045.83157252921,-515.589351776896,-1054.20907981484,-225.318109049561,-937.668813636155,-1468.97988344385,-635.100612640875,-1322.69797348921,-660.859274247666,-1087.18959400229,-1430.86247544012,-1002.27252571664,-1129.28050978279,-649.931032948597,-833.371771032091,-1016.50675071522,-674.812437672631,-794.086524144468,-989.520173371918,-1169.17520772555,-451.420342088753,-657.360805015043,-798.919508238679,-954.566617992596,-1115.90293071269,-488.559168136991,-676.703931201781,-840.479307940182,-944.945324660113,-746.09924862071,-847.048219781653,-910.826975532813,-335.526603364216,-533.993256547633,-347.024235902445,-548.056162888037,-413.088758359933,-377.258418363356,-575.928932085587,-122.607528686778,-24.1806319175521,-402.107698186937,-107.934307416204,246.750516029559,-8.63806134886504,166.765089308793,374.853137930826,61.3944240376668,529.519802683804,146.397501776169,111.641199092971
-380.176948266656,-424.295194129317,2680.97094645904,-507.473407690686,-682.793522670555,-393.059339822473,-570.024235855427,-745.751337331768,-582.910037270858,-631.181064969523,-1024.79097137407,-518.751878074082,-661.068400782975,-1022.17480603219,-500.794229517822,-876.26302255357,-225.270022062087,-673.028105025507,-953.839627661338,-549.255263673857,-772.391426937942,-602.212974297027,-848.367396717504,-952.406474515932,-819.38399823384,-976.536563342398,-562.27974519689,-702.662978297229,-933.911533762428,-586.043314966578,-740.457777056754,-945.648013423828,-1161.95806786176,-413.288534056528,-612.363705290203,-756.710131918333,-935.415120048532,-1121.97097774228,-455.159852825978,-634.913071444733,-816.786109920834,-929.800323963463,-707.762541100591,-818.652221003869,-896.986818312488,-445.679592791099,-232.036320323016,-385.585737147369,-278.855113491827,-163.674603634245,-373.252790884685,-156.939199376702,-120.460979735227,-84.2432661858256,-156.453333771807,177.709697219097,201.849765333051,150.303484676734,100.923504421845,258.880258163262,178.234704555745,545.724222082094,201.101141850282,265.546651420782
-323.873682507764,-268.213945256462,3279.41498242661,-376.635100001469,-428.443353318657,-466.196436087339,-511.289469908672,-532.53385896845,-645.464073145554,-541.191221245679,-722.54112261137,-655.981881128393,-647.798073493454,-776.561958788402,-513.954289236465,-701.299166956022,-337.676814758657,-486.119433841913,-502.104894786191,-538.870568934587,-360.664265283914,-569.356010234817,-641.476562150978,-408.828608752015,-678.513955526419,-684.246823785748,-459.697617164173,-519.304607120911,-656.765046720745,-433.581673260219,-538.560647777205,-682.909163696642,-874.138904996601,-305.63443576451,-443.297706831805,-540.106401928649,-680.95660441442,-842.688967711186,-329.205724141145,-448.28431670787,-571.95034953333,-669.778091552582,-485.697304551781,-567.082145055592,-628.33902218144,-444.402533092609,374.796499964579,-375.064375663522,239.043329985005,421.168428074849,-307.730101788657,432.575233327041,-71.5243077870038,-91.2271146235132,185.635408624464,398.202973224291,113.029516646697,326.597778615267,-12.7762220523371,28.4636912127884,388.234471050002,654.145830964114,170.16753242262,591.763711842402
-146.58852696281,-21.7417107651181,4023.48403970157,-103.219594723378,-67.2679282400652,-359.957639871199,-261.998048923315,-185.089196748778,-499.584597059244,-293.560174942291,-308.022625555384,-651.814559546365,-467.436840556399,-433.005034665096,-557.401071663203,-590.28830052672,-492.210908520166,-415.463394776525,-320.44611452447,-595.903965284895,-292.195378954915,-540.177332740883,-577.722552061571,-213.321219792915,-572.943958111449,-509.127017080351,-318.001001852497,-346.216334008844,-386.547053618438,-246.351910676027,-294.328674639068,-356.125169176763,-477.212962888632,-143.1864040487,-213.169876372472,-257.149209468061,-325.064796458521,-440.035995985179,-141.948410746949,-190.510606506862,-239.121169141715,-298.758756820146,-183.175988333358,-217.448160071221,-244.25915698563,-318.726113884173,854.862021589254,-350.372940990708,690.178648468683,1029.02145071967,-133.051760849285,959.973748665645,69.8505587440909,-22.5910549796781,521.307423002592,688.343278526263,33.6892567466516,611.043590752486,-141.017244943633,-172.019799153805,636.444263483524,948.567137933844,23.4046065635516,912.940588916017
25.396653838167,185.123172006313,4650.84914443969,172.29920396963,238.412160507779,-163.039190178937,67.6857524167694,149.073067191153,-213.369334845281,26.8107175716573,20.3473046612671,-523.323660264736,-203.665515732785,-120.202657621029,-560.912325136648,-480.513155056611,-564.046692658145,-326.798015903637,-269.703438231928,-573.712149373807,-350.569038606076,-445.875683518326,-510.912641555117,-376.467033614497,-388.880929857621,-469.412020555174,-147.154960560626,-197.876205898101,-223.269441224204,-70.1810511085706,-103.394575957439,-111.079840246104,-155.668243128042,11.6710868284343,-17.4560186546278,-29.481042462774,-40.6838577362141,-117.845261186551,26.7868715238293,24.7895759434327,24.7377085032761,5.35406039418812,69.1683539828396,69.0879020149246,68.6642036627617,-80.2458934034457,860.587370573365,-299.560632606181,833.459617508901,1303.59733868453,101.624035630262,1204.15184030008,283.410147938714,73.3916487768075,741.488450059696,952.711069887765,3.58498287096933,899.358697733738,-191.516850241921,-250.500254163356,773.501053706831,1214.08725427179,-189.330780799181,990.91886011829
99.4659514901701,278.105758466751,4906.6003156744,330.718114005307,391.115141258391,-4.60586048796724,310.201440900087,360.443315687753,54.9609065975207,266.031850242344,184.289893075258,-350.826545219157,7.29232999805148,81.3546126622457,-495.5977252181,-348.833831136369,-517.893527516667,-173.662699555777,-170.80488177001,-399.531777843394,-261.679396642272,-270.661028327716,-254.376610946949,-475.556684706976,-86.4417555957615,-327.743409241045,-4.77399120772697,-32.0809282647657,-62.2968802702797,65.7448879610155,53.3955392580816,58.6014503713279,51.3470896390184,103.188935897711,111.064111140285,121.757472463054,131.472209599084,71.8084685201219,125.182647847695,154.973025822762,186.9611483611,184.065572679465,215.752468992208,235.692122172519,245.043975781204,206.628613354667,532.11938380057,-124.509445061036,747.116236251284,1204.89524376416,330.633070743856,1145.02139810959,469.748134694565,184.106631476994,767.750064782642,970.809711398532,56.8322684864181,936.391146070837,-98.5987516369919,-175.751995523887,685.691642927404,1119.46505269466,-314.418265558436,725.406254704824
40.2043894341904,237.486333378737,4915.98871214068,319.112267497551,371.486135362071,36.421645088066,357.630593324416,395.557844516526,179.556528875432,308.446951013984,196.490931169878,-224.975381192564,78.4333746566868,125.441560461583,-423.922447879829,-277.687576379678,-440.633155459159,-93.9682865540834,-118.72355650815,-205.260745116253,-95.4635085219587,-127.499513204034,80.1356252195776,-299.829879426727,196.579512462966,-0.181962217646809,55.0329212383231,148.957951719394,190.897870595068,149.62444224646,220.912584758205,229.629128311193,203.430965500794,122.079028823856,195.814927224914,243.965204479679,257.567735649926,207.758659278239,161.249157476827,229.904523952483,285.973963593434,286.040719747832,264.757931502171,308.28444527391,331.060317398962,392.026821975342,192.273290649205,190.756588715904,627.802048734065,868.149366793094,502.599906598153,885.636601082882,530.676052497494,315.083377826271,577.131302284878,658.721705193341,173.543374977927,608.343103390772,63.1512044928764,-3.68890542005304,358.343335462572,517.52778529008,-266.527364387355,159.541492719439
-168.498614486063,46.7133639665213,4932.18777733603,119.394360262752,184.187279687566,-93.9074209095104,170.241306026843,218.913966034072,82.6021511540334,115.370277901035,46.5724757323755,-256.837169441466,-40.2333819539065,-33.0792735093233,-474.648397118847,-384.594246329054,-463.571874397824,-266.434536577641,-357.430182390321,-181.485719598671,-193.692982212365,-130.403978765723,168.317007987934,-223.136095863068,259.642834599634,208.415979828922,-1.32589099495614,209.512696921209,366.109692280721,132.18217739661,299.317165295782,332.518628829889,281.189330676889,61.9479139650962,200.462833991615,291.369216210996,314.420366569897,287.855695331011,124.854738393364,223.261693857946,289.872275134965,303.897056516917,208.454471121852,275.878311162759,329.423148960606,395.32643846358,-115.128398357804,494.327059073642,531.251285879586,359.089049463324,593.164780896534,501.7575793753,487.54524489129,447.878619911739,273.294848583342,143.051471238553,294.31074993799,76.1272479685386,148.64692772258,169.189017627931,-143.375480824194,-483.658242086129,-137.295705330112,-644.180027429805
-466.946805741577,-241.031257276596,5001.33063089678,-206.119236655456,-105.039908992307,-368.663539221399,-187.328270483534,-119.239617928014,-203.936470252213,-230.444151800865,-238.692522115171,-468.301754428837,-315.514788556577,-344.855927957759,-685.955602306163,-641.728112746604,-547.85577021013,-619.459937714604,-812.60537543716,-244.754164154374,-580.406180822821,-100.896470704931,19.4024920390579,-501.067968927784,173.264361478663,81.0564734329129,-80.4680859568694,102.242556127447,260.103712035495,29.4907343973455,193.278377698342,238.45768979837,207.755446606559,-39.2115135879025,98.9194068647898,186.565737999893,216.345794117427,227.081908898663,25.5225353014111,101.728475948601,161.47337275754,191.197564937444,62.0268942998124,126.971651174374,202.126102383743,378.138641427989,-463.020619326893,737.527452582898,449.514130689123,-222.004688485792,719.073842467362,119.478089461569,522.234677325855,662.404931304882,163.163236177676,-286.147279059913,473.035302970253,-285.058347171727,173.75716730055,381.402820378395,-560.50452388128,-1462.06553283452,4.30909713835549,-1462.22784126485
-701.455323776223,-483.344741331021,5112.43289708105,-492.610910775582,-355.638581588471,-604.851500602472,-514.344707097715,-443.371119102959,-466.693334661404,-528.962287480779,-508.73711707394,-662.70819845941,-552.220299807956,-616.767953638822,-853.642945014563,-774.676027939529,-452.834236134242,-749.963974667163,-971.927538596928,-69.7648172285834,-706.052208527648,263.248430623142,82.3921873186226,-650.388815378062,287.748998374982,-35.9486843903856,35.4244854346891,73.294857334826,59.6279625023172,18.019050966051,70.4492236160795,50.9305607842462,43.4880151219489,-52.6410791138406,20.0194239043336,35.9755142889238,35.6326910869139,66.882793477399,-22.9473299608917,-19.9157723394796,-1.49611636136844,14.8565490819891,-78.3904757137043,-50.3993117979729,7.31844360674729,538.130611951427,-704.419060303416,1025.05747111383,449.672667810946,-643.861051917978,999.628948785514,-65.0985555541054,735.945969080899,1041.88348344147,491.107298653865,-365.86071445789,768.23269662043,-152.046681869045,262.877145070465,732.176597544191,-493.94558649186,-1815.64954779425,211.041771648684,-1843.07179823996
-801.106687275766,-630.417926074577,5386.71129668752,-643.011715583854,-506.033496880365,-646.55761988459,-654.795021005634,-632.134026753988,-514.703318294368,-651.760397520962,-639.839454685886,-633.776275505054,-570.768999683756,-711.931594617365,-748.819448294379,-560.750681864844,-134.637664722047,-420.20484579556,-504.595210751489,342.468554634772,-217.156486406719,793.952227821852,497.798835692572,-164.504086802313,666.487092777858,260.609060827554,360.108590666753,313.361312444425,132.86716049432,195.715231827364,154.438031828858,20.7305972546855,-27.1384600665761,72.110459740981,92.050592875587,28.0828541015891,-38.8779497765883,-29.6071723215071,51.2098032687538,-4.58061310845568,-58.8197452327052,-88.0277750908032,-129.048609427717,-143.666887688128,-127.59782655291,761.218150184145,-703.319616192689,1246.33532489009,518.464562392704,-813.284464242469,1231.24119848383,-48.0430830357851,879.44237369166,1320.95834253586,996.673445240581,-150.542670642299,898.858919432288,364.894332471328,294.210370990237,996.542067101397,114.282970781515,-1323.18221932332,352.341438811939,-1545.6686954139
-822.262015102774,-740.656638508455,5866.64691983762,-692.554810066203,-594.927728526489,-542.078135529372,-633.240721072385,-698.997113812797,-390.944127529157,-625.177962096515,-634.247126664338,-434.351288367497,-402.884530562315,-651.864094102565,-445.002641062383,-148.208299173017,103.491994307204,68.9454422766544,247.679993488819,561.140007271447,452.903403434514,960.074385472113,795.427480708727,645.651422586422,894.744985048111,769.678718038232,596.671768908239,603.807319786066,486.716709280349,394.052031820888,377.086770802941,206.489139247085,105.801693705789,204.538713231541,240.916453793828,169.920668062373,63.4680604500747,35.7519682987792,154.860920975106,108.483148957363,14.2494805326283,-53.3342522937467,-90.0049095967459,-120.791473795437,-132.512361368863,730.925355297986,-595.554486833978,1115.60112378168,482.999968799492,-855.838099971442,1064.7455845751,4.18714854158631,622.582173394844,1115.68672253292,1187.58233831115,148.119024994669,515.377278427474,879.948462811354,16.0551519334795,777.078834132575,833.681148927223,-336.07848896323,139.83643044248,-759.01163451089
-774.998267010479,-787.844822685495,6365.93995203383,-656.594773254049,-606.628354714672,-414.723729052244,-528.509631404056,-654.932435110102,-247.032387364302,-498.105316598376,-517.16689387343,-262.899288419344,-193.850337515057,-485.51742561409,-208.036427752364,147.156571956483,67.7829217260239,326.95880981916,709.614311461549,410.666682381684,764.727443959189,635.538864698044,698.66738774776,1132.29199472496,721.838351538718,1042.18915716273,546.935749144001,650.453871890183,791.4068805099,423.608939799821,509.550975656835,430.359296406834,361.120317130426,226.138886460192,313.884821757916,309.236112475834,240.044727987483,213.480056444561,184.074816650511,193.138062730816,137.168521498909,77.3203116127608,-4.56763846208508,-24.5697811910205,-34.47316957599,394.071464659213,-522.464853487621,677.816788817677,245.963249691435,-771.279793516057,537.623483710915,101.534300753844,56.9531503772137,565.257755174398,1054.50811644821,573.812235426319,-156.108797405831,1287.24259010902,-437.099649696305,179.510013255607,1263.35902301989,683.18725636606,-334.884871747024,187.485894102809
-634.864878152881,-707.882063277209,6816.46635207607,-524.73160934675,-506.634475534615,-324.124101706912,-388.536177529273,-499.89514308018,-166.261980210777,-315.684177015475,-324.015964966668,-210.867612592397,-50.7332215999285,-257.432905933353,-136.091853208337,229.064591652074,-61.9155138681788,370.59466313176,759.566680713425,224.021063242699,798.959650054997,222.951368667638,543.626660468679,1210.27032621148,409.113492556815,1040.50890201167,346.645245842934,498.355026404638,850.045470948364,312.703552208999,481.226977896942,522.544383363662,538.881988418735,166.941546629675,275.47234041414,336.141877800504,341.9836893103,353.591849395673,146.432099089345,197.877613496892,208.746738249362,189.269604861084,59.1131257274841,53.8760419758307,60.901093420826,49.4275619103539,-459.898216910812,295.427839473633,-89.5465436906702,-457.589654498412,33.6063201831989,334.445114269722,-414.369187508566,138.163671706436,940.925103426103,1136.12751977201,-561.536471943015,1633.48116029771,-671.245261392677,-256.185896997513,1317.56856209158,1350.56588463935,-624.267325829336,899.529302391213
-482.25716415432,-574.275943453371,7505.39921121072,-379.209762082996,-375.920405444642,-289.845025968961,-280.197291609827,-320.624111943436,-154.15540400797,-173.835174061379,-155.680649125089,-208.693626799699,-12.97351967131,-61.0099836431075,-72.2020509134181,242.575555471722,-47.5255197174156,427.552429540754,689.845140011072,273.939075222822,887.244590206412,63.610603844727,608.841371860599,1248.40209264326,241.856675287588,1009.99615196852,194.22120494831,351.788106161305,758.791493045615,185.655769504132,380.118265084158,479.015952990071,533.893036175129,95.6294931453623,185.043715598345,265.154213741267,311.002840943783,343.873309631159,84.6016193127509,141.222830730266,177.271915761464,183.248940640104,36.915791735927,35.6420601651915,51.8369454569654,-100.275496583692,-392.31290380879,104.718437806836,-355.333658839655,-99.020603151821,-241.494344802462,521.134815649717,-577.181918205876,-68.2110748158941,864.521014635369,1345.54589516564,-576.099793560011,1615.59279023814,-617.960408630367,-330.754505334037,1005.93026977747,1271.86253080632,-574.766902577371,932.592013316355
-419.873933119697,-518.973597857767,8541.10063789889,-328.685937529603,-341.182245464582,-284.809550475542,-246.943540657504,-236.593395679791,-154.511982255872,-135.976842106363,-113.002008040423,-125.690954180197,-32.725436087028,17.5916129183666,150.938270024758,338.248171271254,111.720829987769,560.056973000466,686.590850060262,445.617377360044,1017.32798239464,145.993234573033,713.113916355688,1326.50630355176,200.16916422501,975.589624360767,132.168614110659,267.418715365783,632.624678307192,98.473085068401,273.202815229861,379.68707956857,419.487102575319,36.659043760573,95.822058017401,168.070872093838,208.044777942278,220.569411214894,22.5833420264936,60.4611728066976,77.2073364428438,77.7321429461001,-51.8102837942245,-56.1552023266164,-48.6719131369817,-168.88384501744,-324.899658328164,-60.9853609505014,-468.550914350801,11.8661384979924,-330.315749400007,413.338581083538,-476.550127619,-217.792077761338,583.216530918636,810.906489713336,-442.68792148237,940.441832952066,-490.232158958241,-318.135432266648,396.50901827806,428.921256889376,-448.679490726056,256.902515946741
-417.741636417288,-555.114579633192,9493.82634361838,-360.11178510852,-418.994754599772,-226.116379850999,-232.115072109769,-266.357914796396,-81.5081958434403,-143.432355883175,-182.783811327395,94.3603178836046,12.6645416637422,0.466097467181886,485.867866479349,538.338525913432,260.09804117087,671.803337776063,674.482527322484,534.570178957399,970.37204063318,288.850480779622,663.21254532586,1157.13717589736,204.917640323442,768.720257418359,127.169497366123,201.639769985277,437.905381692892,58.1096960778004,163.270853968965,265.371083321972,302.888509745613,3.48250835905422,32.7315820933892,88.9141377254866,121.714822650359,108.973108748946,-14.7277661362833,-1.23851457445449,-3.93617775916331,-12.9201665395489,-110.590576174131,-114.590032181404,-124.208468179694,-275.452606296973,-224.744408925902,-257.610202166182,-497.158607105472,-87.5734302694043,-235.076233988412,107.030188125516,-196.345902220476,-257.644522779937,147.142614232114,-1.70338975422955,-251.866024952403,25.489095951661,-308.898780920732,-363.641934032834,-188.405796117178,-490.090028137058,-389.956165121123,-478.945014054152
-356.351013803266,-569.24306065447,10070.4210322692,-353.996589637009,-483.690718731206,-71.1291707338669,-147.1357456996,-296.013258568043,87.5268834073506,-83.8436390565567,-209.944850676476,374.37462388177,192.650949332942,28.4480584294323,756.144422333299,776.720612733207,294.022432653373,712.502689490541,609.724310470055,502.35723964366,754.733499479589,331.546441903229,543.539212013923,721.183707130141,243.778564246513,440.090253347457,133.166968836331,147.061933152312,186.858983888913,56.9037609543557,69.398393161225,165.299928009816,239.451330088576,-2.63123162369,8.31527764819362,46.1998517548455,98.2793624318115,106.036315606027,-15.7657763503368,-11.2123219586393,5.3370754057299,9.2315966928704,-67.7237145536132,-61.6063896167755,-73.0370501931242,-354.051993089462,-89.2334149959887,-333.797770474216,-520.60881494356,-177.399515730515,37.663654370142,-87.8541159381728,159.573962665747,-48.0251702479677,-109.183974621825,-370.62936802908,80.5968996116417,-381.813505246464,97.0861567332385,-212.139448644876,-314.912634700508,-730.809126157407,-166.373193025715,-542.779955641569
-161.12351601953,-432.863176239654,10503.4336634255,-211.853745865479,-375.31567026734,141.165958067917,30.1780287389158,-183.033963456014,296.381658765645,91.7383378749029,-32.5100705283885,606.888134511335,439.637392432644,222.072492247172,904.893420039259,995.066709006761,255.210936865947,738.798720607075,635.307677136171,429.106820847461,603.536361236305,244.451056846619,489.075518585019,425.133702092175,269.851780865204,266.570124473061,105.424528327422,129.638591260089,54.3863604809253,72.6766511078017,53.4089230678649,150.060737780899,280.438998132189,6.57583651462283,35.5450337782016,76.4803062225354,163.269753033139,249.417988325255,16.918057864315,48.5595913186305,119.94142100183,162.993095228452,74.6139578118907,101.346417852996,119.975685905426,-343.774873027056,91.2771678495135,-208.294715677398,-416.628670969,-183.2588190021,302.46046053292,-30.6333714203084,425.983088097388,332.377492348692,-35.7489554273282,-296.861757542883,532.050424272031,-186.351285232864,699.264494399046,358.545161292314,107.156081608912,-336.766348783086,436.213783691844,98.1382239930586
147.859691245801,-118.561022854902,10901.1860264532,61.059791777234,-60.7275335242692,384.084841487734,274.556224286398,101.895304953193,512.186865147354,347.493988490913,336.736612299479,798.93945945931,662.919615344951,544.991595073268,1052.03548067886,1194.5531488779,287.277843862409,837.51428109434,884.313190364506,439.309746041117,671.221539433208,178.70870637709,541.768227964109,518.147646915259,282.970908939467,357.058555927858,86.4365284188106,184.079372510083,157.203615308143,118.402046955901,156.950310822678,271.115922754171,462.135378993686,54.7660248121334,133.428706149636,213.508268833091,335.301997024399,520.719947174609,103.011823540739,189.822125360301,310.63810508074,405.733208865421,276.778662977417,333.163521877446,401.127769826668,-298.937968844989,323.314188230608,-43.7356681293127,-88.3990933056086,-174.361797452608,295.980484324625,109.136875926898,456.786120373591,611.660762870437,116.611940636094,-288.608891544019,884.980567046249,15.2630178816478,1191.55480032769,1092.06181682319,687.52462020565,52.1303551647071,1195.12453495141,834.092844844027
469.148837828014,249.409524248072,10970.1204134201,351.708547221365,317.217444968095,661.255949813714,542.36364555315,447.015499367914,748.655204206478,612.698165242007,736.995645062067,1033.34369884009,864.240061335484,875.871249902603,1309.7113031554,1399.6139366804,491.607366228066,1039.64425775382,1283.68361026583,615.533136865901,907.346624144158,285.121991877532,688.153523237412,809.308480867231,374.862615707555,556.966728681604,167.245794727752,329.300092977397,402.098036422823,234.428598027296,348.654269707176,491.220876778141,733.288548248332,170.944916816137,295.341274924042,426.314874580356,576.290859201886,825.111960024653,250.813186988748,385.155050240075,528.151685987053,660.362339891548,489.292523310715,577.380837582587,681.919122108915,-307.576793966679,465.769851273761,-133.037909602385,174.844049295232,-265.237993903512,-97.3033512941834,-10.0834931775317,213.703910140319,508.362727193698,-75.4523508243042,-658.553096041506,903.53751240449,-304.255069856355,1329.22199992407,1471.99929648408,923.893477748102,21.7468451990369,1653.94748030706,1147.32088669463
673.954084278662,494.325131004543,11379.1879210866,525.364581272311,581.723141142597,908.221668335435,757.533511035591,719.454024542667,978.638824842659,837.809923264275,1050.42928769481,1289.17608394357,1078.69350559949,1158.86656102906,1598.2145035128,1596.7351701548,776.385463552365,1257.2924839665,1624.70618801062,850.72899079693,1132.92328345624,467.996211868627,827.534939977846,1016.61216475766,523.000975247324,699.247341082167,307.667489835661,500.203195166108,626.400339566531,380.057335011242,531.471039087193,702.210595955476,957.65922400599,298.10306139644,448.071400296994,611.99374715448,771.334593914272,1016.95930374565,388.869068558921,542.541208441707,697.574744067388,828.462508069337,644.707247042548,751.42319703326,860.519298306327,-407.555923421708,389.679744251537,-518.828253004001,62.381340367185,-479.663741388301,-668.981776392772,-507.067404621029,-186.200996637827,-15.5419312011155,-760.122341895246,-1387.50088752542,578.503169214003,-1168.55278172294,1142.98083144151,1283.9729634673,605.615460481198,-372.098401910746,1624.62926884445,1004.5876875294
719.946394098505,572.701324045338,16892.2128411252,563.710918477552,687.947781828515,1018.30516546913,860.250508156731,877.514944399369,1126.36033773993,1012.05478746533,1265.81649812377,1427.7219507454,1274.1364395193,1388.8540113695,1712.83929318059,1728.8620280939,919.539727114949,1333.22550179255,1756.24697437227,906.393651432873,1161.08246750198,486.472290271574,802.334716659179,1036.5137187933,542.283122879882,716.023789888709,352.444628818709,561.157771247353,742.236626489108,436.571158422819,602.676789429408,800.723949200469,1023.920317612,335.027061109673,496.859186863472,672.526612090461,821.861711959215,1013.27866520052,420.852827292718,576.423762452947,745.064640815149,847.5833248177,687.064215287926,789.218305520056,878.711147894182,-486.033476144289,246.882152389661,-786.307545304552,-209.598310157711,-613.207970865235,-959.749801229694,-1025.83002038462,-498.825208770009,-611.586207172985,-1527.22523710184,-2127.65864439365,159.540456244892,-2070.83475079115,812.426418396617,787.760942014968,-57.4466807290599,-834.756349105143,1296.51791231725,632.997101693173
695.034785870633,606.837606069939,31786.7102859472,570.046498557492,712.94586561842,973.330641014167,857.335508960504,944.481920353692,1131.20167005771,1109.31765751593,1383.48442623136,1363.43459819247,1335.2885083844,1515.74085483826,1568.87187683479,1704.95805587444,834.280003144312,1191.071905158,1646.83055124262,690.948213836108,925.264070528589,278.74038890736,553.409206495205,866.429550036841,335.337269866523,576.44345967191,247.311891591923,441.149080536361,719.012597624116,355.024224583904,527.211636905654,751.306597347766,929.198621216734,271.365813916615,422.890145461959,595.931482577808,732.292967611318,861.266292897909,344.979328684988,493.050397282773,666.727127195152,746.701286607307,627.474347402013,708.00604025896,773.815050033225,-357.929540770261,227.659751173714,-570.707551451349,-262.658279983614,-470.560977943636,-723.896243356454,-1159.36318229002,-537.808287052384,-857.169145425304,-1762.12536355459,-2289.37287092118,-109.035802609181,-2289.67927578126,472.384203382792,353.233868194276,-621.112750987721,-1002.34263306464,918.882760404573,267.810806336991
706.974797299347,715.599577137856,45921.8037822082,623.441137091911,730.920305869719,847.787887197941,786.679335317938,938.262199015249,982.552553183712,1074.80393782418,1386.4832831903,1140.8567955702,1173.09816720847,1492.90037234003,1271.51423397148,1455.85142804193,659.086430187593,894.71391839663,1351.71927815271,363.959604188368,554.46741636994,33.533154168305,194.443671757518,555.17174873297,46.2817872897948,302.586192110005,115.478096681859,223.273870120058,553.622413669488,221.580620183398,365.73227273124,591.181436353837,736.922165015018,198.232649227933,301.735266972165,452.413348289149,573.162183845937,663.694046149071,253.003718355386,374.522672569941,534.59460550807,605.812742665049,533.647063097196,588.025764058939,634.983457246924,-45.2268370314232,263.320865379417,-90.0487864898255,-164.36177883989,-192.583880433075,-219.9206160706,-953.399466653762,-343.698465469896,-716.423717975421,-1356.48608370759,-1652.98181359025,-210.668764066957,-1641.84970091263,177.224188564007,68.4877607663383,-803.594278946481,-669.381630341161,554.962004418958,116.829361070324
780.915178402102,891.81929126146,43775.4055125968,712.117077393736,777.205013091744,723.721189409816,688.983580359454,884.674728007533,748.916372096358,920.390433796374,1308.47792669221,870.622670285175,876.223601340606,1372.394990974,966.76516577833,1062.30742619297,560.733972680161,591.503080103544,1003.68811930639,151.592236423064,284.711642273308,-42.5714010112283,-65.8758636276263,263.331453677828,-96.2415579742622,27.2846861037854,99.2019635866653,73.529457091019,317.240247003055,156.530427745121,228.837113322269,401.150645430707,511.490058943188,191.890874504413,228.240740744838,327.227778841336,414.311639066903,480.83189512015,223.009409612712,299.993530341479,427.145741088808,480.555688592697,464.894115036895,496.026924775135,522.910757570335,217.392196916679,272.263712351496,171.405928504621,-204.729623060008,-17.5854969217791,115.572338889232,-685.755558795409,-129.104855800258,-503.408243385514,-775.396789938441,-730.289122597692,-246.483724714457,-715.152774326226,-30.3278825656066,-179.636956894343,-647.204948057367,-13.8776476596548,200.737991047793,280.755177534194
901.939689130792,1085.94803697117,30727.7410483548,822.939124779381,908.126725756484,673.933168642811,636.03286701959,864.210575202279,575.416134718695,770.668733493594,1246.33343456422,671.114673883523,659.311531739489,1254.57314414898,742.083290679912,727.068591506852,570.489857643028,413.838855430413,736.335891990949,141.634627775886,224.192193668709,71.0656872518322,-90.553836031312,165.872319581413,-23.8381615344196,-82.1045089360942,200.986942606694,84.4171130100185,159.12898996517,197.010424854492,193.438361360296,277.975618904889,325.857059066218,247.897125977438,242.270119732497,275.815844224236,313.746498741834,340.863898327792,261.002912951701,298.26570309413,386.240612268198,402.933459159682,449.457644653153,464.369506560277,468.35753302979,242.048031005679,343.928760434029,1.50394844432967,-422.316112988678,112.072249542683,71.2049578385512,-475.262533944757,-102.572246667186,-489.794859801264,-440.574198612453,-172.506871081002,-302.851127110667,-102.231362750983,-173.99389004374,-436.197678757676,-310.450940585893,574.738118921903,-68.0326856538126,657.002536666542
1095.2189890184,1314.33821058279,22785.4176777709,1004.47417243834,1169.98296541731,761.624909407642,719.970146718349,976.533541766307,584.98360796155,761.76770725957,1284.52298774701,621.311061699342,634.865358062852,1206.88443186323,628.488516880459,563.304323806601,616.015078304241,380.071710878373,585.738772866586,252.609580691736,257.03082888512,244.959638783114,62.0844591784613,256.345092140465,150.781243027607,17.6096823744077,330.463252118728,212.706869149411,191.531833619564,304.05126329397,269.235377223307,293.848328585468,268.11955006289,336.732004116114,329.642414119766,325.190929853413,322.680068919518,300.027751390839,345.656588336414,367.231482521802,429.890937125471,417.610958638659,507.111252927574,515.384424033881,506.08064301594,41.9256061260404,504.060744276242,-433.000031887601,-625.46850389276,409.130263750067,-247.248052477515,-296.09768735775,-278.503428509626,-681.785114219842,-372.092738131848,-43.2473052442961,-467.335385003796,172.245319584718,-372.560899909234,-705.798242467577,62.988846637358,910.610757512947,-241.841543576825,1032.06292457127
1344.02034980474,1549.91460187664,20163.004644414,1240.44202584679,1450.46531156287,933.016234871354,910.785232333733,1189.29178943328,717.818273382389,869.575408672638,1376.74323882237,663.709384070916,698.101706923313,1212.82659941599,570.401442149199,498.806599358606,585.402013756034,383.650216430737,506.992833645153,315.429299116764,228.862796101536,324.204869206695,180.106675375417,327.330456392519,271.978373712161,169.798206059417,402.456705268466,331.633803449585,334.856127457189,400.673798843251,385.69385305902,399.546014846542,337.683825847429,420.237465752796,427.714753527095,429.060165985025,417.118491484646,370.877148636379,435.72404169545,461.840741150924,519.325739000355,509.606647603892,598.568188846601,610.971414380284,609.147293325453,-180.213291239209,618.301801148221,-741.545799215181,-653.29873922517,813.826756880612,-515.004198942022,-144.533321896891,-430.097075461452,-884.348838580924,-424.275644168515,34.2252611651392,-730.463958397908,297.981022093773,-633.495550775985,-1030.36101562074,240.264739859474,1038.25574682244,-471.464100583482,1148.76155232971
1487.85969637872,1625.68285230215,15107.1239164887,1360.05342078919,1515.5341620567,1000.48612830884,1010.72745815521,1294.78124888184,766.043304524317,907.757004740129,1344.47293577044,640.860251674658,674.145395935198,1149.30559724917,460.08958691413,419.162397503146,393.967016000573,330.610047731134,445.971852304879,218.032997581164,145.046059599025,217.73075773057,116.193116131068,184.008306686509,256.809415584334,162.933852525562,350.190696265501,335.385583583042,354.599708037356,392.267298901801,408.348136401628,413.04821875809,379.046802351942,410.656086667998,428.846488250479,444.048186578719,448.696554859968,419.624052704177,434.686162863471,468.410452695281,529.90308076408,536.376861201614,591.899215046374,615.233712700938,634.81398075917,-204.925477581026,540.8457954868,-671.390701935785,-528.728928732029,966.524586706854,-478.798315354065,-108.844285278658,-350.5612101115,-921.11157478929,-539.573479872947,231.296941035788,-912.722355239556,269.602126613384,-789.319291473049,-1354.2810879438,-44.4869919501135,953.174805868345,-818.278359953857,740.264069214631
1404.251312168,1452.12731605824,8025.51309976375,1257.32612709972,1299.54419490964,896.457683611647,919.161879013241,1159.58421103887,676.154610653275,793.197876188852,1090.39702867658,538.59028063803,565.193010505773,932.128827075972,313.473798850522,344.779345237881,121.880135673646,288.060566068037,397.838080339103,70.2995834500774,142.035301306255,25.5244316245961,4.08557863234295,-106.645137961827,198.837643652542,19.2440107612008,207.015316015173,269.990854004952,169.590571526608,281.272401616793,295.509901121624,245.374685908777,264.81081572331,278.856363275091,305.544240726364,300.915658134695,312.03612067175,312.875567769302,303.011126887979,334.864926223554,386.504494726048,391.265969814192,425.63433669699,449.629932616463,483.71108785344,-29.1804189410561,227.94948145598,-386.501091538409,-390.028304035407,735.433562503717,-220.318872130561,-195.059957516114,-112.708447110253,-795.436339851002,-638.988222474442,474.693719442636,-871.995139892287,99.3227424291703,-744.688470986079,-1509.20674552689,-739.6888326382,675.146420605241,-1079.53242044841,-158.135544918094
1183.71543003335,1160.42637311487,2466.14219657641,1042.16251399974,965.897320464226,764.8529462179,764.193486009675,882.107108101927,598.053001005489,644.320716398694,701.150583964769,489.407272709005,506.656658762502,631.693836853442,249.083499447271,346.207230394553,-28.1198570149835,359.48937496213,372.845307794934,84.9874765384182,271.357142318061,-14.70886135714,84.4901631547936,-298.241405702863,265.716265057499,-33.6490580862091,119.921856318969,269.343380848739,-32.5749769488186,190.419779115905,164.662805158569,31.9160686993564,58.8613010253655,136.506591505762,168.773783827406,115.124177411867,95.5417513668725,97.5960762198443,146.584172922167,161.329449111607,170.811470558345,153.862169416799,207.287397666167,207.517073026042,236.000281271967,139.228611623627,-192.174084632461,-201.70917188404,-308.528011124359,413.866480131766,-20.5768113937056,-220.927338840925,27.2822294808861,-638.353076796193,-584.096686600063,749.203406362532,-702.398132855327,-34.2687304909719,-624.41540486168,-1442.78957052621,-1406.44671327354,394.300459292495,-1060.74663509921,-1069.78483829167
951.180678866635,887.829267436323,-1980.87116225589,829.785834901823,649.34634072899,684.160723613634,647.862083107667,598.371217719025,572.224712844401,536.431544448813,294.742787262438,489.959911990841,495.899455281492,339.507925934087,252.493092822874,341.807058305164,16.2496739008645,447.818851750714,299.080409242665,245.403934913657,380.903104872645,156.568799030281,297.296525500475,-311.048028877748,408.472865040559,60.2113551060363,147.461256036256,315.874181520372,-96.2959118419961,174.409666788385,100.921712643456,-79.4755499995846,-107.958431837704,76.0479384021079,99.893725673496,8.47425902627935,-59.3847218194347,-94.6213234790324,65.1627399146473,49.2235379939597,-0.463814931820838,-37.652514019723,47.0256924464775,14.5948205518759,24.4203277489374,179.271552868768,-490.296906894444,-140.427190585349,-234.389816423478,156.26758414346,4.84013432393127,-128.465701190782,-51.604047060212,-519.369965602661,-387.313048916225,924.133814971183,-579.839498961129,-65.642286340267,-587.26606760877,-1275.81975500831,-1655.20769921249,220.548692824312,-858.332415165854,-1509.39750216091
700.289958421976,638.901638717484,-6489.09570343129,604.163342206065,372.282656024443,553.97114294992,509.575199135866,342.322240169999,465.327359271542,401.47468733473,-58.0151898356722,390.132679084086,388.538906230132,69.7178800030099,195.591787056282,187.008369470116,138.222254240254,373.441176598079,85.1233544904024,333.958619114178,309.931071750017,341.856873409847,360.693203957513,-289.392763474924,413.801679171721,111.442430957496,192.131948928884,265.665432819939,-90.5752607244639,158.624332173456,55.5996228767034,-109.943810937922,-184.739077377093,64.0316025617686,61.4058085932982,-32.9373908142029,-122.967283302137,-193.755713499519,36.5757901988855,-7.95705522960231,-92.7340540379009,-133.815667240242,-50.7103711577063,-96.8915745553165,-100.699792927101,219.448468477878,-559.241084761969,12.558948472013,-88.2656292354397,-207.795977149903,-13.0195476542077,-102.85301731827,-199.123259974753,-380.819317745726,-199.191048722898,731.768253377395,-503.536556670242,-90.8841044483911,-583.450332794416,-1088.09915125212,-1461.66224826808,83.3717457777217,-681.524286035876,-1373.58560215882
415.243292175551,404.314025362747,-10458.7553260338,356.920320013184,162.457122694277,315.726533163564,299.276233733552,131.307102915888,222.622303736677,201.179047221102,-289.581873169099,145.940474161991,140.771448667993,-162.537151553903,49.5717059562126,-83.9474329422139,208.225763835041,158.746926357654,-203.822012728464,272.379121984207,128.708939132602,388.719833002451,234.919604365874,-308.982868051252,262.529100391685,29.9864133539396,185.079108918829,114.912627346666,-127.675428764045,99.7232133021961,-15.9781339265633,-142.180837675118,-187.14439631903,49.6159426144342,14.7032494086307,-66.4307120927323,-135.014709350247,-193.955131932469,11.3413423801394,-42.4606653738986,-116.910838997148,-148.252211884869,-99.792510909736,-138.731696456392,-139.44496553149,397.905599149342,-445.181700384707,327.310565160562,135.294794860896,-618.429264785411,45.0989072100748,-194.477859611514,-223.656066540216,-183.183478926956,-82.4185435178103,247.078515921627,-359.643892265425,-128.259820625469,-437.065110370752,-834.926866420401,-1037.65794491824,-29.1925834314783,-545.772245821947,-890.072451382038
158.869266287411,204.059936196896,-13630.8597395399,142.65757948796,33.006969611878,58.3799759336814,72.5164383673501,-20.8144045255303,-53.2977157671212,-15.7338756097031,-392.579895234487,-136.737620305403,-134.825073379053,-332.605805352527,-128.606454712736,-311.594944064456,186.816774744327,-40.1495087555371,-399.451372068087,169.636135601411,20.9227116267998,342.669587902156,135.921949609186,-262.417158890893,136.626251975185,-49.4474695952725,160.737054964127,6.33061485708648,-188.918908733776,43.8022072915612,-77.271829855022,-186.686817473749,-175.360702662272,36.3578024000991,-21.9964793968545,-101.606033560052,-134.562598706839,-147.689404736915,-10.6295378861791,-58.3793183610972,-105.973783836625,-121.963950414911,-103.731381063171,-131.2908180534,-119.865610190794,625.026162995302,-223.429665372463,635.991966601925,341.787611198084,-754.062791696636,120.157668095604,-218.612027282067,-150.632377036611,11.2827960281408,20.8843998189201,-121.979662437407,-149.995547899577,-91.3694022570157,-135.241149264478,-484.740191269774,-573.176686262069,-31.0905263686724,-329.686847503069,-368.146210151642
-56.7876722471485,-11.114361899274,-16557.6508267859,-54.886183383529,-112.4913455208,-153.501417237124,-136.02963646225,-192.394431799547,-286.353046810408,-247.800126599375,-507.006773163698,-393.242242635326,-365.310056866276,-507.753108829053,-355.243104289584,-494.010791597108,69.716608916613,-225.311170847187,-520.898011544794,46.3575263993351,-52.6303787505152,235.300953892699,84.9304155036228,-148.12116949004,63.6353489969207,-72.297536804327,107.793649367492,-47.5199342455366,-234.222889793057,-11.8837429592376,-128.747222636975,-245.432999403232,-252.299207335755,3.62838436070303,-68.3719228673945,-157.600668577384,-187.392505763043,-179.536736160228,-49.0429485520133,-97.4777031793476,-146.899911485788,-151.182928425152,-133.522540043508,-155.847864989012,-144.395542191052,701.182624879286,-48.8337953257523,760.350382695852,385.691273878953,-655.535212539423,82.4441387752337,-138.16168261052,-150.359396360736,112.525997068636,119.936821444624,-208.98199337831,-8.22282581743296,31.2052938001355,102.760648756078,-123.993813320125,-172.082700423701,70.3440720094775,-60.3731807275712,-4.32686007285841
-309.222592001075,-313.246439621521,-19100.5003714656,-318.645961631097,-384.96366166224,-360.287406339352,-360.965207676407,-480.763865109394,-502.085678888539,-538.380403238641,-778.031905331558,-647.626316488222,-596.847313862473,-788.052779402524,-677.52678704299,-786.039503166298,-144.902910847508,-538.207826539218,-786.462849007747,-210.349761514044,-333.537067618036,-12.1642891739998,-153.102964147936,-231.317411505719,-137.037802410474,-210.129472905776,-67.4550911277379,-201.728540123568,-338.325380075176,-157.413070194635,-260.94495737148,-375.452378428163,-463.371356385939,-113.605919479388,-200.238613177267,-294.278328983958,-357.152600426131,-376.701927744597,-168.251922749991,-237.756592217592,-313.773011165141,-324.331320510441,-282.713453621913,-311.484148668682,-319.547215961541,556.312272881451,-106.37627162488,665.881367006594,195.372301992799,-674.633446615159,-61.3374585701936,-134.974035554595,-257.30236143431,89.6326773889971,136.209355688528,-163.735054382956,-17.0723482151107,141.940580507466,69.7022572832555,103.05489519042,83.3869549746959,153.99998065192,73.7079101817685,169.552270794613
-588.923540242796,-634.153128019754,-20848.3462782745,-607.000125034973,-726.642823795791,-554.948216431178,-571.815507247014,-811.677814922087,-680.612964279205,-811.492767449672,-1111.11277871737,-858.025579619688,-824.813001948454,-1107.58326960801,-1001.99477213257,-1179.60067316235,-384.31565582741,-944.527456615247,-1218.52982803247,-562.814254556932,-828.645677890758,-354.140743928365,-597.644162898091,-647.777195675613,-497.193958463179,-546.310147928714,-344.650637997065,-486.060002404362,-564.008664887197,-394.023655753412,-494.475701816507,-581.232370243547,-707.334132231278,-296.713365180922,-410.843137089456,-505.311972018605,-592.153478246561,-646.781946113872,-354.402317619731,-457.874408248275,-552.120526881432,-584.162301236623,-514.212460755469,-562.350320964423,-593.111062230622,284.676116213374,-311.735566734561,425.738894595196,-93.4506738122586,-789.062041858638,-137.571354381586,-224.822573281193,-302.908950680578,27.5387499740242,88.763915706252,-19.3412731924383,-104.832776248649,224.06487157556,-196.472772097957,154.145220250637,195.045526555565,204.176203970196,-9.83904093433159,267.66645799388
-785.419029474819,-837.626101923621,-22267.777860331,-781.424985958452,-971.728051020625,-671.916195557428,-686.16219431602,-1000.15700148994,-753.184693956089,-931.219597880226,-1271.91317410704,-939.280771296779,-952.019150590512,-1285.23340889514,-1153.30541481936,-1446.9379939072,-520.958735582838,-1193.51819275694,-1512.84976444824,-773.588730024145,-1181.24832955961,-562.710082009216,-917.098032632686,-1072.0667876064,-772.9578657452,-868.269906947322,-540.835144977899,-713.916713298226,-807.80389741253,-573.20000687604,-698.71685253601,-762.252707532568,-853.809247285335,-423.179784103265,-576.020011123126,-682.194227795522,-761.022070846525,-816.125250194489,-487.138548296557,-622.987371183003,-729.064770121545,-771.893559789997,-685.57385150698,-751.938546868719,-791.765230232556,-12.3738637039911,-370.049357632209,114.3421669587,-252.066139822435,-633.663494326519,-69.0021284027312,-208.276514347173,-189.948650754646,49.8025790852692,120.72532001668,309.173506238035,-166.529599029341,370.508546082722,-479.553486753133,108.399616463677,272.967338143105,366.785303093345,-238.72305621799,428.882546978645
-892.596685839959,-926.462270213259,-23839.4169590401,-845.271352788238,-1069.42484237013,-751.253208708599,-744.761889686007,-1021.83521130265,-778.006540900008,-933.760357996143,-1212.00960693118,-947.016431084847,-976.448906615919,-1282.23970419344,-1104.3624953165,-1449.11732284244,-533.118737515672,-1150.65407254093,-1429.40648493933,-739.183979959337,-1132.09047675401,-540.998924983376,-896.214791042783,-1095.44850733735,-778.849071050382,-934.56324401219,-542.853991474838,-738.088680270709,-904.330367128351,-585.978741012039,-750.423513922022,-828.01725615817,-886.702768474483,-429.030733827415,-606.092448475709,-737.611294406233,-804.925998958889,-838.475661331124,-497.900788682398,-652.111851198154,-775.387854520182,-811.665725044935,-725.668318749726,-791.914872795586,-826.465902438499,-293.20079805322,-216.247167366147,-217.228166307338,-248.503096817326,-153.202449998966,5.90735150476419,-16.3026573307003,-29.7390434102045,162.358433011156,290.905340422589,696.031344917038,-177.265508132366,577.460508247033,-601.394487516176,27.7571901401377,351.161015642843,669.040423030549,-561.613093432606,599.888443557217
-997.434185758755,-992.020001063739,-25042.0596855841,-915.607912352291,-1088.85476379755,-879.716554993507,-854.092421746266,-1015.50128085656,-877.508681422205,-966.067127224555,-1077.1556359165,-1001.34621605733,-1005.39982725867,-1212.34229136988,-986.091563668583,-1280.40428571509,-536.751960161695,-955.922314965254,-1084.9826655027,-637.988936796112,-854.96477057008,-470.84262928844,-712.648769579274,-753.744134940047,-628.185264770332,-767.090651215599,-436.769156472996,-612.554015639983,-804.012895288927,-481.773959201636,-659.619762015653,-765.794067356355,-842.50048730785,-367.490562629634,-530.164706132119,-674.109281352663,-746.762096794583,-775.249687438347,-436.603893938907,-582.017484598764,-709.502133384681,-742.80743512601,-671.867769835818,-721.231216926177,-746.002061519694,-478.581886316991,-66.7338814693189,-474.759815482651,-229.192006851944,318.458449889457,1.02970146861118,258.073901523805,81.3015959135137,285.636888112136,538.789624390215,914.898904871625,-125.576315692584,725.852825960805,-521.852541317224,-70.8975539677749,341.772852902096,865.914636503265,-928.335811321551,556.820542097117
-1078.66608629855,-1038.8453545567,-25417.6410061726,-998.875742655129,-1064.29797855794,-1001.90186935155,-983.548133957431,-1040.48964541285,-1008.50361052532,-1044.36305223462,-982.979682663711,-1063.5977198347,-1061.6783335869,-1155.71378514179,-893.684092475696,-1105.00833103089,-622.366954225341,-810.708502324253,-793.695471314689,-660.256539102552,-687.938904427958,-551.206791091905,-639.012369515085,-441.28761680641,-548.267386764876,-580.541853827254,-378.80602020441,-492.211815259108,-604.984463548758,-385.538213472071,-526.240256014879,-623.977156123984,-737.912517907406,-314.777465043911,-437.206139022567,-552.182195452882,-627.760583302963,-675.561666505839,-377.201153576987,-488.261266002193,-593.513954841852,-633.490012225848,-588.017893407843,-617.803918336844,-637.937742672615,-478.847847001536,-55.9615187900697,-554.809685263926,-224.612591224815,526.055899154017,-2.87718199163495,556.748447008813,174.180594909614,369.612421018,787.601174123012,923.835335358514,8.95770977264366,730.141812401785,-315.958948546642,-145.345924265726,230.702670933888,694.947624886665,-1145.46398640493,231.121200713029
-1022.90675898151,-1003.31055012237,-25478.491858932,-994.830146603363,-979.787277755218,-974.733107053803,-998.968401278155,-1033.5975186611,-999.964007169258,-1069.38682990747,-950.823196401611,-983.41283484171,-1051.12035418225,-1118.5241527093,-810.407771419859,-994.906108885305,-734.1283575799,-759.623793737329,-742.812167785961,-756.574504545141,-710.567486968195,-736.37783313125,-690.903916084458,-415.137684885008,-601.880835134636,-521.492654595992,-429.565931693703,-473.697604894011,-459.083531818747,-376.601248216374,-447.56877165354,-494.819055177818,-621.561017671269,-304.927468568999,-395.844274548072,-452.907503296813,-513.705003211232,-581.28758402836,-348.720984370553,-427.120956155691,-499.264163331189,-542.080921453262,-520.211824166163,-537.755221192202,-559.904654139258,-336.159776453929,-124.319726767544,-461.968507868193,-116.289294487904,488.958217833559,43.6069351044628,821.441343604473,276.205069256896,395.907422340265,948.083763427192,802.914780852706,196.063551757713,596.120458599672,-72.5752376099286,-106.488188338566,167.59667322246,217.165070672031,-976.222072683209,-114.342867351958
-811.763739320497,-869.230701308376,-25542.6508022785,-856.964552555343,-841.601881323576,-767.221911211023,-845.222683266187,-943.686766030662,-794.559167944306,-983.77218655714,-943.020058513536,-728.44244343329,-913.849159473316,-1072.85535657531,-691.932559139538,-917.788357949005,-742.458500434431,-718.584617430738,-852.479348102687,-744.032310679047,-738.048507821411,-810.962025573691,-682.668706540864,-572.022169328487,-659.812588800288,-548.350524501022,-511.103529788721,-517.932292637669,-436.731990950224,-423.464391752348,-443.237133372114,-449.461138183741,-568.167044166698,-316.779699776511,-401.567546030417,-420.644956100292,-465.195218799121,-538.163850413147,-335.837141374732,-407.896882600908,-458.457448838141,-496.489885732326,-473.284872064244,-496.433578628318,-524.31600006806,-145.239888000464,-191.468298733069,-273.837771549895,135.106475501723,350.48250512768,124.576933725434,958.246380440166,386.452746124614,389.423490533382,964.423634716418,646.246646370336,391.349769065004,436.768832173519,168.008887487447,118.113460691922,297.579448120382,-186.504101432653,-450.461594854926,-153.421054352706
-571.413446601333,-697.655039724877,-25055.6577658606,-652.731905348575,-690.567651976351,-515.44641596464,-613.264064174985,-785.888565125726,-530.594430144085,-811.75937830795,-891.731016426327,-453.820866024693,-710.594911879208,-977.444100667863,-558.441549440442,-838.95244337344,-625.255304126537,-650.690869903211,-950.60577086381,-589.946884890705,-677.264106862277,-671.533411584833,-547.066295828723,-723.531439857029,-598.211366695313,-578.0694895713,-514.021097303347,-523.649768455239,-501.487967344516,-439.32505182845,-468.633761694058,-490.229439954252,-605.375606751551,-312.250361884133,-409.46345078984,-442.296273509295,-488.804620729213,-559.604789690345,-321.741670699444,-409.510045858995,-462.025550051437,-497.044452847608,-435.674192901128,-486.983091637484,-524.693352932799,95.2306062950614,-210.167356948081,-32.3164549812813,418.999436368132,236.665623776715,260.401237122437,959.459738194109,516.3967192184,413.963242200276,878.155601195963,565.794253268112,559.621001857686,385.718458199805,328.82248485069,420.673565850613,536.380781107701,-237.669401079386,59.0803716244974,93.9826928307876
-420.173813173986,-553.219494702979,-23962.4440465085,-478.629512724616,-556.732431605349,-362.876824419557,-430.378543453866,-603.803027733884,-365.954535854339,-613.744192258145,-757.602881716022,-311.871935273136,-542.24868251903,-821.722063427596,-466.984500790547,-782.010675100814,-480.329603926531,-610.341822954003,-991.912763392175,-429.174551953587,-658.515253261578,-409.327503913619,-408.275835680959,-856.461739940558,-422.110734315259,-615.345860583844,-405.014736376948,-445.609200456624,-581.632496985453,-378.63623017978,-474.832909706799,-560.456560464876,-672.74330762113,-271.782971886797,-388.671407110703,-467.610297020122,-534.173593472934,-597.027546033126,-297.718062354061,-403.634057127034,-478.489945482663,-518.866327209848,-412.572862123752,-489.853471453063,-536.984318078306,370.407882222548,-139.935092015587,214.870357074373,595.155852951274,199.21274505572,428.097266310893,900.787299048075,622.518437177674,474.987526419818,762.100633445183,607.018036664822,639.639992788959,445.326373630973,306.286291642465,541.780957281536,651.51490841576,-60.7723118427243,219.647455000675,307.888809738444
-343.42290196607,-434.589184623187,-23211.3701890676,-352.963819535298,-428.069019441699,-304.135407874379,-320.430611569327,-427.905784391572,-301.102406165561,-431.76332965613,-562.374328642264,-278.167124534535,-429.592721597311,-630.042689443114,-422.560266969425,-768.835998655105,-353.219917363218,-612.476250899631,-1006.28935591427,-321.366124523537,-746.802425306448,-138.15204889652,-333.866781459708,-985.629679766697,-196.007639379665,-645.271843687077,-211.56135016876,-305.086380022173,-597.920709212133,-243.130779905917,-415.773459912129,-562.079412871086,-653.980509561668,-177.060966223344,-309.679522397469,-423.962082664935,-512.327972774045,-554.201548495378,-229.463771521917,-343.539850739309,-444.056738023212,-490.044211861782,-379.120657996264,-452.524766919166,-493.063491773281,533.163692137201,-35.2948918699199,351.995728132748,578.228934759938,164.953542584542,491.554696791005,795.046226206189,606.815378287631,491.117465533973,642.023034487286,670.78421263197,591.554878446153,524.140376474407,140.120714476102,389.101502465246,591.957224344308,74.8148450846804,84.5513307016086,329.325951776485
-284.50783527102,-326.928328600676,-23041.8062662266,-250.454325582974,-301.173255139059,-266.244454657686,-238.605664884951,-282.164772804433,-257.954659205731,-284.174481078606,-371.31337691222,-267.963142825035,-340.175820058658,-436.728303514436,-414.61518156792,-792.318211922349,-220.687297116134,-606.736280314231,-971.411241585364,-221.603064813943,-793.697857709406,72.6400158356766,-271.404751724291,-991.078697270718,0.329697627302929,-583.951373110531,-1.58414367506085,-163.95007356816,-498.175201155891,-78.4394167773805,-283.104400387458,-441.730644317824,-508.655858829468,-41.104852491807,-172.596522429366,-290.538883261003,-382.906831119736,-399.952756878925,-107.09813266578,-216.094412965102,-324.530845148526,-365.333664879824,-288.783658931071,-341.358606836295,-357.039676562265,500.956094005739,-55.5534237794561,334.17269569138,384.760901555137,-27.2015415864234,388.273303383715,569.512811291472,469.662585611155,398.747393167013,498.194731367761,592.102913012235,459.726244783541,562.463501660473,-7.9182072490181,140.511942733159,525.727449883924,130.248979263693,-85.7279982358296,315.119293652006
-255.43980937628,-264.984309486081,-22391.2451015225,-191.107700511276,-228.656843265268,-244.199740768057,-185.848684396163,-203.997689035204,-231.831995462809,-200.012329676223,-257.155412933565,-291.141055012369,-285.174919969353,-293.148918877064,-474.336720323657,-832.335477941161,-108.786211028564,-578.976704199374,-852.099995836839,-146.364041007149,-675.526782814602,156.091145634293,-215.801168629407,-770.154951190828,79.9246565064372,-411.656757000031,134.978812371364,-81.3057437373531,-301.405064789775,41.6870267865601,-132.137312462349,-254.685003340152,-320.068102694077,74.355626011199,-36.8926437218431,-133.304222377377,-213.413924318758,-226.610621590717,11.7869568705985,-79.6593917310837,-172.856462397515,-207.475208053567,-158.181208706326,-203.277878296077,-202.30068773662,437.736727423984,-238.26852029089,302.111453112255,184.857250137972,-412.573537212635,274.508757520677,222.709243202127,359.329209632456,243.961389369237,302.089984191211,316.816424028933,341.554139266059,527.277842735058,-44.1216394683335,-9.48775952963007,524.174982822577,227.845951899632,-157.507016064543,406.52480161474
-295.025030983471,-298.32734448102,-20910.0188929834,-226.382503472937,-274.581593538592,-275.72459402468,-207.40394942962,-232.300962735776,-270.107445946419,-219.37573909548,-271.449862739422,-382.518272008259,-313.765876178918,-263.319049064369,-608.317803860171,-849.700516409502,-76.0686583235782,-569.893194803368,-689.14204210381,-162.620812249211,-475.837381046818,100.043953171833,-216.079664012747,-427.13200933372,28.2629872695866,-219.474021581833,159.45374806545,-55.178901815843,-80.6999309044489,83.2051983307884,-16.8408753335959,-91.0050330954597,-180.394167099232,125.361819666579,41.4535050955674,-22.4695166553484,-99.5987388294656,-141.576647545747,71.2332060465804,3.43882013875486,-75.5904433384795,-119.881311830592,-65.1789659556013,-126.779676798562,-137.886537856584,490.058186976755,-440.116043041214,331.092652048897,114.740931111255,-831.127244860684,263.764367956816,-146.820170967626,335.252861091171,89.7897063320798,19.7980660716268,-49.1996798854882,260.951792785945,347.787006208277,-20.7826500937197,-75.4793874520121,416.872822437086,300.552157625604,-168.085652603067,464.65513295684
-400.814934377986,-428.136639619831,-19724.7965952195,-360.735046489318,-429.696952622225,-366.150285072277,-309.737646267623,-358.639919856895,-375.803225410023,-336.600222471302,-400.475353948336,-511.683935206883,-428.515517573046,-357.29334975619,-766.111408102496,-819.066151582662,-129.284555353652,-613.060903219971,-570.971048523209,-273.29864982443,-360.918185524829,-21.6566213669864,-274.871288419668,-185.273078441379,-79.934518948496,-105.68066648304,106.541051852234,-55.3591044053546,73.8254935092462,62.1656850686173,41.517613611172,-1.81874697673106,-120.587702959253,108.984273201554,50.7536062901751,16.260441134316,-76.4270121722315,-161.375614683235,60.3978461492615,12.5770419423394,-72.6503862707567,-137.211072916112,-61.8833192202991,-153.04641042363,-190.84506249328,495.349981026297,-609.835767496768,235.017397831261,8.5074717331621,-1170.64008718211,187.083244713824,-500.863869685232,218.18513940653,-111.218885469374,-346.935319658897,-391.916517593765,103.85819017425,-20.4479481481561,-84.009484575303,-210.162098694939,66.2379055283535,78.0820479341614,-203.93204512255,246.068744928016
-504.132349163503,-555.502360463843,-19092.8920357741,-494.702346179909,-559.869793833021,-460.247032017289,-410.812471632444,-471.597763784619,-473.383320377117,-447.263309281364,-515.119585734081,-619.049663427657,-533.994743673781,-469.417958417172,-906.411953458633,-753.349879132753,-213.008249512377,-695.670147326127,-528.780684932509,-412.376637418962,-379.193942697321,-126.117982593178,-357.441079048458,-128.288500525306,-162.836019588966,-79.3232822136164,37.5916600860025,-70.9763848979265,113.925804489502,13.9386633187773,40.1134832548909,13.9006355169038,-113.463185327036,50.1349549413469,14.2805251383529,-1.50272920389734,-103.118049286014,-211.225163681683,4.53692615237363,-30.1844878223879,-116.747368646967,-192.658769066783,-112.475751063838,-219.84262676532,-273.520887295885,272.795704380184,-799.37824345879,-73.783797609576,-335.792771142937,-1393.01612432123,-66.8123495874379,-825.004952008408,-83.9263115968483,-377.230869572499,-647.468778714023,-659.399051504229,-178.983738621019,-427.625848783216,-299.07869914779,-408.858668152759,-352.428122991047,-479.732298019983,-274.686451898019,-241.713266380052
-520.644360245453,-544.346439917416,-17644.2570655465,-501.964191739951,-511.637326160413,-493.070150470017,-419.459780132041,-437.736143995893,-487.054413754118,-436.95754887196,-475.178632590962,-682.070614397622,-532.788047012924,-474.116177890926,-1034.24415678219,-688.271988403435,-265.100793225488,-770.419676980178,-531.406820667283,-506.452746080123,-444.210747301968,-199.860442649235,-443.348361120795,-149.964020207815,-203.83521547175,-84.6358834932884,-13.5935100548013,-94.5120924169402,74.8937032185371,-25.4760376024529,6.50433933672885,5.98376383440948,-86.3692207851332,-0.540408300791983,-21.8800998504135,-26.9247228478233,-104.800396049451,-201.427511623216,-44.9181625060959,-67.2423132322527,-122.645036735058,-189.944797361431,-135.796726492362,-226.628296794685,-278.125348227972,-2.3893388683336,-907.520040043245,-308.144195593709,-731.881708443399,-1347.53680153986,-224.754044751739,-991.514816434732,-306.719243580177,-544.374556571232,-676.11048210989,-784.528566522918,-409.842702985987,-586.631384101534,-514.500366251961,-475.717928435695,-550.243347256246,-1006.21655540312,-309.243379256824,-727.584469207443
-470.1951025228,-409.637198935124,-15718.4793222825,-402.461857079002,-328.306322005782,-484.153912875773,-368.602604165498,-291.608016682614,-455.126515235933,-344.598433134375,-326.95595409875,-727.777910573515,-472.369495081946,-398.614739151274,-1150.08641584171,-669.879337438788,-286.126488512793,-786.971311186719,-575.584918906234,-517.24281230683,-482.770743828352,-273.635300278979,-527.479139974923,-192.194330184111,-254.983517964665,-115.006536705422,-69.6042416693527,-130.090013365839,5.15427943869175,-56.5085737629526,-30.0929691814616,11.3168136233965,-4.09303253474408,-19.6980054859754,-36.7433150758438,-35.2888448293073,-58.411123259195,-125.320191277278,-60.9236264595405,-68.8551556670503,-80.6120426156094,-124.355352409373,-115.308637341227,-172.38827039727,-209.577707551906,-65.0083321045227,-846.697008534378,-222.885942602873,-881.308561429849,-1031.50438469768,-32.7808972995681,-935.847072089458,-192.018907085845,-469.150697120724,-455.875804247223,-727.462966844256,-440.109826907673,-417.031383263264,-556.135871658914,-379.501175980267,-498.881433831492,-1162.63235778859,-328.416795053656,-995.485424906776
-442.342350587932,-310.132133219218,-16781.8479919881,-332.102591529502,-211.781781061778,-487.894167512296,-356.251528503354,-204.447249208813,-460.46998945862,-306.308553267006,-248.534718681778,-754.508012175181,-462.844970488658,-377.014826646751,-1162.25998392983,-682.206251635309,-298.902897779917,-687.650813323252,-666.099199739411,-422.566823111564,-494.462579637204,-285.573698372931,-549.359520106846,-333.207323306482,-308.385880912418,-197.994640550571,-137.087931269773,-175.989300604064,-85.4012270216968,-94.8804824240363,-69.4864335145893,5.23096565958474,66.8804665955092,-29.1024628712186,-51.7850057251191,-48.6101323905516,-18.6219747209904,-59.8155069379848,-62.0735726827414,-66.5360106551759,-61.6632649585907,-81.0686508719697,-107.435518073102,-145.619038923024,-162.35963353397,17.2852348192614,-793.181060605841,-22.9545557796666,-844.871474622365,-797.762386639884,281.049530249056,-805.85630271702,114.03799472698,-255.973615767,-248.709176686224,-580.053382962262,-366.816316784855,-191.837857394445,-467.857333874954,-310.788221493145,-386.277252770815,-1041.40125327164,-425.400253681538,-1044.41532289714
-430.165945150058,-312.127819151196,-22585.147504375,-325.682675359855,-228.802605938608,-463.921562423946,-371.059556932848,-234.202265559507,-465.278989781065,-339.673504023793,-297.088840602259,-685.750264702161,-479.416160500002,-437.010995838871,-936.241079941566,-602.130290478892,-264.572180135483,-418.894743384706,-697.040586531304,-202.947556387851,-425.837551452283,-101.325959947153,-378.614675770395,-507.950565493434,-235.956545726798,-249.686202467819,-142.451991251686,-178.991662420177,-155.818144368805,-112.067240345109,-101.326745902233,-37.457576216892,38.6790442203905,-34.9638283680218,-74.3107549944452,-76.6327704693366,-37.5016880791307,-64.5244222334817,-64.7769500947987,-86.4639931002223,-102.672701229413,-108.61014058758,-142.561442487265,-184.526833105948,-183.505653202538,-1.66018217921267,-855.488920855222,-53.3180442719917,-845.125092367055,-798.1884417297,314.544738754549,-719.650026857424,278.643934655939,-115.972899441402,-266.481593370844,-477.585866669738,-305.57109843158,-220.284152177343,-375.469295987765,-311.5314860881,-331.890952820911,-974.109006585748,-506.603371699463,-986.864802015498
-349.801427667995,-317.128866660385,-28842.7194799286,-285.112022897,-230.098725278327,-329.402636748035,-305.669711470571,-246.973819159632,-353.895408970816,-315.563864250696,-335.503633921532,-469.092087699768,-393.511968791475,-443.628321300661,-482.991253673247,-329.875668956723,-154.961794911325,-6.86026862509397,-475.645085444579,92.2660420455908,-145.571561428563,234.064415807982,6.55037365445824,-388.610495191313,-2.02631467304199,-118.224062772492,-46.6469779183917,-98.2984340539231,-115.1329911551,-77.8236416916496,-88.3734488325156,-69.0271427644782,-53.6317631824862,-29.6832611113893,-79.9840200286902,-89.1214976706831,-81.2382497743588,-99.5885962984209,-68.3665016876679,-105.493260054921,-148.712676327049,-152.011649791209,-184.949030009142,-233.786055383506,-224.05493500461,-146.727900196695,-820.461619103307,-285.888892219535,-843.664436770581,-685.198426444193,40.5451098219998,-623.082098745814,181.171655785773,-115.058007627012,-479.272223014693,-466.026383523774,-236.036543296988,-491.314642797608,-279.192645515128,-251.780624128634,-333.806172590444,-1065.05515352573,-381.155730862848,-925.981527896696
-189.982306041948,-219.987941884927,-29307.2343860565,-143.380683625022,-77.8153035634822,-97.1980407367914,-112.063524454509,-100.89468603803,-103.768885697822,-137.170428558716,-205.080480223548,-154.413048675907,-160.902427613559,-269.767076646646,16.4629303181049,63.3024173417174,-19.9540486964206,410.839467252515,22.6168424511996,363.040669244706,318.615951612686,504.973590982971,427.494507158656,169.376537724667,250.063143495304,193.94872890291,76.2429961418477,40.9976562216949,67.2167844122537,-7.29498712973629,-2.73013377483646,-6.38638879371527,-49.0031804366337,-19.6173421171337,-43.9415827260929,-44.4337902401373,-49.9046215853853,-53.6861820991916,-61.2731522267316,-81.7999252305156,-120.176124568426,-118.465802030682,-180.399189859476,-219.728126852539,-203.848156545539,-223.110972806918,-539.331513807478,-384.917283501847,-626.629255503957,-282.533711098471,-223.151881692064,-497.836753289049,-34.9414935745373,-157.635423879738,-669.610174722028,-562.192815029471,-168.915350145764,-765.06024435506,-138.793311257384,-144.431420665598,-384.602635758451,-1111.40640006564,-119.294324120237,-897.694737089105
-37.8495404753793,-50.7791077550858,-23440.5628447278,39.1183015463955,154.009669157673,116.41937034859,116.702918162714,148.410694411283,160.828862532778,109.945246009982,40.5888583962439,133.445110323858,88.5926877158527,-4.42514489331055,365.243713185874,337.985554355124,74.0515194982732,638.483028928199,450.501902923921,538.516404482042,655.22470429494,609.698995885787,693.642885693506,753.605941591149,433.906857953215,489.940578554162,162.552267886339,206.101883443861,284.940013910414,81.6634617105327,133.175223828932,142.148996137102,111.532301630665,-0.701258256987387,35.4480259609604,55.5876181260589,77.0006789244717,91.5560910380273,-26.7260228761796,-10.2073348664676,-23.4903172664561,-8.26693008068448,-123.773256036118,-141.164059490365,-118.655820894243,-109.180040837712,-199.84448917475,-173.115473267241,-164.159012248538,51.5158729381355,-224.927938893232,-404.881725614842,-143.231469987691,-109.516978468709,-644.765187499344,-748.88516246479,-140.878864291795,-899.753755236398,14.1358473658274,-66.1773569347374,-484.7519915358,-974.842263194623,36.4527672778903,-892.577444114637
5.55945592878459,45.6576645734134,-16648.20706566,126.540174542254,250.962606929191,186.384560312245,215.606944903222,282.239128444715,267.967952967847,228.931011610703,139.656827948145,263.759346795577,162.239830232603,101.672038459002,463.408859860077,278.915275758551,41.696253664868,541.721597381988,403.513326800317,516.642950409933,576.757542258849,556.263579664762,742.51763632953,858.681140995994,573.654490803927,598.428884668758,209.311425350177,362.524689210691,404.898357103771,167.049118343419,243.928450429613,265.791231776002,277.795793595443,21.2594554411804,114.258720237083,143.580694764776,187.655687068747,210.151630528979,14.1139097450894,54.5342251203697,52.1242716151457,80.0453196391183,-71.1895879999192,-72.4017306597343,-49.343889845957,134.183601640929,5.7839365560348,216.242137489351,356.737117017632,92.3196466354063,27.1254310730827,-240.344395941738,-21.8897568257487,122.163090931585,-382.577399750651,-755.866267452719,-24.188607003136,-826.199957021456,190.148387208326,139.146476342085,-516.601331697291,-716.434604986962,110.896580264546,-847.553074738284
-72.9608134959581,-11.0939300752376,-12984.0498692979,59.2482324158121,133.136915777372,95.706397989405,128.875165171666,202.763369498122,177.03241028758,161.950242337097,-27.7445514791851,225.734571294036,48.3841434913305,-19.6590166529575,384.349836658035,-4.15688434824595,-182.344854219865,224.456895185786,-9.94964289289017,234.127815388022,166.756956368825,329.911113041201,599.913052529691,535.584364287794,628.523239358393,536.535852368307,185.039905836129,441.293802530899,412.564943181758,191.169537819622,270.004330664926,303.330731433756,340.999135577921,4.38484782011233,134.705915424653,167.14150483664,215.330112597248,256.221289627061,10.7507161543319,63.5195959552174,74.6645878043896,119.795849929451,-51.2520124504622,-38.7856266496686,-12.1961782124739,382.623261753539,172.530413412396,586.034835698261,798.787454649748,182.902043338905,365.534658056337,234.817632407158,250.859234884968,538.779029516425,82.3773188595121,-200.298036446164,355.821437754772,-352.600253339241,488.294637359435,697.127642457653,-212.218403396139,-298.373822870247,421.318556268047,-566.376365121114
-170.854742077478,-133.254140153559,-11135.5792469061,-63.6199717615996,-48.3675348485651,-27.7985920376569,-17.5541411174823,53.8253026868681,41.4384019831947,59.4157032971761,-255.507519361417,167.703404254792,-36.4422265478328,-142.426838613688,331.106206976853,-111.424782304151,-443.305311406734,17.2008921373526,-265.296386883851,-71.295462295874,-202.098807677057,42.4282451254329,395.702483350218,204.460210399606,560.857746366796,438.213031641332,84.2761986195574,415.440273902275,364.855799995623,139.168709233071,232.082780130887,288.884359610478,367.618829352161,-50.8271095047012,105.896258481045,155.662220031813,222.480726976162,331.811553017666,-26.1003545352621,48.4357469515404,99.527102044626,181.144871937774,-22.2848597344997,18.2124773612639,67.8665615752058,515.742977300972,441.405679821784,805.051053869669,1136.05316015225,645.318041147272,579.358594277937,986.301423083527,438.186143927544,977.247067142824,724.180167206243,824.783365365889,858.062042576737,560.099771630441,835.132011502651,1444.80694793159,543.0272087285,398.148886979624,1035.53261564748,114.207756652396
-213.03059862359,-232.325136759734,-8357.89519150317,-142.813206493136,-175.176538585065,-62.1137293881194,-103.765489975573,-46.0368107058135,5.41593450695577,28.463742913857,-347.041633507045,206.305202876498,47.7099753065507,-107.052893254267,400.169294981638,137.433411984093,-437.130742905414,135.256053753197,-84.095544389432,-31.2703191546048,-187.609531830752,-49.7775321059007,366.317914708487,133.605949017405,475.884389119105,432.551875750924,20.9593979475661,356.201659698194,299.266277147976,89.0683329045274,192.859996794664,245.920084348798,377.974725126968,-75.1956495371494,84.1141612705186,147.696012690165,234.163623218889,418.702933173879,-32.3391173921705,60.4002742078342,127.907119966907,239.067074642992,21.7835028940458,86.7680899514232,164.604311680056,409.353168419448,695.981906115664,728.731969447735,1265.92836847517,1228.53677280993,462.593855503437,1576.54070120942,285.426905578199,1097.98086641423,1303.28635919163,1680.80256494318,998.734092155074,1460.98811384089,858.420720045787,1797.38053918879,1384.69983577033,1186.35392822796,1451.32690330118,989.164111874545
-262.162195213882,-360.746075868989,-4814.57332409323,-231.752854678045,-326.263003181335,-32.1355429415199,-161.02439361749,-183.181359620811,35.8479275410986,-0.411326395933354,-376.473876303818,300.19316096648,191.878115985287,-28.2297434167854,524.139249580157,495.482770004088,-86.4106751400837,471.270635770932,355.783332757967,375.535741291256,281.961098704787,172.062078634124,630.590564810996,373.522879211132,499.651166088465,568.796743560805,116.060965738802,348.758737889659,263.779090272278,116.02470555861,190.632545963149,175.314675705805,288.659111299575,-26.9084243547912,93.5259233120497,137.221122845584,190.643398609282,360.644628780154,11.3897294852387,89.5790059352711,106.084721494196,192.390303477793,33.8316608610138,85.1872644884948,158.918937162749,77.8519504721672,766.167900955888,336.713132335913,1095.28372597776,1519.42391035408,-10.9434426251273,1653.783794362,-239.122776870673,691.899318640856,1437.62647670936,1908.8014777116,518.772115359432,1804.59721161884,350.82963444061,1396.47211686984,1745.62874105612,1655.49461455829,1180.12200414667,1585.08290553841
-376.803090872727,-558.603202398441,-2102.9923114686,-395.715845236442,-546.966771471591,-18.2774722315769,-237.546528940992,-425.354411263944,53.7423122149007,-76.4191178019043,-452.12162055596,378.958062690132,276.350208989535,-16.600931813803,665.733498741321,714.710494445817,385.311775494906,791.831500887622,751.402711070276,821.424744025007,911.9906541684,583.241640135824,980.087062319887,795.273638800141,640.820931054919,748.087358280043,355.859222693785,412.190281677531,300.596405559894,222.754970468866,231.686114758078,124.692184033301,141.324630881173,76.7208798355744,138.149682324974,136.810931612708,110.664821593262,182.905537438847,84.4819465890423,120.601809473425,67.8771148957422,84.7006594885486,36.5735460621378,46.3702471949703,73.8913408583713,-219.003652608611,742.5022937297,-69.4375269451637,797.763105565225,1532.30038641469,-515.757418478262,1348.91094543979,-806.570489456505,57.2406393766325,1064.16189798083,1643.65286020341,-171.337321284801,1502.20712640871,-310.236393064557,645.346350279987,1458.45458965708,1578.75308643699,476.996250201113,1593.715737137
-462.433952926615,-690.968014670772,-125.246549241089,-529.032921263607,-666.593786636486,-25.857103408641,-271.204348656352,-611.811923513727,66.0983663761342,-106.005341050621,-483.318149933487,427.044374642444,337.412633798489,17.2132451418606,813.122796383849,820.270607358144,698.947586106887,942.004930250027,958.479916586696,991.023702450776,1261.89148943177,891.789143351721,1088.55583684021,1096.56611119447,779.569726366307,812.91824493222,576.488979963043,499.004389457491,382.85136379849,347.809264522253,298.004382057711,163.27856505944,114.666804293148,188.517069900995,217.809890112945,186.648415244738,110.873457299158,107.333788883173,168.899107453551,175.402590019465,104.99581816556,73.4095368287137,106.270690958888,88.7210251074675,63.3620889912539,-250.022041191686,791.946351458827,-155.915041043823,618.965293769487,1504.45683282096,-665.210690214534,962.084689924566,-1042.73677674738,-299.981255840293,472.759396765695,1187.0420932309,-494.612709414204,797.340383703479,-608.079344239453,200.850079797149,814.273005946134,957.814777763344,6.84520259910649,1052.09740993469
-329.713870813927,-529.235664366968,2278.15024003743,-408.346128117601,-454.904180129296,28.9747702816086,-135.91654730846,-466.48814847616,135.134553507641,46.8229393833829,-259.381068647574,461.919746157023,464.093283569911,224.301167438736,891.355858455433,937.327376743684,729.748979004973,905.025992657582,1092.33965708155,834.826587883983,1233.51556166087,835.161669584162,934.972091958959,1151.78809414214,770.325135390562,779.806521875835,610.787896921652,558.79571009384,499.392343460165,426.886274574476,386.955607487006,335.316188200219,317.513551388838,270.407473484101,323.21532050234,317.352644280519,276.282398897857,270.889675346753,257.284250188857,285.504672741642,261.781955013246,246.169963676908,275.360206718219,264.709751718933,222.404486038286,-62.8299794135904,932.864927791741,77.7528108665743,599.631833317868,1510.36580886109,-436.148919147328,639.532780463214,-894.702042847624,-261.279080849121,-4.31495706236429,698.151521389496,-384.121729184433,7.72368910782003,-467.175235876318,166.530546117371,182.488606383473,38.8388270840398,28.8137173917468,296.070904375431
82.4738342014951,-22.358053082584,5070.82309718482,39.6093908346757,88.3582874643846,223.479502041663,215.084164182288,80.9857699216009,311.157847112491,414.974627460265,304.352134807355,535.731283038572,682.869724298647,629.138331142535,885.193371383541,1109.49043152152,600.395340344782,789.246009196468,1325.12729335855,570.18354670024,1115.12594641939,504.60506374563,749.615139334777,1154.40840323929,616.135537855391,772.723239572242,492.10186590155,576.933339305244,658.422290498105,456.405263355071,503.160208730995,600.308201352956,665.127488024504,325.506241382956,435.663482087371,508.727438485592,556.441344240595,586.258278000638,346.561534028269,442.11735796344,499.193996891558,540.750664599978,499.823868472057,517.938665094433,501.95902939866,165.992792883761,1122.53656255979,424.69609808367,682.851760546375,1512.55614584608,-53.0246082673788,474.183082720468,-519.328920199917,-48.6424998219289,-164.098881475384,304.987638153783,-111.606203610751,-531.217106459613,-108.7666278687,199.96711927031,-252.814248172875,-676.402529351314,297.019346911053,-278.152323730694
561.598224627293,567.67424674473,7346.46506286524,582.715863091122,673.508133936377,479.83434264881,641.46352584219,742.921092700648,562.292557060301,859.878101545063,986.171329205641,673.066210289682,929.567567767605,1077.03596765172,884.161820224234,1284.7474644326,544.784955822267,714.820647606415,1557.72462594516,422.886112949237,1076.16699887941,264.277533732903,615.65249712707,1184.99069486979,454.549468041197,755.758798403005,391.23537673108,540.67650781563,750.198112221454,457.641476322805,581.256072213132,792.537155490426,927.857313964834,358.792724825617,504.477883965761,652.13051887806,773.129416334122,837.94200756966,405.757316055222,561.382149256213,692.868561222721,782.047005114061,672.721083707149,721.200347362734,745.662810722547,334.619250231287,1272.92923674992,739.84797134488,782.688630560114,1431.04181004833,349.773633753311,454.176771794661,-83.308952144568,162.933768458721,-92.7760430000976,-20.4249545936482,133.709683176466,-729.329624721771,244.973848104772,104.079781543133,-508.585258755789,-952.287364929197,489.615134252394,-553.804810730917
859.059201389158,956.444231139837,9067.70667004344,955.830673586602,1035.81169972021,621.683668289552,952.701138298635,1187.25312266792,787.828505235588,1194.56267500113,1450.16145927763,806.74698043206,1108.47675914461,1383.59151519092,926.117496002271,1379.7678565392,611.151718088154,706.018648782217,1565.41473775809,398.401171114786,989.07739387766,243.589513742771,452.07810730833,1078.29772218981,358.572348147154,632.863225624263,365.451334703186,458.11166211385,682.495391514118,439.932480018785,564.532044212501,805.195635594355,981.885146837011,366.312676143044,504.574958867411,675.762417245952,829.087506625627,926.56870132673,416.030607324917,589.44542398578,763.689053103117,878.304598513244,743.147969811009,817.02115948326,870.088206234553,444.346846376142,1274.06938491755,990.903199581007,768.599606886898,1190.38506882127,704.13963488387,370.923548981071,227.132377956277,340.328779342179,-79.076710193892,-480.19291780845,268.362154902976,-815.947496149282,423.162142484229,-1.35951028660282,-585.011055221022,-1058.80391752873,511.73888250591,-599.506762945051
950.209139455218,1095.64305107331,10809.6696191699,1104.50891581802,1127.76880284501,589.520756187899,1075.17732132077,1325.61291846139,890.408642917533,1309.43678431154,1548.80704673084,826.130102344072,1134.9827690696,1461.37433244323,918.005601451998,1310.31910224342,616.46118786375,661.001889169253,1317.99230984086,341.892535846053,721.903128844488,214.259146475656,225.692964859018,756.226039018497,252.797990360525,447.724043199566,312.740214539207,361.527329863618,540.957030112954,397.568897002886,494.145851886407,711.599913339405,908.596900430276,351.415574872695,470.029302108727,630.32295887146,790.64927615749,914.871712872025,404.528539085468,566.167739843395,750.17558226666,881.453892774538,748.490316343046,842.020865423519,914.489136111798,488.944304216608,1087.16091378291,1119.60658562903,561.462023997884,786.905360441458,808.848887975074,17.5754680737438,250.110312417447,425.89141342209,-281.301817459982,-1112.83500542367,225.187139221227,-1010.23942962409,382.3406100645,23.5952531191973,-453.490007637731,-1209.93792985642,441.688702692012,-430.845836772423
897.375091863827,1029.40227004542,12393.6518866649,1040.00561581941,972.231910282709,472.433208289127,995.563434220983,1189.86329447246,815.881818853935,1161.57958386645,1326.78469830248,687.075291068476,964.500803386054,1297.54641628912,772.515623352265,1061.1083174997,459.023253079365,485.097563330418,949.937422954815,186.90062051849,347.576952710324,24.1342752985943,-6.29298694469082,349.935731303459,57.9522600453071,286.556704339534,158.027940952147,244.085265313592,404.5586234028,299.303831510494,401.081210444883,578.898807938737,768.872365972137,294.113320885619,399.998536685239,544.137558363888,688.348653626651,815.755194130003,364.689632802508,503.349239461124,669.330211731727,795.376109547753,680.240916413018,776.177118607003,861.364799739061,368.171098084349,718.662990288446,986.416192991341,197.951252641233,199.509319592458,461.302137983491,-631.56572215443,-6.53670549877578,278.951462319308,-672.272393654809,-1779.8265838956,10.5943467928715,-1361.2318389476,250.603640133647,105.570691277206,-307.347975481006,-1358.46404046576,353.545793405653,-170.95838174725
719.375050436864,802.801662417027,13305.6382119815,785.956709708374,657.7095467054,375.242574854178,743.163319566135,863.485846919722,613.996572026799,826.28138705562,950.652569153017,489.489842084069,688.844090924523,992.874684680117,565.510362437738,786.858618238374,286.689239560536,286.856807456941,643.332102512257,55.1060150504962,88.7975288459331,-176.592212504881,-132.778678529583,74.5438541532942,-160.559963648598,187.582097906362,-27.648708756751,100.025337573081,253.550598481553,149.310646225582,270.840760922551,396.187312951757,545.625320592535,185.170914248968,269.652411309828,390.888801668733,492.976973256512,592.954286594323,262.83247327782,373.475776706025,503.095221972397,586.99475053949,514.953177949611,590.139798169712,664.946594276816,77.2991462703518,281.081967728874,614.104842860057,-134.999086750945,-520.300363124391,-142.893356021407,-1310.1226400903,-305.015528595496,-53.2198442480951,-1086.94944232571,-2299.71312032261,-192.15789688065,-1719.00107514765,222.967640005299,167.656377788832,-357.328649366897,-1502.640087871,354.256936542816,-72.0464229332779
501.870996856561,557.621735045376,13897.2364659073,503.651247039369,412.86639167694,349.374933204611,464.015566910767,551.600952961642,445.210079638986,515.451332592548,657.977549030083,408.516100698274,502.358579884502,751.637037869082,466.922634745884,680.225095480847,247.048742660213,262.869262075862,539.567041882889,53.4823716031503,81.4210370057957,-235.920353698326,-93.0903816062666,65.5141315898234,-273.978654247342,159.191316765282,-125.08226238963,-1.94916398072185,121.960550529937,33.684762773918,147.814164435053,220.387486914717,318.646063386397,88.7885134027507,139.43332138247,228.207626943393,283.784272448934,338.661571207096,148.548383753626,231.710935423743,323.152359705897,355.90598338147,341.324607532643,388.499367156753,427.369717985749,-137.655501229196,17.9080432901898,261.815618544044,-203.685737075556,-1041.75363446441,-464.166506262985,-1516.69146629884,-334.988638259167,-229.393047249021,-1193.50368367403,-2358.5226357156,-146.323740944232,-1750.4227856718,393.196315390427,320.703204445576,-453.067201222346,-1592.77051959149,559.168189785446,-177.429615911727
363.7624016156,428.769450896521,14789.0056789459,352.589704474534,366.286417159835,380.316002320519,300.96455557751,401.604761715669,409.577083790892,367.521037775087,545.561941238677,486.072828972021,472.204986544383,653.048160039329,510.663630447646,708.713083518075,261.899992177047,382.095478031043,578.460802711386,95.1940391182492,193.994787882601,-245.293418258419,2.17209265783013,223.589934631103,-272.102320509458,142.742698423759,-129.781823857841,-13.737255468605,69.9022387839812,4.20379283865335,90.6111300413431,138.13522564035,200.922307820972,57.3111312665653,82.1310715686789,142.255564822816,170.186783594215,177.521690830273,97.8778428234292,155.229755694396,210.570303515375,216.216011730751,245.525316800045,272.341378974457,273.437901731598,-114.012781322272,9.65877917907336,29.4090485352057,-71.1225450117902,-1034.47910048784,-310.547594341766,-1069.8181968082,-60.4526065822265,-106.384478627041,-827.238173075255,-1766.93690883794,89.0713982661014,-1324.36160137728,613.990049898829,544.648485040207,-374.385682617998,-1455.8289273854,797.910099223689,-345.009059217086
277.537844692495,360.777620180953,15679.148523105,270.333310939364,367.735301362833,374.653886875425,213.166550330958,314.221701227413,404.012269358124,291.81098683392,464.245725411621,545.146368757066,445.354041742586,549.998489775904,521.059568102372,647.651543628776,173.332675379653,396.958203506996,520.552242445254,25.4823549674746,171.783518140849,-349.091992928598,-33.0623592904261,264.64850578865,-281.748993187579,32.8423089624211,-158.20829351754,-29.0914869027249,31.766277603367,-23.260082554371,41.6660817584344,95.5736454388127,134.159303136986,26.4991666711286,39.352078650933,82.0279803779925,99.3741558423777,65.9526488481814,67.6784868082814,96.4090082203699,116.901820064943,111.589008265332,165.955339352124,176.842409446126,155.111801508732,-55.8917611068936,33.550505688537,-252.494933683064,-107.137824432897,-632.824819928357,-101.878909442288,-453.580245021877,187.683326743881,-18.5555366800832,-322.552548324493,-868.853547161678,159.510655532498,-758.68356668485,591.972443816319,505.379831995728,-235.01219884607,-1148.48034352781,660.753298641797,-552.189030070385
144.310446568451,233.165683944822,15986.1989880045,123.25452809743,257.173538612335,251.703425572706,79.4194814062794,142.544099940077,274.475862590396,142.823382284437,270.998358893008,410.345846404592,270.793368838549,315.903056752098,335.03435759998,384.669309569667,-8.43204382665845,177.336180108982,233.467967438811,-158.873098941226,-74.8019605901247,-487.720115585683,-244.389630838994,-16.3941003329442,-389.549124844996,-219.830371549395,-276.504054468121,-168.515581871075,-112.269629264457,-140.917704700155,-97.2074323613293,-32.0830540410615,-15.4668910142961,-80.3742783081262,-85.3821505185888,-54.8913004988266,-44.2526837443716,-96.5637373624488,-29.571564917992,-33.1755950460919,-28.6388480294579,-46.1967850989621,25.3029869885997,22.610426026393,-9.99210581009625,-189.296472927297,-92.6974209572482,-587.770113420024,-427.487886763776,-285.070238744506,-176.306444130443,-180.552859084697,153.88745672509,-221.63831678561,-82.240727224703,-217.324088224132,-68.3185664193551,-395.822594820011,249.53448517491,52.9287212193248,-224.670066371284,-879.561742294202,76.319213472746,-763.820671619086
26.3359455777083,104.177773328107,15921.9429936792,-22.6094307275815,123.749965665719,96.1965665343419,-63.5159742142265,-38.2723634640141,77.3574767433187,-32.5882695014346,63.0976571688147,168.751195027988,39.3789164554175,59.5690363102567,46.1410935843703,65.9168363232671,-116.789142923332,-124.59031800293,-132.757951704308,-303.672221379057,-401.693928443604,-474.490514811013,-488.338811456586,-529.450037898944,-488.143066364384,-539.830704708833,-378.676843886717,-365.172210303761,-339.852457697097,-277.353214059238,-279.550303970756,-221.661661613436,-212.703369761998,-198.450168564342,-236.884021436769,-221.161347305531,-218.55626921828,-261.808494738741,-149.168500229351,-181.411758737559,-170.415107123751,-195.255649297388,-110.768100159129,-116.610156971163,-156.117686961579,-410.638224890718,-243.233876260735,-735.957520059416,-675.283263277824,-191.161765167937,-323.854397001656,-155.051858764816,5.01793461943849,-479.351944596349,-64.0822800123872,65.2463471125038,-296.018967679324,-211.917766461526,-119.450646693484,-450.580042714989,-277.771603448774,-582.481693174854,-474.257102402604,-742.720580528462
101.106327557013,152.838634374812,15766.3299177939,24.0748187163267,156.001962596413,106.262523318654,-40.839916197936,-27.1779121927182,37.7381777922214,-47.9795071861364,45.048593811843,84.1610291061032,-14.1380622050196,-7.84805270628901,-78.6879770328701,-62.9311563085644,-41.697400271976,-245.828299437225,-299.877404039803,-268.673976154835,-552.468918567413,-254.478430830187,-553.725938147934,-872.93109547587,-400.070542741277,-703.03827305661,-311.794007140243,-415.503601589756,-452.200629891921,-275.516267408782,-333.650422548396,-301.515383127967,-294.456265895343,-195.349117206142,-258.750417935225,-262.467267918151,-270.001456444491,-306.158169126275,-157.805051671765,-205.029779867466,-197.793913824759,-222.70451150044,-124.671643702602,-126.826376342158,-175.025939833639,-488.493761548873,-213.328908791173,-623.341460496775,-547.042607162273,-156.031075544181,-253.043931573371,-18.7541387521389,44.9789477799247,-477.679462260929,-28.9213656462157,268.776704618597,-233.056684523011,-19.1252952981684,-174.958978454111,-591.351310692982,-246.599158478784,-91.0713367989459,-524.726760503338,-383.342705280448
377.149840355262,404.214081275854,15178.2086109001,284.327847220226,373.822188295512,324.118078531203,192.47141442497,209.427954985492,227.708497817199,149.431761755698,251.293127096451,244.871483530989,170.901388516695,158.939554043789,62.6818138839418,84.8316911061376,144.2442925583,-87.3787377799525,-151.08383014496,-61.8387843209878,-355.61669598975,29.1153406587411,-349.432818494635,-652.252352604772,-147.415298051418,-510.154213739487,-98.2829487631328,-258.558240321634,-283.913650831933,-118.635170753992,-188.158236210882,-176.074776981387,-203.057121733439,-66.7169238558865,-116.428035128489,-130.621745673499,-150.147330868322,-208.053964456461,-32.8946018380957,-74.1010806554225,-88.4421645420615,-121.495037529954,-6.20450875486501,-12.4986392522311,-70.2331219055314,-389.03030603253,-21.3839041072253,-455.317245964885,-172.253174518244,46.7087813532199,-55.4016902895618,283.773597743692,279.039385779376,-268.754266146125,64.3077424843228,576.370472788138,33.1605118407979,217.440404315143,69.8123151698633,-398.334711329707,-136.915116161472,464.296388197506,-173.035324214478,55.1016520130001
635.626779181069,665.655322693031,14378.7241237033,550.530342398709,610.674010913036,545.217294429379,447.413117509778,480.90379009874,451.95419770495,389.352753160501,506.471412610216,446.88164037831,400.444981202798,393.721319548494,286.12622559325,345.896463303041,285.854938218932,196.047709784388,159.498781523749,183.251439855073,80.9324032459644,227.415531450046,-8.86250993496394,40.700950728707,71.945836778056,-71.0980363022434,85.9313686507949,-49.5376493398535,82.1482286141168,50.1319657999947,33.4187504078127,66.0190155770416,-21.0379346719898,62.1947866629544,61.4208444131278,69.5215540506009,45.4891247481121,-39.2730068880739,107.304492477679,99.104376329711,85.5200211825927,38.0341040343295,154.000996846786,139.654708459783,81.3929828024018,-258.900647510734,186.281486633865,-406.354451415685,179.213027024432,404.064828764533,28.0278904973364,565.181885785057,460.658710315905,-103.847090085485,145.094336348233,859.186840239152,202.557096219506,401.96444080261,288.28360569293,-210.50374287033,-16.1812465038877,846.311085519752,104.153880700028,320.438937243344
701.973253229267,763.721730553481,14567.8540394595,643.961099750563,716.680723861567,575.947162060077,530.954790295513,604.187758741574,504.936662161507,486.39124983364,639.30970112194,475.082956141223,471.905674249373,513.453541871837,381.043212909625,485.240767089516,320.081292275853,387.617617293393,387.186352841171,336.267504531313,457.09128041072,326.168614915598,257.656475798618,677.502284082382,151.452082243978,299.600992005547,138.180767642905,69.0586064573416,405.836624043612,120.691291648818,184.033492684099,274.250317763912,155.070129259607,108.245766684094,157.671713462976,217.494905784208,205.779547131374,121.02153424107,166.919221502862,209.197317326619,230.944087355507,182.933983475744,264.359557844249,255.006202135565,209.763149084567,-182.282304470991,356.511258111053,-396.314347299778,440.045531231726,749.440945102293,9.20558348350732,713.086300300991,468.362258146468,-49.1885982154873,218.451087724638,952.312342689593,156.386397193817,486.138825711567,273.492613055749,-232.927618863757,109.897516451328,1047.20305967485,52.2818839919207,477.178520695678
626.336320417642,717.922763622588,15977.8927065851,594.839694454954,700.153858646398,453.908361725532,458.285708582681,580.209397211445,396.38567224782,430.136520842348,640.660485839113,345.578792249239,370.051912029013,480.632596959679,336.869592625355,430.940492788092,293.562883324498,430.367327552204,446.51662482013,366.567581549932,610.1464484264,367.877908875672,381.891380405754,910.057255457866,162.401121867396,467.502471501584,125.07767945487,126.255986051077,549.854935896772,126.377261996773,249.066991982081,372.076155977045,263.920563380136,108.106650010875,180.069355807975,275.470776630272,281.860694534116,213.751658191857,168.315438200131,243.085644732072,289.431530206922,254.356885267378,289.580593221557,298.11405317478,266.28534883469,-99.8123827500693,493.935502011692,-263.006414803516,625.523205349773,946.991518575356,56.9531761176434,727.263977438827,404.053190612797,16.7176474698432,297.942077453676,872.34387235739,47.7277325582345,507.127155417076,148.072605875772,-372.100722199685,225.983937072373,1174.22183953814,-148.408244900402,652.293373758532
532.762631094801,623.393296441274,16957.8134694661,511.130839638418,636.526068324269,330.463429272177,356.490091917054,504.984086739617,264.107323688779,322.259687674079,580.960759198647,202.083490700287,210.728752434801,366.810152857945,251.680516247224,291.14819248428,247.441993202458,408.132272552083,416.321163238111,335.399934230637,602.642180988479,367.438557514151,428.323965669946,827.644000014019,212.493892870097,514.007115116804,159.645872744852,211.158121817559,538.93272815357,157.056280248394,284.739134416136,368.647727987374,279.089562094463,130.614704035585,197.099729943325,274.550511598645,284.516105052945,224.545620795702,178.046863296032,243.398807154427,272.552964481725,243.790640438102,257.863197428708,282.217627966249,250.243365211743,19.9512170197583,555.120196065115,-56.599499871213,649.1924345618,957.928999156465,144.716246098163,619.158285346261,327.55715723991,108.875068538932,334.217246744151,718.158443528104,-1.22488775394558,511.750331627624,69.6346957628746,-464.161968500752,264.904204474592,1225.45280717485,-245.45042298542,754.928112640725
437.030497423352,496.140181840185,16243.9070805052,412.518884029259,532.289763711134,260.355349757475,278.726192514401,417.081052166056,183.166731316022,224.712496300768,477.923124165036,111.123325447799,101.271684282716,234.002268809026,175.960909988934,193.098043040053,183.124702664177,396.635055472651,352.029027306572,327.529201312364,526.179423146089,338.896277042379,462.811317902018,623.493874576503,314.51561512353,508.725128196935,245.494767650931,318.129689838564,445.055989559369,223.659304717663,305.58024155728,305.716992786818,219.588374433366,174.685045554131,229.060750789654,255.293808302552,251.019181383587,190.867743309165,205.583263303687,241.987292746957,239.400341589686,205.100769073598,225.120181421742,253.638279585794,214.527031357236,88.7432456335911,475.372391989906,51.7459452417426,443.398758957184,811.402615663705,104.717510328684,418.661436500628,165.762200422919,106.421662612146,299.300659070974,536.268982649138,-54.3848752955897,503.967958939157,7.97338482834024,-479.436170365346,186.000828053135,1161.80587572998,-223.077355929727,644.378829053645
313.540230346813,339.392793340992,14874.3679747837,292.91859260399,382.716015502321,209.527496726179,215.243512829179,316.126053044257,146.070065435351,154.448989396875,338.227629357214,53.0472102435768,81.1840025322853,116.931685239182,121.689622699656,180.234688818696,122.016389085141,416.44014948294,261.166537427166,387.982381897706,441.06302645934,326.347098216535,532.498963356185,409.428260336158,419.284833506254,490.924614161497,305.802282253396,397.50775969609,342.310122984505,276.649071727038,306.76669951685,230.89923845231,134.045604590555,200.247065252366,254.278393510145,240.337498936174,211.700972903301,155.328934958373,223.899868422306,244.040641965725,223.516620552332,183.693829555028,215.261577530916,240.552251966983,199.606398663989,30.1280897823007,210.698930227617,47.1510295317803,78.0932609809382,569.455604978761,-49.3370556011282,171.327787902322,-75.6271333297158,-19.8964613568244,186.821729231217,343.313658575505,-153.444980981669,452.17708328404,-77.1842385346064,-452.943794396257,3.69947201690169,1033.12263570244,-169.35976813908,392.750144281196
203.53249551819,223.515416857661,14379.1897422805,203.103044713954,254.074960865126,159.106764409199,170.524471878339,229.205541445961,127.034672682695,123.957264473014,223.400912601358,2.80945332997133,109.626670461821,53.1289340292275,74.8036400475028,205.273484126316,70.1838903921914,431.711370716855,199.930085642427,457.464467591276,420.549623003395,349.297070614625,647.627765928209,313.128301561383,494.950111048372,520.919770654565,321.324520805798,446.555583699029,301.265352353515,299.848162122016,307.646695943727,183.950087938076,58.341656832715,201.708516475609,265.137408638591,230.633177592124,174.387022584302,114.782647260557,224.949563573334,239.933527638737,201.986034314507,159.551307060034,201.835889407574,224.431808785433,182.047764521856,-87.8704054950974,-186.590371255976,52.6671244937076,-283.370891150725,327.407576990788,-127.979893002357,-77.8428725925608,-252.146718624006,-154.476654915377,-24.6997238416514,210.500027246592,-211.364297327691,352.072480427833,-124.34897849939,-382.590729279461,-250.96028173847,914.337736753608,-90.9730873416734,200.156999280722
153.168872823177,189.053824855845,14190.3376652807,173.217898492218,197.888718508256,107.397027258333,138.071477724626,173.023771294035,87.9836688316976,106.02234120914,170.628535529102,-59.1495089648387,88.7599323939162,44.0254175008374,-20.8227742572488,158.86230146031,-25.2925970610026,345.695940933215,185.281077177024,398.673253545308,441.911872206594,341.159987037111,696.428842722162,386.349009104511,494.667384057203,570.982497122891,318.758825689689,448.485886917045,325.81056557077,292.232970956945,304.97466794051,169.355833963034,9.38941750632586,186.462046255529,251.621081472873,206.269238073789,135.113380314508,52.3522276552087,202.767954750474,212.047858368801,155.440705989267,106.744148580623,165.194988081589,181.934951779264,132.774761017963,-76.022375517594,-446.232457668346,181.097645805583,-397.353481391292,231.281733910558,-11.6335166412456,-170.077334786827,-234.632129888751,-135.288954650927,-187.438822949,287.813791741011,-123.139191824104,322.349282212192,-62.0694155409499,-237.026934572,-469.536545090897,855.884982081003,52.5414239813889,165.940102996376
169.370843674043,208.371366196524,12332.0942350249,186.943749913659,205.142404997543,70.3575926120784,112.969664158465,144.359726426888,26.5915630935757,75.2191026075347,155.197399224878,-116.040038903712,-4.49469590292301,56.9176062138628,-150.700117883411,-1.10013615164634,-137.430869838619,134.271961065746,128.840896908122,203.880737516765,368.632846430612,244.856330474569,549.725154885757,455.423898197321,376.834441753856,519.339129485303,295.08449047879,371.583021896044,350.039188177397,251.822790670906,277.653407652797,178.855216017329,34.5659693348028,164.585173947865,213.812882541757,178.794516131562,124.80055995583,32.3753222605462,169.714437587314,177.979874999968,136.015856395056,85.2402853647854,147.837503691142,155.451253373267,110.433757413526,155.451342289692,-287.380212269426,425.167040699059,-104.667686595627,377.712324319423,241.071054428575,98.3750337282747,-7.4263883920748,112.180090675308,8.36107637455452,647.957712928284,140.181867073933,548.999876879655,149.192285573279,1.0735738101659,-400.572819272015,924.242966716392,277.740205780848,303.742195729594
234.077882807007,244.273037559386,8303.23425569678,220.873765183058,243.904002654469,82.6551321869326,118.154643552911,137.486760135551,0.464883710961737,56.3592622737457,139.091229309466,-106.557353374646,-75.5773963150212,64.9082563544562,-195.207853159663,-172.113345777429,-120.170686308166,-67.800511839033,-15.0012327665469,46.0745644165965,148.830320995548,113.613335358751,258.163237813769,296.00486240583,198.297274317363,316.563668904947,244.893513836125,252.665526553297,313.7012395257,209.242506479698,237.179455905098,211.285000320545,168.10312225366,164.791622141987,190.803560537797,188.142089783513,182.517169919646,134.076171196537,168.40524557495,179.813800395358,190.077713234737,156.997218346499,182.400682155728,197.685270696212,180.202179498275,406.919238704742,126.383473215794,581.108824784187,348.028350178846,597.145635547234,425.963654720001,564.052644756133,279.706967158469,404.830312673169,512.071353988176,1028.54717367254,423.051867103721,949.137352477441,415.471208360308,213.698654510448,46.9022644864375,1076.27215958384,489.563993466765,564.579572665747
233.313930501588,194.627922711096,4654.40464575024,175.46030918752,201.678590124169,92.152282561446,92.3469686059437,66.6333818360757,-14.3169811231071,1.44757489413208,38.6137961295513,-52.1163214693205,-115.945854559611,-7.10468772368306,-134.565186110769,-290.710397784937,43.4666653602869,-178.727466182856,-227.192481216069,-13.337299718446,-150.756884054847,-5.43435605867336,-58.4775866744229,-108.830161086908,27.0799372993475,9.52677310110676,167.965291236664,122.509442617812,171.286736342244,164.203598798209,166.805972997301,203.531703114937,291.413352121897,167.957417237334,171.650774251116,184.570621518798,230.934025953152,252.454109292734,174.280978891553,174.600203575367,227.310225074045,224.183458944515,188.979142558184,232.893733036525,243.465926069014,422.455319280239,295.327342524602,467.740212191271,490.208007645058,522.591596533141,368.389779450096,707.849786493733,385.872895208527,432.176010544844,781.067039872647,979.427393454146,445.400914713548,1077.08080623779,479.091486769961,150.879578893143,470.481522704583,1028.35116693181,465.646533234477,688.529881908878
38.2629316293255,-55.2295648892142,4467.54790303292,-60.5441633198296,-48.4498906467224,-10.9655443970473,-80.7973328165777,-170.401136511146,-128.489855075798,-190.052891754742,-219.394999143109,-65.066081500966,-234.155609641855,-227.804530031946,-117.152986009023,-443.809220188148,175.653498870388,-299.890217628094,-509.022926884808,-114.372980389934,-468.796695363573,-149.875855831172,-389.581819876457,-561.937054178562,-177.733437827243,-331.528128695585,44.5484021520006,-63.2402630436003,-90.6862435762785,57.494074851276,7.08533662721493,60.1057474803936,218.7480048221,109.732588710275,76.5303593101497,63.0287840336125,131.466781283956,185.793067773563,104.949805263365,68.2948565747659,118.291471832125,130.373734958987,72.134875612225,129.058160079669,140.451667594373,234.719789365827,38.4978675437113,199.220021342002,240.443540658057,44.7297425719528,134.496532893109,338.941548193606,256.301666792863,164.518689866214,523.440452045823,449.467104275682,168.685624632383,684.775723500954,266.943768626952,-225.966432702089,401.788719718465,566.277222610352,151.07616296855,409.732936915798
-263.414831697616,-412.154045157041,6963.69005029805,-390.567395370524,-424.161038145518,-195.569752552836,-341.554295483926,-482.684587720849,-321.617861854493,-446.201420854526,-536.507734793385,-172.10902083211,-412.811107272652,-493.730515485668,-261.995835964248,-698.978579384543,163.845008945498,-522.631792083046,-806.794852965332,-323.781811817126,-758.788322705464,-343.971420855107,-735.524355234087,-862.570999644036,-484.216724440404,-633.469828293265,-143.117679791721,-337.711057555689,-409.126687934168,-139.665161030116,-242.755094466791,-208.33626934235,-56.499789503517,-23.114566365095,-119.45055283316,-173.155371168058,-118.482395467508,-77.6560252057565,-48.3614214581707,-135.523893418282,-119.721984985703,-118.656934380981,-137.878511972443,-108.64367677255,-114.938451064616,-0.879087747275807,-344.707867808267,-72.451770270852,-63.8086697547583,-531.395448146829,-124.504149067892,-172.078146588121,50.9861028950482,-171.292362006711,62.2333538990416,-129.898164630018,-150.177272248958,67.4437153103319,40.7032916624099,-628.143420307976,-85.1760829646251,-109.725420876467,-193.973151409107,-137.223444319925
-452.54296240608,-643.472590952881,8512.72106047633,-593.233881282911,-697.706941115624,-314.759533703325,-497.051444464139,-669.327252265145,-441.867915324447,-579.570096734966,-731.486356343814,-284.743541718197,-509.630388785903,-625.48562167908,-519.641704086346,-984.388975632388,77.1362625316531,-788.760022987339,-980.419366072941,-538.11476778211,-966.425411255724,-549.51698810613,-1016.81451003728,-984.834063103629,-860.181244052874,-879.072696160709,-379.46603791799,-667.28449283044,-707.99024817436,-393.05358774436,-520.386662050713,-503.963816529273,-380.037681298546,-194.798586895851,-360.802361069999,-434.509264852663,-404.413133298545,-381.455197726408,-228.89584550076,-357.967435085619,-374.548858732921,-393.682045243133,-350.461651127933,-365.285515497698,-385.608382595026,-281.191587087432,-571.941930190223,-424.211790166371,-216.668037449955,-898.065338528264,-416.871600162682,-474.660889042589,-134.690944405159,-443.536414847235,-241.586839487544,-468.004122813227,-333.181570218764,-404.460941085214,-8.59098924076287,-805.393866148486,-582.028981692338,-631.742865635415,-351.517973350449,-587.34507353792
-466.197362705643,-676.13364173015,7995.57663266715,-612.302470582513,-782.675560855147,-312.263239867874,-497.032836642738,-693.032102364291,-427.93482050123,-557.0008220627,-765.471444789678,-321.792789271553,-482.937752183094,-599.936253197404,-719.775337715496,-1145.44878575849,26.2116467383594,-974.787899046789,-931.537177762849,-659.428866073152,-1045.31819780178,-693.729228138449,-1167.92574962468,-991.426958017469,-1159.49075574634,-1088.19152176442,-583.076450049403,-946.278463487025,-936.062257081931,-614.071708780867,-746.754408026128,-739.048829705328,-629.485314362571,-347.786874704074,-563.065327804192,-643.909084506142,-632.245853033553,-615.642404218371,-379.841458300352,-533.70732871825,-571.780788480671,-603.510174465416,-509.709150631431,-554.734189992475,-587.227694347409,-551.923199340402,-632.326130393314,-787.835940480114,-274.177840567665,-1023.44759113244,-676.23330543969,-560.060939334867,-280.328123539151,-571.274853088057,-347.090802001578,-666.615212276366,-355.791362751661,-658.13499840582,54.838091542487,-698.659959141945,-811.752216105227,-880.568755373456,-326.399007278298,-778.818334868006
-404.803085763196,-620.803074723442,7270.17211359232,-557.289440848587,-761.090510591635,-254.578224947156,-449.024963822601,-663.291129776312,-360.940929362784,-499.654674506825,-720.753834254334,-288.340985408276,-421.845343050205,-531.66016874628,-764.211134032005,-1086.68776848809,1.16578338909072,-1043.03736920062,-712.739913988586,-727.585500327027,-1005.61018671405,-744.648785227312,-1231.84395387335,-934.756792948788,-1258.89862440534,-1232.13176232775,-660.563122279376,-1050.99030457328,-1038.04335218372,-699.705824688235,-843.278538190088,-845.558638143279,-756.118098043672,-410.448685043354,-645.06626863238,-739.552887635778,-744.656826985603,-738.552301581428,-448.970628147473,-611.063792279948,-668.63848878081,-706.761492150032,-576.330297367932,-633.787776563879,-683.739711564658,-605.731364323427,-557.211651644829,-818.914402082262,-256.470909515257,-973.724603249532,-654.771183524044,-499.147794381767,-301.283100034539,-428.537642689988,-291.649435433542,-808.319355683369,-212.487649097862,-701.513078566576,153.858208842227,-318.887020715959,-664.85752438689,-956.695266332297,-144.775305164987,-744.993268923916
-325.762832278684,-532.800320955447,7025.79477637547,-470.453282314904,-669.107853048785,-200.156630091831,-400.455595042969,-600.65198863584,-318.484698577464,-462.669506126734,-620.769872559531,-260.351838164503,-397.455367754254,-485.893711827591,-746.245094418371,-868.605479306414,-128.261412139047,-1071.25011091976,-510.463397273914,-855.935553989954,-956.607288586939,-772.017573286809,-1307.50938497389,-949.356813920566,-1199.40875303044,-1294.71474956634,-634.048925240349,-974.375244803113,-1015.41709351115,-645.069936584472,-798.306351455067,-799.531679593789,-733.864259708517,-373.155312228453,-594.622325128012,-697.771172348531,-708.481572664062,-707.081396567521,-421.750036527994,-570.470964688861,-634.676545074003,-664.234308654608,-527.826151135824,-578.657921873305,-631.987488358282,-441.151875241576,-304.827328543858,-489.702947290311,-128.583328647703,-761.987825387935,-343.839598860979,-317.06063919663,-166.722824554767,-79.386174855837,-88.6556359625974,-768.516026090114,14.8889003763377,-485.681268299237,274.750033934939,212.679704330257,-166.74605309114,-892.503780826989,153.182283930487,-492.20350159887
-199.855633927078,-358.608801740338,6144.86183389249,-298.924409611811,-468.183537565421,-144.378729040227,-298.626185516873,-423.252361462493,-285.376909394775,-388.171908307838,-432.090749521428,-278.434874043993,-389.646912574383,-438.790308038389,-765.399139406922,-608.450124471943,-401.517966702307,-1081.27631714256,-470.275880344127,-1027.66600531045,-975.205998915209,-830.532483993031,-1382.08511750242,-1150.16641004603,-1093.98914277683,-1305.80318137757,-613.039670357062,-831.043423651195,-956.014208193494,-555.719906967597,-694.70968976161,-676.357027623067,-600.416769336421,-318.446966202905,-493.822694588169,-582.883739067007,-569.509334234576,-547.286746547787,-355.038674266435,-467.984524264564,-510.266425334081,-502.713828348505,-411.288043090141,-434.370089165182,-455.690801326913,-319.099858391086,49.8955358954101,-214.637158071235,12.5715308526067,-471.490887638314,-46.7240147341893,-144.64029922829,13.7734177106401,223.714863393518,139.605264576418,-546.880402650031,192.758083981751,-109.929511472845,379.078969353035,656.844071899193,436.499195722624,-623.277564968508,409.88318538348,-58.7772544992163
-39.828075563993,-116.980231287484,4499.97542002103,-74.1235215990023,-211.996421482878,-77.1617745564543,-144.361623991067,-153.848454158287,-213.318284340539,-258.472045322349,-211.464566597907,-277.563285343125,-347.214551603723,-389.937845380214,-708.489008266174,-333.876711208547,-623.173194658038,-919.427181768148,-523.311552327339,-1026.34241683701,-928.961489602418,-811.767792227432,-1272.49497572997,-1360.89064300329,-935.334720257223,-1216.03972293461,-617.623000256131,-690.185500062801,-895.186852107515,-496.906481748959,-599.578627471936,-581.973357348252,-484.795984779942,-307.504939271087,-419.943172747707,-485.681276416411,-442.810346855766,-401.278852403841,-313.685812553299,-382.371942388939,-397.760063332513,-353.134762085121,-317.983871246885,-309.300381305257,-287.095691386657,-353.077253986703,283.954869704797,-216.660517106206,17.2297212610682,-269.574002101595,55.0443260741975,-131.436343293155,113.568307164607,348.658432133663,239.727585105948,-367.044274319664,279.931988670592,173.681765790953,404.608735524793,831.319764390281,826.174049743116,-197.058121127908,477.291225042653,344.852514208952
55.7253499405487,53.7206312733116,3187.7278571531,61.7644252245319,-46.8130916785326,-38.5164486631067,-43.2112958603129,34.1079334494741,-131.469265005227,-169.123465213434,-101.317011417766,-209.403729736836,-288.549060169929,-403.237478676268,-425.178408887643,-38.0995980115713,-598.243088470967,-476.607899929218,-501.822383689019,-715.450101289859,-637.732116307699,-588.229645184415,-857.032125377426,-1273.85476313732,-652.563387658386,-946.012639491022,-554.012028734303,-521.634994612638,-766.360107473156,-427.632250846131,-492.994314993213,-523.726718037618,-469.971617684747,-304.088883871294,-364.006089078326,-418.204208270136,-385.11002299044,-367.791512495292,-289.719672777812,-325.11162248908,-347.696808947496,-307.925426670178,-282.329940163805,-257.877684450199,-228.026617903327,-409.606352915319,303.412852994434,-315.478481966232,-97.2032915523531,-172.750874891723,21.171683207016,-184.236316103076,60.5522142257185,334.722613445645,221.924543136826,-291.981322695654,248.672727960151,268.764627431526,267.687432450831,716.448487183472,915.424284283055,213.575172644418,337.952967417499,525.29453772433
-7.48961586782795,34.2990499155506,2439.9054312349,4.41647900489426,-69.5992650980742,-110.281445006016,-105.11945549299,-11.9479517666318,-163.601041173006,-236.569985501762,-195.259858196246,-190.764151914759,-319.867372945732,-532.877580209773,-71.5689350677559,181.277755237058,-446.652981511311,25.8072555165459,-398.000370420036,-316.946494616401,-200.262388539619,-288.441577020754,-325.914270506792,-884.383798427345,-321.539321575651,-597.49565604682,-396.620387296413,-331.02778944883,-577.493619705875,-325.447556536587,-369.221968631708,-459.870258051483,-507.235872889224,-269.427428195708,-300.276295237001,-357.011262640668,-366.139852072879,-402.038274482765,-253.812220868488,-278.051785636289,-332.520041648424,-329.337768485514,-277.306395858044,-251.918620738419,-253.882918582137,-400.572912627475,223.767848658071,-343.851713047004,-202.154091415149,-54.3573425964854,-69.5770559181221,-125.400057521326,-139.400167820251,213.299610555631,158.254944867196,-160.832242428642,34.3559155159617,264.381580299217,-78.7003557114124,419.198410179477,809.285950912558,461.131924881141,54.3211236546858,514.279373058273
-206.580913318317,-157.7860880245,1571.92463185499,-201.652694208636,-253.937514375634,-296.480983676374,-307.638009224454,-258.656689706789,-352.504355214826,-440.808907096103,-441.153408486607,-336.58470707554,-472.026147488388,-718.413684773793,43.9508959651176,205.691083967683,-429.845203385229,241.507562975072,-318.935280782689,-151.745477357703,97.7446468397739,-190.045987007701,8.55160816353596,-452.181483994384,-111.892937946163,-348.898228834176,-242.581453676377,-191.727312109604,-434.786760133103,-241.202738775041,-281.484004980009,-404.136383313088,-525.822478810335,-229.850422982104,-250.909920826226,-317.696625146831,-360.876370381993,-429.794839020237,-226.652651477526,-256.177031071595,-325.958855227464,-351.041287681459,-286.462524171084,-264.964975380227,-297.519167793345,-363.698396237172,132.178465824301,-339.283870695674,-266.200838177557,86.9169374715564,-161.808735183765,-25.5763987828702,-335.483858775374,7.83286366308002,18.1039230609882,46.7863727886399,-274.997820007074,211.803519780214,-488.291596679711,102.107425597043,579.577551052583,505.596471362304,-274.055318438742,434.333081239091
-418.168751078771,-390.676609083925,561.33100394928,-412.403922544786,-468.988065403345,-461.611410428527,-493.979650391725,-512.268559488403,-549.251526085169,-615.199902156501,-661.965765558103,-525.869621487523,-603.995025361797,-807.594508103783,-89.2953311306139,70.7283573775395,-579.237799650782,130.350122616788,-292.555102814034,-238.724118185764,119.958238630237,-348.015138784654,48.4578918864394,-173.818464936259,-79.8938933653868,-228.395851282654,-182.51911439632,-153.082648020523,-367.59582619401,-219.236396738647,-259.029595745005,-385.182566950196,-523.941954649709,-226.843786883574,-248.11870746207,-319.006741247723,-374.852938174934,-443.59458068165,-239.630641386867,-275.86045637976,-337.621457352186,-367.040915751355,-316.165687561757,-301.149544950479,-339.269524219306,-323.725652771642,4.09719383438248,-366.695261457004,-349.122337512197,141.800444808376,-180.738492808273,-37.9047740145682,-355.148893809148,-178.098006825042,-174.883620866462,224.168777277143,-444.796781922914,164.509490084086,-712.647376624492,-115.133003580935,302.572719811198,473.008811608654,-542.9494418494,332.042331630707
-575.066824728735,-564.668027029689,-23.3807643377016,-550.039009329955,-594.165277191909,-504.476010316446,-572.413489512587,-631.267056952414,-614.19368901963,-661.09379771216,-723.438765782141,-565.286586991858,-609.105398035976,-746.156448980538,-227.773682161179,-101.487158434498,-727.001680772858,-85.7619755872222,-312.768739967982,-390.081738186893,-77.1030469691011,-537.132014876655,-107.918987928828,-132.375329164824,-162.391595219923,-201.546711425478,-238.447351756181,-219.977494506064,-339.068917101628,-268.117957336098,-294.796261146259,-401.14178076388,-526.984914061179,-278.897501633565,-299.742637064013,-353.208565456187,-407.253658451427,-462.738520841831,-291.542767267122,-329.361838575958,-378.708472354724,-395.826708196237,-363.392640569309,-355.117401077397,-389.299203497082,-286.828638035632,-148.671383448809,-413.830874453182,-459.968487875085,121.902478576133,-125.366698180546,-77.4379230751959,-235.896769718568,-250.845765649287,-242.316337630918,426.036198933115,-396.172055045564,252.453766548289,-702.125353066961,-230.090873465565,107.450248733813,557.933478834685,-700.813898643193,211.257586150061
-709.687145851567,-689.274501606459,-278.460687081468,-653.225025295062,-629.350224623585,-483.662327739508,-610.257212398467,-654.157061573797,-579.319143447842,-650.772791785119,-660.257286881324,-443.915718705733,-548.369250135392,-631.8950076696,-230.049050816851,-244.520600690073,-722.026776521309,-231.953972917452,-405.619312073076,-451.606673517423,-344.362465916757,-542.377443361165,-278.162669582631,-293.497398440537,-257.240222357869,-238.114518025426,-361.135592125874,-329.487111809033,-337.553963799277,-354.143215908216,-355.883704024412,-430.826246909236,-525.888205718317,-354.834030518236,-368.78200386173,-387.638604432187,-430.217735451306,-471.724726265402,-348.601592073364,-382.226606807224,-417.437632056422,-419.196755654904,-395.981651538889,-387.983751323446,-425.718798144743,-280.743419916251,-251.742685916504,-438.859762308895,-534.040916807958,124.760253439816,-72.0035570360004,29.3736752745487,-135.174898104807,-232.921820908093,-94.8598595008438,753.79245320741,-269.766839445975,485.951155870115,-595.508238982223,-309.152830612588,29.4635514427417,775.00178573637,-737.478911205839,96.8678872266853
-849.456121227177,-816.742998437972,-776.517992002083,-772.470350536655,-671.423913640109,-497.243541220607,-681.048434616428,-700.84604586998,-529.820371873001,-673.051278356933,-605.357265468364,-279.052213728428,-489.417468534712,-556.89161264509,-134.261582282218,-334.171437057808,-533.629673813237,-274.455763727797,-530.9380446732,-373.25982759212,-554.840011367439,-385.689349270954,-317.038297301188,-464.952285313688,-292.178756686944,-243.821760279485,-448.215359142087,-373.401198644739,-320.53317033937,-405.844284654168,-372.36774324014,-425.550926454133,-485.134495891503,-386.043156879444,-387.311248494373,-373.193040519044,-404.695596454406,-439.233258344269,-364.279819993534,-383.890606981698,-396.314993032887,-395.168516011201,-374.349903589967,-362.217873083704,-402.894992064973,-299.111608241339,-290.453224823474,-418.793653829184,-520.642862133284,128.373302201881,-45.9484427708309,234.497521796953,-85.3484645368128,-194.960487494843,129.710549569456,1069.80707716153,-181.303447730256,687.417631800319,-476.072090349854,-393.612593365473,-7.95277123839144,972.67541184045,-665.864283107129,30.5771097871705
-957.986112030173,-948.463434183702,-1358.61448605292,-885.41658481893,-776.448055583524,-538.530111299148,-742.367092725992,-800.768917871257,-471.024911084685,-701.208335800164,-624.580137434402,-144.352626713669,-398.704323771875,-504.968659697628,-19.7868606891263,-342.507298398977,-271.152595788328,-260.786696212605,-555.0520780425,-242.204162659597,-731.286461855611,-220.342702355754,-311.200574504949,-488.180403453762,-278.849729644565,-168.55082968111,-425.136313710168,-330.307104636967,-199.915787648807,-376.965782025565,-294.014124612251,-319.94533668941,-374.24813261648,-340.134060650448,-320.744404446498,-280.515283712581,-305.06591548452,-349.067547290376,-312.787390978589,-309.451216553418,-294.938662081994,-303.149699785602,-287.626649249335,-274.089418961129,-308.946723273521,-294.3299160713,-289.171856037011,-356.670364101013,-420.69885512293,65.2675606640091,-17.5362435092195,353.449402290958,-25.1538363199417,-150.277182459739,279.904800799499,1112.47392866261,-107.06473555987,728.431915480555,-328.895557814516,-443.683365139966,-33.1424757791064,1077.71534416309,-511.315501366278,50.0822475246941
-957.40570595807,-998.73170256399,-1352.41469349126,-897.94318525705,-855.039805983285,-509.417993153411,-690.461466687847,-830.952841383048,-347.373470578275,-620.91202893967,-622.531201200912,-20.0184701455769,-221.7812940777,-379.388502626038,92.8029482724861,-228.043253112364,-69.1218250321261,-190.213514592463,-363.361805476861,-149.905958158839,-824.151380004221,-101.028518482553,-362.268074139367,-354.227400764049,-215.988647923645,-46.0551241924078,-295.357120620105,-241.244659722352,35.5456896829874,-270.249377608288,-138.258163748427,-115.787476872241,-208.485415820238,-241.526781161972,-190.826033616067,-128.669469969898,-147.329513693455,-208.94089786097,-206.954606450587,-178.605330066141,-149.08057732996,-163.667818301607,-160.625740585197,-145.81506095405,-177.669150431415,-273.477612759185,-224.205623538973,-289.492757984261,-276.735107414413,-7.95616293736919,-7.15105143657898,316.321996016206,36.5690182824522,-86.8609629077228,329.046219204551,782.117837147235,2.43218425471632,619.798935885209,-145.368327219116,-362.919913426771,-11.692611658595,1077.47966978873,-273.502188148278,138.674629952834
-804.830857764235,-873.059966720047,-877.486902205412,-733.278962036939,-756.363785638142,-364.075558293451,-482.990845850511,-645.321051246603,-143.444423044214,-354.014266894552,-433.007994592808,122.291593011424,27.2748410377933,-96.7470046353993,219.776193169737,18.031474339265,27.5827299860225,15.2283967161127,12.3814740162649,-43.6581357304618,-544.283167331284,-13.7955861667231,-259.067753626547,-58.7606938685634,-52.2293357717735,169.536456629699,-130.413413376231,-82.6311487918938,289.385870152936,-120.23501500306,42.6584505792179,87.118239027411,-60.4686652515889,-137.894175346184,-46.9627619188406,25.5227289060614,1.63917170668145,-69.8908250948915,-95.6696517663759,-39.8388159968131,-13.6413320399586,-30.3324081424175,-37.3214918026236,-18.0414720007115,-56.1534505247763,-300.362317547088,-94.1400475372041,-262.257016893684,-156.695508155821,-28.6858473133257,-60.8502946024476,175.198033473849,48.7568859219664,-28.8190150057223,269.691182618313,188.318424722486,138.178835476295,372.903155635831,48.5258900444249,-114.103525543295,42.149734472876,868.394315679615,37.0245533519299,204.870881666291
-549.629385285445,-582.639614717166,-638.840970432724,-428.678316876227,-450.004547519615,-180.641108110928,-192.683302744766,-260.216706086684,66.450169570017,27.6241811510882,-26.6516994307713,245.857752483243,261.693261965862,300.671868655733,351.627203939444,299.74842837197,56.3488436140279,337.078868582979,393.127408284469,152.393906497854,163.697774577755,31.707474483767,180.574521688423,435.724221001059,175.977595842561,555.815481358958,-11.0191259142954,167.765219500106,509.164170052722,24.8822074329751,220.461114692432,237.438273775694,58.5089621716139,-59.0436222211455,79.4590728297134,155.113287930909,118.544563127691,46.0731781437676,-14.438092871585,78.6447481529922,101.856458283673,81.9258721998765,70.5971686867043,94.4730693429377,58.5669202318782,-335.893071802576,61.1928464451385,-233.501015898284,-57.5620417852409,-19.9797882539737,-118.456971993296,41.4793597058866,49.3692968272941,30.349474875379,128.484067242453,-402.070415507051,287.009452209326,38.4469064488585,234.122604378367,233.17008241191,103.859980224816,438.285002593118,347.19904159576,204.381434007909
-278.435547989608,-237.794733204833,-561.238245045355,-105.218352898587,-67.4064368230681,-39.379385567602,63.5824111081752,145.445823873302,201.991743184363,346.49629797398,418.898878542782,312.12465916811,404.148084442266,645.526173636579,475.377288835075,496.13009330858,112.969190444043,634.614149211345,638.64603327433,419.467328312426,877.957462583933,115.025826621478,724.908910306233,1035.73478141463,394.698521412849,992.382291211276,82.3214534594604,441.467417908892,722.108439930747,160.205755223959,396.947218643397,395.434365029152,235.57423268179,22.7831492480661,202.963600914621,293.999060491069,265.827541788462,209.649385257533,68.7669663861662,202.170172253926,237.725494208743,229.786277025099,202.084499073324,233.431109850655,225.473826556181,-231.93700266103,232.376840529757,-111.001789594083,102.43137117493,6.7636368604012,-65.6895648878959,26.9502251153287,118.516197149801,129.020866526765,25.0769083729898,-709.067522536461,437.867954348166,-233.521022563675,387.820848585094,538.682771642499,177.396599764981,2.17048489698804,541.914615530428,174.056998378149
-42.748038169086,49.2566091675755,1.95409209413378,141.134279616415,232.059694826516,72.5369029625687,231.820287905992,413.945074498755,266.803248392433,498.42391412685,701.360201988503,342.203577081814,457.178428233562,804.4144097073,582.460028717777,580.206554841483,255.635402487265,795.575110056054,744.564652554941,668.419246995814,1195.54428530382,346.745746241956,1039.00213949966,1425.34249105466,620.249900168126,1204.35346066524,238.299238544885,650.828404644186,864.577458247219,314.716726583485,542.9000145607,557.404720128075,473.20819498875,141.725934621887,332.462018820924,438.805883749042,446.671826185962,443.447830641793,186.225786486099,338.515031118308,392.422908578757,423.842429277795,356.465254830047,404.036588627856,440.396328930187,27.3988015441455,369.341367761785,76.6215701560361,284.975715858936,22.9660325856799,67.7583249499446,72.7212036447167,217.830468764348,206.167128396414,-14.0874651119315,-738.702200646937,500.436008630587,-410.926465123037,423.425003008822,619.816629343049,169.745643469321,-330.454899690353,497.981657653165,62.4418266135614
133.513919936125,234.06212453752,899.575936641621,288.083293047265,394.475256348043,181.276648628146,334.588256218103,530.062390701027,310.646300562829,529.387125036223,788.927749681784,364.834734424557,467.690580935034,798.724621596907,624.672719690733,580.819853102544,397.179693467034,779.576578727374,740.262301422834,775.624255334161,1087.67262146099,621.841312541468,1061.80490158468,1331.74036550827,833.010128946468,1068.91000773067,437.277071535608,750.464693044898,801.035535392762,455.119877401612,593.008301125522,618.513426456546,653.580216670088,255.740451752172,421.140867820133,511.141773930425,563.998242566759,641.274094473761,286.897140164268,426.91939806153,502.433658365777,574.744639624521,460.417408997029,526.522455380231,602.523093781004,287.081330516668,362.885073039229,236.571496036601,320.87505900952,-51.9354052360304,162.330063622276,-4.95219474686019,242.873041368284,173.893426040276,-107.163136812189,-747.878725452883,399.712724347583,-605.851935034256,290.909424638162,413.732576279545,-33.8673799908375,-691.723348168159,205.259590419725,-220.029190092645
249.898520003562,345.167611493775,1314.42433917071,367.794802508948,467.034975577896,267.365939756848,405.094156252251,563.681455486618,358.807647453305,530.213612715281,780.540417039101,381.4171775138,469.946986698623,738.378548690847,568.810477670717,544.638230663475,427.124534643881,636.232948733149,672.565092136499,699.60867297326,786.643537454603,733.250459444226,924.957691532606,903.235249757718,919.507591718066,742.250479118055,561.489821919947,731.350770318213,556.064540660418,512.202232767219,534.005613351995,559.09398300567,726.963533833361,307.232398465717,430.768146675375,484.802683476187,580.33487831358,733.46925306694,316.982283294393,430.081763116446,532.513147252863,624.911083345498,479.750240082094,552.504097739152,654.495329387332,469.617172723625,221.196197918552,406.304333292599,196.456225056044,-198.480072933921,240.299740157813,-190.047081616183,225.745350820889,121.74023522143,-235.492587283917,-802.611855437674,267.158911047901,-742.575823104942,142.674000530387,161.06541982922,-284.348764722539,-1026.9502789263,-95.8152544461203,-518.278296030605
332.565648483243,423.226340089302,1053.18445991037,418.590877206355,500.65448801383,308.662938177962,442.948431180373,561.766373671946,395.751005256018,527.79095150744,743.678133852583,373.426618710634,471.133167175994,683.927691515589,447.77647245519,524.887475411268,358.058136871149,493.996609436765,619.779699008848,540.24279738942,552.893094312956,654.047004298469,740.031620854786,532.533888497872,834.764526021378,445.780612445443,555.705551160347,609.50508279351,299.015217576842,472.02607808188,415.256786080959,453.917131642602,728.651063421797,296.775494600965,379.434259491742,413.16786569999,542.629507012372,750.953638742449,292.624898409567,379.314386033281,494.38355991452,602.780182151234,448.353036460946,513.060115540995,629.059099787832,621.419043331524,84.4320937340644,641.710412086093,99.6416884568683,-279.883586426206,386.472603450826,-263.669038654969,280.989822797792,195.087040218246,-207.432237884357,-703.144662852861,295.794354657575,-576.417420779596,171.081338892154,174.756364652957,-279.964068594701,-979.304680093704,-113.360647281652,-528.425724781145
400.943625054853,476.712682880642,708.217091625713,453.820196292297,511.706682478124,308.751286119914,441.069204998201,535.934680318051,390.756047427132,506.960261240482,682.074174837436,313.194667202521,456.431410067336,626.944684743663,300.546913022833,505.867455129348,255.294641702998,418.217975992345,600.031144291373,397.866080414027,480.223476406844,489.020869862063,556.607334771084,373.322680006551,653.264279772264,268.343230763914,454.274154997895,429.952032833582,136.216310508739,365.967505030403,283.860084183299,338.099188336055,659.635645317284,242.721904457392,294.697927725333,325.447118422742,467.072432086474,703.644272158469,238.920894355278,304.781298938838,406.415828829312,534.314018570578,384.068005832163,438.164190868767,557.438540707226,739.746044472069,35.3052170373898,825.112336477292,141.177832964186,-222.988748395421,519.033206140222,-144.052220708336,387.997729500978,343.563003755062,27.2892448508854,-370.718108232951,438.23913396707,-115.863066490442,312.625659907286,430.723822261546,11.4603771848607,-423.287135962448,136.297058310682,-203.351580371548
454.438707801652,506.49808094929,787.632853575071,474.481916964878,514.448123323854,287.000258435832,419.594846847387,503.458896502978,343.973767024631,471.462365173832,610.01165653768,210.638078715851,413.636696259552,563.600459103068,153.849264491361,407.772139750154,162.762281067152,355.191584189953,567.131904955547,290.662250473352,471.535215157248,321.011017941773,411.572510399118,320.301873345587,474.671082184251,204.353185760268,322.929104714363,274.572889953915,80.6246882931566,245.892050016701,181.152693133727,226.035937665801,523.675075268513,165.710998222106,201.289878790395,230.647398115864,352.6549507827,576.845583281019,169.228213361443,220.018632209698,300.336839205433,423.491636151548,289.156546442587,337.458131524895,446.595105076805,766.655658330127,49.2955631762446,818.508006084904,248.87401643382,-68.4899187894053,514.90516245939,37.0971192163875,435.99379879014,418.790411796369,283.931180056912,18.6536694310694,495.695660964525,314.220546878905,359.380547685345,635.435318370157,321.89978722367,270.302426356418,381.736748199548,206.113303844221
479.523172346796,513.350819677832,1376.86360840957,473.417210838412,511.335064116359,258.672337031123,395.482813705616,473.508340471164,285.050931297708,432.273308885687,547.930912853408,116.38290327194,351.717189390889,506.256457768265,47.1986362444457,211.027601339168,118.268572382966,251.489185033362,492.717307399927,220.818181624632,400.654038194368,214.983764225423,326.783180018026,268.698046728411,359.872136128315,208.181606164907,221.728367145724,205.260414555279,99.9215392429049,164.883587085981,135.332500900933,154.746531717633,382.827290799193,101.643994162392,132.434140276775,158.2097677166,239.694506569736,412.045917752855,109.934539313573,143.13074178892,210.083817169994,296.69784335913,190.04911566383,228.317976323055,315.549600721641,706.999842053056,82.7911191077502,675.835797543614,308.715528378193,102.551363401856,447.167644221174,149.440817056258,417.518449607215,397.97139985868,375.352028407335,272.43475195784,413.297435033062,454.328751099368,263.11243546712,612.726917119478,425.087922429255,648.506155008487,446.056848160778,452.888897401278
473.05236134728,503.214711255302,2480.23016234905,449.300059627573,487.588724679842,233.445994135481,367.883030282838,437.632294052904,239.765439852312,390.574293552301,482.07281297297,65.6969028771252,293.1287457011,451.181178910362,13.0063701813322,21.654397047434,140.419895045323,138.68583808786,389.801345326671,210.715344589501,267.870129448944,233.742097219769,311.004730964705,186.335936094936,333.888733949774,210.255936802259,187.048745107846,212.008907112728,119.202680857454,141.27561137011,128.845164474482,130.340720242951,286.224497707973,77.2754157968242,106.542634895187,120.366535407627,168.482782925516,277.575496167268,80.6543841466519,90.4786022826514,139.607216026177,193.293306170195,113.718507422016,130.366773074366,194.64106557318,644.069474020353,129.055512334248,567.73662766362,303.973084807062,241.100469103293,489.606512528648,220.983321024168,432.116900032929,374.471010366391,342.048396808333,411.193485005618,304.334663853288,403.053612633305,138.237985704093,436.375371033,353.085115984785,642.607199060004,371.608165668226,477.668611762237
452.908704003655,496.586649002494,3794.99592255545,420.561742526921,444.546212925216,208.408492705104,330.40579568077,384.618049828054,203.290799078919,338.58942239446,382.091727075034,42.412192803491,231.593275545868,370.767301541308,31.9399214615427,-55.6515631985282,182.430718874342,61.066672590386,277.79499610221,248.27345744473,160.537073251108,354.171320214758,364.563025017421,84.6602183248242,384.478972665412,183.293813266703,216.396688090225,244.67315201233,81.6904318042736,152.858478285755,121.07544257895,111.965862291501,217.468850806989,84.3271816532151,105.968609880769,91.4613640386883,126.655117554583,186.185042763945,72.2919337932819,62.4055891745781,76.6688451893365,118.882709216679,56.9304732352769,48.7806396021688,98.961157114872,627.547790966325,197.009118823479,566.377879519916,314.302244220096,358.527846252927,643.780104108436,380.240238220592,510.936430439485,408.211961326071,406.804201314869,628.66739127047,252.546365041174,483.491362358624,46.5056781355713,251.882277512222,299.507979133944,523.025071213656,250.761238515815,363.797106236553
431.586772376958,502.135506071438,3827.58550904533,402.139955898658,406.158718243768,164.832545670553,275.078807238731,314.413317959357,144.809320564222,268.456213936273,256.350735141169,3.18283699441375,138.427759334073,258.268509633963,40.4177531991654,-49.2923125801732,162.418831415703,7.86283796033351,173.847260031422,270.762783181136,114.113174548582,445.104734726319,437.529651909375,33.8626564224102,451.74452904701,168.487033874082,269.232767682988,265.497797479459,35.2767193832239,170.066805013738,107.881655033677,85.5990456664513,161.777589833311,94.4553895089219,103.240675534821,62.4345461411156,90.5878767048583,119.455773806857,67.7009489850329,48.0207970847725,35.8676480394163,65.2841541500629,13.416408385564,-8.19219995705954,36.0207898033611,590.535525481595,251.482459506173,579.222490319528,376.295391957728,444.069163059136,709.035696831535,634.639327797308,531.192072000607,461.17918801413,667.670574829155,981.837565816984,217.260772574744,814.055234889905,-62.2486470277283,115.333159864542,375.136217881556,500.379905329441,99.107592832514,218.666804001437
424.245934705963,523.583256180524,803.092102049395,408.893844969761,411.032125047835,124.382644632358,236.958524832031,277.289920610303,85.1450389254756,221.136759410251,186.60391716854,-43.0921665668831,56.2393012261477,187.804596451342,15.0821523546026,-16.2187935253829,87.0615953613439,-24.3230061772418,136.967028661434,257.107586592336,119.511776721093,428.546750355835,462.4516313408,131.99672250495,479.708431254663,219.119993384361,314.224160096111,281.066980820653,96.7694878765283,199.06037875193,136.411697839923,116.570805516945,176.59817996131,112.793267044589,119.105675779678,85.5646797306133,102.208986799847,116.42656812446,80.4645360051784,66.496241963753,63.0486043015366,71.1567829208563,15.6495692808957,1.1313218376012,38.1862265097715,453.293725141784,243.217966995654,498.555811127506,427.108776880696,428.0923756977,552.42848630564,796.673591318538,387.12982042341,476.249143954453,944.145108486482,1232.00820840051,145.831017029433,1128.51848405007,-187.496713480021,32.8805900862753,519.43074240711,532.682392914746,-57.3430441187466,129.151854824004
434.335600034226,548.537677055416,-4415.7195591944,436.962742334086,457.966512203146,131.589869464291,260.266523912038,311.399280914379,83.215164434224,240.320225048889,216.069275772214,-56.5469131668099,58.8185966226319,214.156232665654,-34.5321957978545,43.1542811520581,42.2264815324364,-26.4506851291453,207.192095331017,235.226953678808,171.924323506712,355.645630926916,421.269104374486,354.563076664903,453.270008812296,310.468992179185,337.248333467148,305.587610174732,267.249052043099,246.627509282866,215.333214581433,236.715429380292,283.312253399372,156.413648507661,176.528678259117,180.47821593076,191.596384465525,201.399575790846,122.372823641849,132.474101228673,151.088228176446,150.957668552675,77.5760376904935,82.1344661435027,108.598275505061,238.949028947508,167.662904707524,305.170775777026,384.056425943972,270.448017206249,250.202161827454,681.944220414414,149.760746731396,423.291044476341,972.249021823264,1103.89226021943,57.1563555737475,1084.74571060622,-232.583009957303,16.5815637274012,597.867992724597,468.582074345363,-143.917530715305,130.717445335444
417.478887077455,517.443474242534,-8044.27407031384,426.908355276047,464.018981592377,156.118306380206,295.026143317116,337.773357270492,114.118028401701,263.886868206388,236.441805980871,-67.986706186717,105.186601768998,240.956234635929,-145.351907127536,90.9863461381261,47.1262939371544,-38.3888438416433,296.006761791776,191.664898628536,233.148527514365,277.900792771147,330.223995490947,519.136870863599,377.955644486062,341.826596522334,316.279580538732,309.103721169,380.999867287758,268.052082707803,264.468824753808,334.339747907471,359.943224567827,191.546918667871,220.887194318506,252.572954002965,263.272314234867,269.519827708802,154.081382263351,183.795738678189,202.790181898112,207.143395105848,128.069303070379,138.646864663359,159.627453081083,20.9555991361797,15.5333270472582,27.1502756334367,186.931019031891,1.66512850827186,-52.4742306096843,308.817495886207,-31.6401728865229,278.71133006252,670.653002644911,619.965653095807,-14.6628505832645,652.690745194309,-164.949303905647,52.592167888709,514.974913999239,221.713688166706,-141.422880828628,148.493564799847
337.791094047979,391.774523852106,-7511.26501182439,326.884558560289,356.743519895194,125.782889287767,251.266377738959,254.743916030633,94.7583582388455,191.412572636232,125.750216233706,-139.53482303286,83.0423265706054,136.726779002632,-337.324043951331,70.8108402666806,42.3012310324496,-89.7759523966763,280.30701383958,97.3469515994905,248.17345484313,183.88858074034,208.49832552225,497.526732012328,259.49344587187,259.323234471087,241.430386443148,244.457190433423,315.835528817242,213.996968920215,209.246289209385,281.381837090081,278.018113707665,169.876849714163,182.490759947469,204.567421978823,201.842179821818,196.142007209928,123.938254291649,144.193498885064,142.165163226711,136.41332504453,86.5122696913683,79.0597542391183,96.9262040128726,-154.623763742088,-243.915478678545,-253.769855313978,-165.737918983388,-321.592860428751,-260.111171054738,-137.047798482361,-104.103148725544,72.543616651446,191.746283456802,66.7736054810521,-60.4694297728967,102.575104490207,-74.1284371747245,113.653362672042,263.777483110339,-184.105283884091,-91.0466733484029,36.4501059653897
221.852474448948,216.626377273947,-4474.70673816813,168.82098201249,169.964065047886,39.6337323778782,132.851853547045,88.9533541362845,15.5393191465671,36.4661780948588,-74.47799616122,-249.425748613566,-24.1026413526755,-79.3317414197483,-512.938194852077,23.0340302288145,5.00388567411079,-133.002246827564,165.374215501732,-8.24715138206887,210.173301197543,75.4168120754882,74.0451205077828,344.7174185561,93.2474671276586,107.550999577567,128.081181929457,95.9222895838155,129.098169459222,90.3109977639531,62.4442975158221,98.1626951390385,63.9467132204062,91.5804730586781,65.5336257405705,56.3710742248312,27.815823410934,-0.164162507551644,31.2227192077355,23.6640279472838,3.32561642610476,-30.3839630337955,-30.2263350407776,-64.4907559390379,-62.3609416971088,-254.509538545072,-549.237541360148,-383.750730365978,-532.919759521518,-642.358446926626,-330.451591105877,-501.367474268283,-132.458372924898,-84.3799453018185,-249.409234156174,-338.265384554247,-80.0271449031489,-338.599617200069,-44.4438335744655,202.596344341779,-92.415476847643,-640.051756486363,-2.20399002108613,-270.377373206815
111.11641989563,59.6608217096406,-2302.81246505734,26.6572972366941,-4.05928995757452,-40.2960168386593,21.886353993184,-50.3193821233073,-57.6352935760462,-89.5018251909585,-225.207923190788,-314.074346816874,-121.638815091567,-265.952846946499,-549.565003479664,9.73095830707022,-12.2012014162547,-128.134236998951,38.3833184770808,-56.3589071938678,143.594526532467,7.46457247756036,-58.068642284031,168.221723502061,-103.380225974738,-41.2354282932165,15.2620885727901,-93.4416320858823,-48.4945360521056,-42.6194360413855,-93.4089459265377,-88.0824605184949,-150.041689112349,8.57498930187942,-59.2890363550578,-91.4435830885675,-139.387463821468,-189.182716684213,-60.176081814122,-94.962571588861,-124.10653924239,-173.434632628649,-137.121293935293,-187.510146443402,-209.947192266347,-244.238781428566,-749.617701004054,-277.427365694835,-710.220492873715,-902.168039497312,-281.834557145156,-762.482164219513,-189.20246231318,-117.973897458559,-549.241732814511,-623.723705889009,-81.8080511740237,-668.464067281747,-63.1270532032478,316.579503357554,-455.810654963397,-1011.06529975591,140.517902885163,-662.082453895623
-12.092900396495,-80.7756679455703,-1865.78555151317,-92.5633154292661,-139.272428249106,-110.045361431872,-62.5194728807992,-136.953586661285,-115.795638260881,-149.307125867746,-288.520652157008,-337.344286087749,-175.930393234604,-358.900632914747,-495.349656362264,-56.8349448758593,0.0203077023954714,-156.232929277954,-105.990504821405,-84.3793444552883,27.2343325121779,-5.7701499373452,-204.386883208006,-22.6268448465704,-280.453892101808,-174.660743142052,-63.12457828354,-250.887292259927,-175.869577413689,-133.735790482225,-198.745170822205,-211.354555873696,-292.513792842346,-38.2091766658029,-139.314418539586,-185.459514226669,-242.620575706642,-301.342050509997,-101.894486274762,-163.283318685617,-207.094236845686,-250.173435071559,-205.881031599269,-257.299574666583,-290.131711309873,-165.166305841261,-813.703829319429,-90.6122334845295,-695.908551822214,-1080.32415918631,-225.798214275138,-965.383860059301,-300.24953272454,-125.579397671986,-751.808873500514,-931.781266239869,-114.805376299982,-974.087060427614,-101.408496010871,361.896278348406,-742.182662667907,-1255.70199427989,267.808276974358,-968.840879669014
-172.538266868342,-227.351815110009,-1473.58637835637,-225.439877431025,-263.664558334079,-220.781860496096,-173.843259462566,-233.280126988799,-221.804167089949,-221.243210501865,-344.277801480781,-407.906798115848,-272.259468266547,-437.97599851731,-500.59093138055,-311.411119462516,-49.3831506608211,-315.029425882085,-347.642223525807,-207.667057532669,-176.945438284515,-40.7473190687146,-386.595296885443,-269.721552759579,-392.123764492626,-328.712713951452,-106.217745753614,-328.506145444175,-300.41174594697,-179.894101058685,-263.453100882748,-302.241161061369,-386.221046765892,-60.5441690462656,-184.239968970633,-251.415314243408,-318.379642828487,-372.359775403759,-120.760211366123,-207.657539738982,-270.323972042161,-309.280303554625,-263.197999007693,-313.995868631057,-337.68050137345,-121.660296376475,-834.29618674058,-66.1651902838478,-664.426651538949,-1168.01962030626,-266.819268214945,-1085.31951857483,-430.463261082983,-238.092104842676,-904.504754424605,-1249.14220705229,-206.085256789642,-1215.6262889721,-160.113430207327,248.446600158168,-879.14953758113,-1413.53381462878,266.831127852901,-1087.64108596493
-290.104642151813,-315.643769591487,51.1224632251422,-322.723720303287,-333.233474335324,-336.16679881905,-291.950087132295,-329.152127640105,-359.84152551665,-338.36378165171,-418.645504504102,-509.865526054012,-437.822317336656,-561.915553690038,-543.382916971565,-674.548863400091,-192.63270415044,-522.385054800617,-644.39891816609,-408.740656880084,-411.537076380241,-141.659120279809,-542.941193760464,-533.977864027847,-408.591728563505,-477.255308151667,-117.511666900591,-306.724066769378,-417.340382635829,-179.465675338586,-291.338962837795,-364.717526154873,-429.154280565291,-68.1368834891857,-200.73312635752,-292.098431279459,-367.15008735554,-405.868373150265,-137.125185916736,-237.761211698077,-304.71490504507,-346.035912944814,-285.012693262407,-343.594543176394,-356.492426250184,-119.685987823207,-788.424827885091,-187.173110576032,-637.833854662435,-1094.92572100344,-322.294240208691,-1001.33582125527,-455.412203041838,-354.088234793449,-907.367897400466,-1329.06183131068,-250.360433163166,-1202.90488100979,-176.307503277244,94.7187983033233,-771.962192075135,-1420.98503473434,170.996518204473,-955.942129807621
-282.116431419172,-289.495370028685,2147.3451863235,-314.582046620066,-303.113016399428,-366.012949069299,-339.050691998291,-350.94574608415,-436.740972313442,-442.239718629328,-463.93963461064,-530.271031683749,-582.752131830171,-686.921639227499,-480.473641708589,-928.534823829146,-322.009277457284,-615.478836435197,-840.498583528607,-529.04213109338,-562.226702877958,-263.420067702398,-577.337004039432,-704.584117913727,-353.883873820742,-523.461996269384,-115.551760698421,-215.809559410371,-450.115287155575,-139.948661541399,-264.105181991015,-362.056874389997,-398.154934540533,-54.7351823908135,-177.932221098661,-277.555709291126,-348.240158679943,-367.534746545191,-130.184757710791,-224.58410165348,-284.354786442893,-318.665047426646,-243.222695115096,-306.545115169082,-317.858573659825,-93.3559631493556,-589.884336056916,-251.010824555332,-513.829787704663,-852.953691375181,-248.816426021586,-715.420820806072,-302.599757582874,-289.526341070557,-686.259327801842,-1056.56906335979,-148.9481891372,-881.781165284215,-83.1188488906455,83.9196131942525,-439.206946542535,-1177.66114694654,107.105089232534,-610.715065719162
-230.585068880606,-240.572412418758,3953.41396432257,-268.161562512294,-270.745852182117,-328.655342756574,-331.315974351327,-320.740005091061,-439.828233794532,-499.951566894019,-483.637811870542,-461.449455235517,-647.292215049134,-763.194308984697,-334.836099874907,-1003.5920238434,-339.031045094154,-594.460572246793,-885.593520287298,-495.290901619468,-609.863903291114,-362.657422180923,-503.442597365911,-723.268253494368,-324.982268243242,-438.516233837615,-155.442129401338,-158.821847391268,-375.663936609073,-124.364831777827,-216.133882943133,-312.083256697542,-350.282002975797,-51.2586707807272,-151.119863406766,-235.179863717486,-297.902752748669,-314.929253269054,-116.811265314104,-190.44466156199,-248.690557965047,-276.968386639997,-200.970610501644,-259.156983083974,-274.000845106345,-92.9400355298069,-353.745074598379,-251.213053187876,-375.911925423716,-622.185314674757,-131.63861704775,-470.486802909457,-113.231409038772,-142.916120730899,-429.58440454334,-723.957259023601,-26.2854587145875,-517.483054743073,27.9622687366534,132.03441719159,-124.284735830344,-804.301929434418,61.0000483898099,-268.834738298607
-272.678371239488,-295.202326307741,5374.09108622036,-305.422186838435,-349.697704217251,-322.588533542722,-355.036838717532,-336.033004752804,-444.605140039295,-534.082237890025,-522.668675829865,-418.843153151249,-657.847511138929,-779.943738207352,-281.496321064068,-987.156716510464,-281.338757512007,-589.3134359921,-887.598729233163,-407.980898247554,-650.530656596721,-434.016507409655,-448.666861707743,-663.105775026828,-395.741028989454,-340.422452535265,-261.074897453816,-227.525727219102,-281.282642417093,-192.480923491877,-221.234257974989,-283.630211615815,-368.10771593536,-105.331061096879,-182.292350635278,-236.41027689847,-302.996688574179,-345.913490013397,-150.1419184966,-206.611568880519,-264.43962382168,-304.95294742481,-230.779034233,-287.928541310858,-308.053007278745,-230.797766350198,-304.642715767534,-369.237918156647,-429.970584776046,-579.617913374846,-188.761351222136,-465.978990439125,-85.8263786738512,-185.009137727551,-391.405374110068,-640.102178109185,-90.2789513093509,-384.459107750988,0.731338519789407,-5.25516606065407,-45.7146750697636,-536.43703061464,-87.9388526414501,-114.780879975556
-381.177598405131,-418.651828476958,6567.17886683026,-406.389830431552,-478.297686604659,-364.627788981958,-412.687848457178,-405.007511537232,-478.059237489026,-545.36788814123,-561.662006062064,-459.402293860006,-642.204387660012,-724.711877999541,-377.406869297775,-935.919737506163,-244.66804704517,-640.652121987833,-928.513859255479,-379.124767652902,-739.766023959089,-455.216385755231,-492.536870912276,-637.864543970025,-510.421807867652,-357.132885582956,-365.492106950711,-378.421568547451,-260.767951019381,-301.457386392329,-287.539604145178,-300.008157057737,-422.519266069191,-196.498382914737,-261.955152058722,-288.603920958735,-357.851675512487,-426.871262048509,-221.590116529443,-274.557276912675,-319.72923110581,-372.676932934075,-299.743240237205,-359.762720993494,-384.918330184158,-459.589919778214,-458.027119753283,-620.914275384382,-663.844240549133,-662.972973306324,-418.670870264895,-597.722160791793,-210.542842795779,-434.11956920096,-546.007644690582,-684.791297754431,-319.771624589443,-409.867972153203,-154.22005666708,-319.740598129937,-110.914204093739,-378.369845719718,-312.930933171371,-54.6700352947465
-420.001965492418,-475.843325426968,7380.87351759323,-450.366789772557,-523.091778188002,-385.27920861922,-431.849173944231,-447.502078721049,-498.592729045754,-515.114006035981,-545.94523117612,-523.048331296131,-608.087706642864,-609.256475139219,-511.16784617028,-866.450382224178,-253.637231637857,-684.969129448798,-980.60421532044,-406.194940199403,-821.227506496292,-405.026169937816,-581.221260715193,-662.94706752601,-555.006782302786,-463.474405332412,-393.107777062259,-481.281953446001,-310.91335697802,-356.540967495022,-349.198238649054,-327.216189882794,-429.082480396641,-251.972116060085,-317.71179307614,-330.595087421276,-383.54508820124,-449.247918524659,-267.244386338434,-322.256868191519,-351.592981112557,-395.181675362677,-339.780725039261,-387.406118633477,-410.618630201397,-605.812699407503,-636.017319132432,-810.063622475696,-857.074526064604,-694.817644714011,-600.352384960808,-668.639581491883,-331.718657646294,-649.681462886936,-686.635776436237,-586.621573044144,-503.6969510193,-370.173600587585,-300.197332798131,-547.412797583477,-114.420098681309,-168.154548348166,-441.793172967418,89.082760652357
-374.999077668216,-447.80937068487,7732.00447976683,-419.144621810776,-490.282576367043,-361.034235801604,-406.872780789528,-444.805892641367,-495.861943167464,-475.416421009563,-498.735561716322,-557.79254782278,-588.353603638197,-517.8119705751,-608.443040554312,-844.404319968528,-274.947055999314,-714.426720599885,-1024.90973279329,-450.246892615167,-856.115774177375,-344.52764072359,-647.442085821979,-696.446886010855,-533.960781638135,-557.494780827841,-375.380711158346,-507.645824781911,-379.712854939194,-359.956248921288,-382.116161115947,-361.5134301103,-417.527983947046,-261.89759978117,-336.318019803486,-348.806044735425,-386.322676640231,-431.447087312838,-279.288703407262,-336.943908819908,-361.840839855727,-395.020840414785,-364.260006248348,-391.746897793844,-406.777934804304,-611.765576163023,-739.386878763035,-834.187774183477,-910.439168873847,-656.918910495081,-627.032319009015,-689.805812411631,-404.993428618839,-710.831846019931,-759.114580653425,-400.40176922833,-555.450009905735,-289.588682633684,-403.007138110627,-577.096212002318,-110.972838310653,50.281045417004,-433.74694333586,225.290163810903
-342.882885892719,-414.489728385718,7915.71417352594,-388.713143103804,-461.214710107535,-322.644429243748,-386.049238626186,-439.527509948268,-482.029983620147,-462.085115843495,-476.519475081075,-557.355913100799,-588.187155976983,-506.801601977502,-672.076127405913,-881.478812155828,-264.031637258445,-745.960025726761,-1050.4578335171,-481.809305199697,-845.130567474301,-342.653479747162,-675.390940958513,-705.235635777947,-535.200982998032,-598.411344748693,-373.878602596489,-524.655173426089,-426.089631242818,-374.050130606055,-411.729381723448,-409.649928614995,-464.407556453162,-265.690173127675,-353.791110285494,-375.272201172688,-421.540261212324,-460.969599777134,-291.671506757631,-356.258961806439,-387.32412453276,-436.726794392003,-403.660703606709,-431.016081486433,-446.18800175151,-571.685584020888,-782.167081798259,-783.219907429742,-894.44698542137,-630.108981415763,-588.434060732941,-733.129819269113,-481.551758867557,-699.217317864068,-819.246104281223,-324.159544722216,-555.989967785642,-323.281501860324,-512.452612503047,-557.058804620022,-275.04009413902,69.4775427973761,-425.202308817392,134.491360193934
-366.487221580525,-408.743232355129,8085.50242211272,-397.154958922464,-443.583144052746,-303.356538744941,-391.650487603744,-450.716420727889,-455.563977028106,-467.237370540057,-480.75761276608,-520.948298625301,-564.083535289634,-532.32908600464,-677.881929535464,-860.710634718883,-195.524146899718,-710.29396961027,-969.773455754852,-451.824104998034,-726.068998894466,-359.927609363285,-638.917039754809,-636.548782321617,-557.185395320843,-605.870737668818,-366.034924277045,-540.663347765566,-437.28622796485,-390.46186365826,-434.871949429207,-435.459341999404,-531.623377170225,-266.53919157689,-366.277905771148,-402.291351076868,-463.214380005164,-518.195757599077,-302.184964294333,-371.681712807109,-413.262602341421,-486.915173833662,-427.73529867042,-469.494028445878,-500.47736934027,-563.697145649671,-747.798754253241,-739.708595807233,-829.409227272551,-578.899864704897,-560.170387191845,-693.567146916364,-539.623752525697,-671.124200991627,-801.353888650222,-285.42287441865,-552.940644340505,-405.108814550794,-601.489392594401,-618.583101311292,-527.76679520689,-95.2952534580498,-504.372195394394,-134.038048445639
-428.267578451194,-426.121021493105,11090.6462886212,-442.400783223238,-423.001229493672,-343.74667681801,-439.547807143862,-486.73631615372,-448.415461189943,-502.750547007511,-505.324604116647,-473.828121954866,-523.602130935997,-562.419824476303,-608.721466371295,-716.288344014643,-121.330671093568,-550.432011359668,-730.275808440896,-350.332043476667,-443.338223560421,-326.998002105581,-516.662421042271,-460.880349061683,-521.117623108962,-604.073447352779,-315.532847722469,-508.808811979522,-452.635067181661,-368.685712081907,-438.195382224822,-433.066312751196,-546.018451417514,-259.340228015586,-361.062996128431,-410.568778415251,-465.431117644239,-530.916267993547,-299.365382894005,-363.828630226596,-414.534299956097,-485.187693281241,-410.988756876031,-453.405956804714,-501.405777651892,-568.996624157106,-592.024180767719,-670.396306802593,-653.053150882693,-406.380478620368,-518.653123276434,-441.11095492015,-522.874259891032,-599.692689746092,-593.276048460453,-69.8667190846401,-523.636871234236,-329.020220509215,-604.028263357092,-732.105238886101,-625.518798417838,-162.667171115587,-613.509939924931,-296.299619947614
-497.638941134775,-454.862944313106,23177.5267984497,-500.912102938369,-415.7391805343,-439.744780278133,-522.079605238148,-545.440802434859,-486.657793312648,-582.655237574124,-562.767619132661,-443.711541666937,-514.319028635175,-625.812921284071,-505.719083762725,-547.069393014156,-128.792082008722,-345.54381068894,-448.210397897623,-252.857388234521,-104.002243607707,-263.832647766519,-358.553290615969,-257.843861586264,-407.267211487401,-584.51265562122,-250.477344544996,-420.538870595311,-503.428821509287,-316.986869719532,-426.817455548283,-443.637561068461,-522.977733606814,-255.936702934715,-348.827466257572,-407.976852145032,-443.797001907248,-491.535449473811,-290.190605333647,-345.865717257952,-402.703500454799,-442.684703177843,-373.344643356671,-400.720812222865,-449.011668565819,-535.064415907518,-328.564633870965,-531.429991538443,-358.734552167884,-118.811825216444,-437.780320760366,-49.1453701451673,-446.823307522377,-483.854460957682,-245.426790332679,300.724380431257,-463.06898358281,-73.7601964453504,-523.583800412233,-796.459274299597,-503.794936286366,49.7510665473958,-639.918709000026,-200.024373109226
-536.081702313159,-464.464280956708,39542.10796577,-532.297736972588,-426.112236256317,-521.852702146144,-584.206845840898,-596.767341232231,-527.49667299649,-660.794549803285,-647.991961039591,-421.884028586868,-534.846656808765,-728.675469172434,-429.375369968811,-487.283594748317,-237.851755816237,-256.295231236917,-329.208068285242,-265.375278999522,36.3522991596744,-269.314491907564,-290.462700078746,-198.455292840246,-310.163815190215,-549.808522888144,-234.786980368121,-335.997551658178,-559.546320890086,-283.136565769555,-412.854137820115,-476.455896532635,-507.594423481,-263.773766672965,-339.661500874515,-404.012515766807,-429.452875292729,-437.70189078116,-285.037182516387,-332.757754578897,-388.848248365671,-397.994735705932,-338.48447076526,-350.742905639176,-384.410531632116,-476.871041323071,-45.840513307605,-383.483744756029,-60.7940733195765,163.550818491644,-374.625731358219,251.302874210639,-392.199807112689,-388.380590763919,26.8001854876442,534.430720691009,-406.129034473451,143.009125149972,-431.303803612265,-759.932595541168,-324.311361848237,371.286211823111,-541.947826717551,32.2180995278977
-519.825217880454,-434.009254394979,42873.6558767389,-515.81136167154,-432.102969590156,-533.390863089474,-578.143591703662,-606.059570792773,-517.221514169396,-672.717635918771,-728.02455778444,-385.134802469688,-544.563249368256,-812.832218787362,-392.318525849788,-536.724665168139,-379.740047656747,-341.481656125906,-446.839397196426,-402.499753557305,-168.223562592245,-391.931175891481,-393.649303498988,-375.700087571475,-334.798484218858,-552.795972926244,-298.904273539225,-331.357327163093,-583.967842635289,-298.981621942735,-406.335299984633,-491.534928101208,-483.826387459766,-279.353884274569,-333.354533853523,-388.894198315389,-410.544012186033,-379.205090847478,-282.906258268149,-317.573515689196,-350.444209442805,-346.027141020657,-295.625149486702,-292.520290052129,-312.76163506662,-467.629168891175,152.950541063039,-327.579210624831,96.7245666462799,319.66321048669,-408.353430055915,298.475360372356,-419.794804899414,-369.351028972958,51.9199649666152,400.492765540824,-379.090125085577,122.041555932068,-376.922835907732,-637.987174033725,-229.689571568302,482.785802676253,-374.945793244329,216.429531365179
-446.923244755882,-364.894559431808,31390.7361892566,-452.554361296531,-406.190852826871,-468.532826921245,-500.612807685931,-548.22349781826,-454.017783828031,-598.804050223147,-747.950916709458,-312.908336772426,-509.32744933054,-798.532856028141,-324.143486678605,-547.549492041344,-441.066459211665,-445.388506494793,-632.571724199771,-512.216710509637,-513.045887548876,-514.847522148419,-549.162568098428,-636.293901636297,-429.479899968965,-595.566069107066,-379.120432281138,-392.337522454471,-559.144055933549,-325.566925941443,-387.635424780764,-439.269523720506,-404.671087379439,-272.910546472424,-306.217512210158,-332.316291692981,-339.595452656797,-284.319656149189,-255.109761722508,-269.092376612953,-258.736020461181,-250.011033660039,-209.138374280298,-183.985538818642,-200.292424020886,-497.399742741826,246.000100592353,-341.469098799256,115.423489335016,349.96062509626,-487.122361004795,175.000846717931,-469.118132786222,-378.66527454238,-98.342239823768,28.3020201767396,-344.398875721126,-78.7862585469871,-308.024929287906,-441.017430806498,-184.128113932252,317.068366583424,-192.559232178916,314.752611497392
-336.353859837202,-280.226615495174,21402.8293153947,-365.475391987394,-353.067781502876,-365.923856697523,-395.25058812631,-440.195569881433,-378.470150647491,-481.148427589341,-682.700794562497,-211.378949938063,-431.10175798994,-673.199686248566,-172.458515624388,-403.989795569128,-369.692661665396,-374.772909426187,-669.437792745289,-436.531196867298,-644.361165212574,-481.068017233767,-542.064940366534,-723.924401988652,-429.517887408029,-588.453530025146,-380.33847373807,-414.141946500718,-480.969037941375,-300.157101769632,-326.709148673153,-323.632564670621,-287.118980638734,-223.016767580537,-238.739398323811,-230.423397795172,-215.163908875002,-159.005293092741,-185.440594102687,-176.910793095715,-135.840132921001,-121.534038845967,-85.7979467102664,-42.5839574168357,-55.7724450794824,-448.415154971756,307.373943995581,-296.887050035817,149.337288891572,364.259576700525,-467.336647046957,108.589319572402,-426.19319335775,-328.317921414134,-199.70674777097,-229.858268096284,-266.578696250713,-237.3351229688,-171.93158317415,-210.006119129433,-113.745269394751,81.0550596906007,-34.2928546285925,335.558471453783
-211.008117008528,-201.083776278324,18558.15287747,-279.914091255803,-295.849042788143,-256.548678901089,-297.280572354879,-332.260522023808,-299.400000199038,-365.431445088182,-562.152269118182,-100.575106753949,-323.981956436836,-496.367550158133,8.5307894248737,-147.231190819235,-238.330716768126,-147.265488577195,-523.770022629378,-223.678926998519,-481.882136245763,-305.426876567554,-337.957861810389,-595.169984071392,-272.166877668653,-480.677773883886,-289.748709581025,-326.777089438464,-374.332512573899,-218.627912976577,-231.753081537114,-211.416050806303,-204.234827965423,-155.917833453717,-151.491267137925,-129.670872553973,-108.844086855081,-73.7404168356835,-104.786222273453,-78.9750742440735,-39.7195661984606,-26.7108915625896,16.1130076660776,56.3026729554389,54.4367158266701,-260.80879771579,404.592827277027,-144.116252041566,289.632050398073,440.242426322777,-322.531332073096,190.966334512779,-307.406359052458,-237.932484153922,-163.89463712838,-206.302737752537,-209.255052096338,-259.80601084978,-63.9961151578576,-94.2269878812762,-96.0821207363619,-85.2840787141287,1.91810457830531,167.632315676416
-56.7187622216715,-93.922500801601,15600.0970683255,-163.934062648552,-206.937629231963,-98.1589567003107,-161.057138200756,-213.613239367093,-149.112129841859,-219.340393824654,-394.865235720045,45.678169519912,-155.027896914669,-290.272528705969,161.504102296115,124.315448742627,-133.810328151462,73.298999622179,-291.457201994903,-36.9148642742207,-236.089270410735,-113.935022563222,-96.2024792202535,-421.537403816252,-37.1927111671818,-314.710030054682,-144.299280671562,-145.856160939998,-262.922445008078,-96.9817838440751,-116.039494139528,-135.537046825179,-174.856994086397,-82.1043345966792,-55.7785691669506,-52.096692989036,-57.7363177879332,-55.3665807205139,-28.2818677427851,4.27043818116078,16.8686773239736,13.9971644253783,78.0952618415089,97.0794159945792,102.824142639167,-4.62999279672935,514.419907674454,55.0565409404734,446.048632618958,537.708062875005,-140.7014610528,296.976916632925,-202.169954354707,-168.133574058534,-100.494571145744,-46.3406558328759,-213.475514304882,-252.138846327129,-77.2795143744211,-183.509837143241,-256.665651439727,-248.369194811086,-135.9920915562,-285.537300391448
128.895609006034,69.0302375315696,10311.0646340113,14.0469368621191,-55.9666778797416,132.004501899397,50.0315873324804,-39.3673978106491,97.9475254301017,-1.40446296415441,-168.825389476106,244.375100479479,95.2006627375728,-38.266285068207,292.398035061534,360.077039614419,-56.3699444843665,203.001942545319,-46.8239846772927,64.7695516540636,-79.8215762760977,35.5108942848267,61.9403217913741,-316.613896189365,181.698997799973,-139.102820953483,28.7360769604647,70.9881696611585,-139.219080046745,57.6256056687775,22.9461503860154,-64.4980300516819,-153.554935830318,15.9922511758708,58.0499133921465,25.2234052785524,-23.4513323164066,-54.0743831045424,58.1903225907594,84.0557600529711,60.600858581774,40.5675840583028,128.498419520975,126.977654382981,120.248171329322,226.613361823897,546.898198218918,253.483125625934,478.580367538554,547.793504083234,36.397543068287,276.621316241841,-108.334421713262,-88.8018275555775,-109.115876926706,27.1380820884998,-183.95898933991,-307.7375228365,-111.539016421292,-327.978296623342,-522.492597605567,-458.244651860494,-314.632158819068,-846.290843772155
269.585556492045,211.402988057221,5702.90901610896,180.560805713754,92.0234274036855,328.51299037255,247.236874926611,141.039642026772,330.264670749564,222.760324717506,60.9888040534846,420.003869060347,342.887523377177,210.583954315178,397.637658046394,547.269433714349,21.1615846214309,291.910881220797,191.742456291591,139.011194178567,26.1453728154774,154.173615783604,170.525163629616,-205.85432042702,347.528503092405,52.5363628511518,184.278073198252,262.816948950816,15.5799248132572,200.124536088525,161.779665122547,24.0303246700655,-112.712212893204,109.814735388709,163.640273343022,105.780160375116,22.0633643329667,-38.1843327955745,133.842994727377,147.643329930444,97.3462742777875,67.7049178725713,164.376034919041,151.674398691416,120.802718945432,393.887236768535,447.316184922422,435.437899920351,371.59127529718,416.508899707727,194.626224681465,133.955177024696,-5.72298004087643,19.2887496696347,-151.500143467608,-34.5430492868546,-67.7906495036731,-350.178133860897,-50.5908584629472,-326.747763580151,-647.87969684267,-560.389713509647,-349.36440264287,-1119.18643002757
288.055609170631,229.757761964306,1687.43520700939,230.149456865911,142.128808800382,376.827670493618,316.010476403419,224.526487199031,426.463716958689,344.725993632009,208.437722824825,487.791215968917,475.860829879825,366.872701627441,461.082808104395,691.125232796638,94.9615523250356,413.953013364632,436.324121892371,235.987087566548,207.30617659995,242.378520698762,314.182156635983,35.9244987737255,462.050999379022,284.275895935999,273.575280908515,393.003963577341,210.153304207603,277.403828572247,268.151334003001,129.387008570972,-40.8732663987937,152.524017416408,222.559898639913,175.124365518254,74.7523153550554,-10.7828146991925,165.440255522425,179.225441852917,126.687132273453,81.26931131536,165.778757437804,147.247313390592,100.021448034037,479.094409625139,252.155906804552,530.720853386977,221.426575273429,203.130241805246,258.302909457669,-24.6994718997611,48.2847738306281,65.3125253046468,-157.804966693371,-127.130344633361,22.6540651519994,-279.325842406195,29.1373762776566,-201.198398599115,-531.084038635955,-400.678099409565,-235.506028764856,-911.074287471424
210.591451830575,135.144972206183,-3248.96937607081,166.185854433736,95.1531249144224,302.418422463961,261.659085933494,199.715711203052,388.014065606602,342.62509018934,260.401585095325,460.076087422155,473.355782401589,413.306349461552,502.846189903842,797.780669937071,155.631239436136,562.261705034442,678.143288169944,335.269431458424,462.480169200546,277.149745766108,472.657400768117,376.70565123095,518.958533017242,507.025862255585,288.643557311684,446.204335684612,407.200270794404,285.942232802972,333.025482519259,245.672275383748,80.9543454967789,146.255953797478,234.821150500486,228.54982098565,136.968656315781,39.0093626798534,159.523830786929,192.40339045541,155.426600222823,91.1928077584378,145.274518338284,127.350038493653,78.2454275831282,455.665441901703,26.8004691715328,455.38591024112,81.9772696128082,-7.25911286245622,176.963355414525,-169.523721308371,19.5621174780741,-21.4674897494355,-169.449239162763,-218.104642447327,-12.7808731910673,-192.631764859492,7.74422967543474,-122.155040095562,-356.357201503238,-144.176443784385,-121.981404140311,-486.385028363857
145.773119949041,50.7410826151654,-8110.32322751083,99.7991793501309,43.9470249495294,226.699595137794,192.488391611869,159.844038435915,309.148819135673,295.362776986108,275.885813936071,419.702146632758,417.785522282223,418.61152228464,547.908195571588,865.296269542592,202.099082288521,660.982667456109,859.034647901952,384.675407384146,641.48819597913,254.635010207606,537.462295677899,621.054117516094,496.969632881506,601.662234341081,246.820827167954,412.62691210393,511.367080013452,247.591160774535,343.017762895329,331.936349508879,219.292236249684,112.336952126732,213.926362960222,248.751925850052,197.391804700519,109.925865569693,132.114645599855,190.426728827526,168.690421321336,113.579641124637,123.487887898971,116.578587637467,76.9140349231362,341.267132525355,-183.517821916741,248.822097211138,-75.7261070912878,-179.842491713307,36.0670305337797,-355.96106729214,-38.4381060388798,-186.258782462016,-280.689770777095,-366.473989725793,-132.850003919845,-261.137589405744,-85.8589539340289,-169.706869980168,-320.242299065686,-83.6025186571072,-100.723480774166,-220.510253796887
193.119790868576,96.2989707798956,-11534.0707797092,145.719865154805,87.7245896195361,256.694162081415,226.870711522486,209.341239190373,311.755288608664,322.039818294054,328.589218812554,455.849361515261,437.612133802627,476.140130779273,603.642229961183,926.425137746893,241.412162730473,684.030814301809,950.818665745631,388.055498304293,658.80834243835,235.337579961395,503.157287524917,651.221800467739,430.754487265767,547.543301149012,188.276169044033,335.213718373619,479.352645609128,195.412377183825,303.139401278785,344.782019146079,297.880433257951,71.6259790911204,177.518937293853,226.576500480349,227.520529554218,168.973901879086,96.0825883177532,165.029018020685,156.953110695724,142.815297831682,110.396743441499,117.09690275127,91.0610831092671,232.942804815855,-308.266582204843,64.567541057735,-230.703417927415,-263.620935549948,-17.2869563682794,-540.348943322393,-54.4354767513444,-321.659968948331,-445.653355654747,-491.71067169719,-247.230172368782,-410.045129843542,-158.91730857708,-300.216957694921,-367.98338756226,-180.848149608166,-144.907473956742,-141.198458249975
353.447517776032,274.552926729085,-14014.4999994727,318.797894379096,249.121576677748,406.650575778164,393.755986621406,370.531493656935,457.68435830266,476.132002168685,457.750476041721,597.270732208189,590.918779283618,627.102263214544,683.049134285585,1030.02260891603,289.109215321539,698.231688432436,1002.49649321058,410.63146963763,612.147022274769,293.799884085172,506.82505006344,572.476425481334,417.487908160971,489.170920948232,177.732680577191,314.115488129032,407.943632930522,180.14601482776,276.187912433343,319.992876417291,313.686449158073,61.1745818586247,163.39449539586,205.341162405949,235.144665490438,204.057762036414,82.097211437791,142.853645992675,150.254879597985,172.736185723313,117.275483991215,129.064879941469,115.113951084151,218.512684448618,-267.567295335248,14.5327446204471,-265.104846006714,-168.542501717086,75.1039673600155,-531.647898034861,12.390890245727,-346.672827512125,-455.480293649042,-374.684222775846,-300.699228018205,-361.26291000073,-194.207372634288,-454.333428195353,-333.735583578056,-165.136994741803,-219.348096849824,-64.6791187061018
500.517328776752,453.338438829174,-16681.696237186,500.154856608204,433.978596669976,551.271706223133,568.078975981465,544.088504373331,635.08001317113,656.830182605733,620.491388942652,738.787657224662,760.305452021013,799.979801948638,765.917892488903,1122.35092465843,323.941148685836,730.54310177996,1027.53495381964,460.525309064276,599.050874971408,390.863289988611,591.684528870296,537.963742240956,474.356003821494,520.847514782287,220.182679740169,365.834974179134,404.216733979927,207.620452923566,295.155446902496,323.771011150905,332.429709340588,81.1457615866316,177.976083688156,218.305922135033,248.840216107217,234.841422232088,92.9639324999238,147.755378312583,169.757337468838,201.330890491427,136.799647488246,150.810112309134,147.444543202565,266.581262004156,-96.0659691172868,75.965810670718,-127.648307500438,78.6177351311703,229.079008542035,-233.698337930978,132.541613202281,-229.132174639761,-182.70868339601,19.6834306160639,-273.99591477086,-23.4152986382993,-227.682810248911,-569.231101235095,-192.462933865198,2.5990120082922,-320.254032632705,19.2012545124223
533.985137385164,533.587349453472,-20339.5390476712,584.992007388889,555.276753051012,564.659428196311,623.221306258954,640.481148199411,684.398855549872,745.615024028501,759.359117648611,753.38708443813,803.441777992699,909.925041614272,791.852690689082,1098.31007866648,306.012184969321,721.159317541384,985.630190329857,474.663143645428,590.402101829417,412.630486484011,632.526623938863,580.804299924947,503.864401974102,566.403823120773,246.540619926552,391.230610575737,457.524246668767,226.751253253435,316.768374095532,366.643281032619,394.031106444167,88.1493577097762,186.619700573029,242.601487408748,279.035249312187,287.543523728304,96.7623091011989,161.455837988673,205.187613548284,236.812500276781,153.412223161245,181.251139764335,186.987657003876,290.706094553348,70.5419849242489,168.14227375112,81.7226894295146,301.705505293929,317.659128062554,176.32012693632,207.920066147274,-1.12933231418664,239.796948357652,440.578097307257,-172.269993868211,379.680954732245,-244.438897854844,-537.156396829278,-8.83215183443257,144.190787896514,-379.32592016523,30.6410912110128
522.277893005924,577.718277642708,-25222.5346099509,623.536729790116,654.597058814666,507.468831252083,620.34823179891,708.473149507534,643.43280188154,786.724436365889,890.659754290176,681.878129625797,776.951364585425,990.007652550093,743.21158546087,987.164128069835,266.15575530325,653.847703666832,910.825438671882,439.369786071783,557.231425457954,344.811711768571,565.484617750905,665.002902616339,450.516551596018,551.89855673762,227.179787367151,344.449824889501,508.493631645742,215.166611805989,316.100599907042,422.913989844879,486.050641440228,80.1688314316314,184.196448688317,262.747175065547,327.977231250206,370.802817957806,94.9044193505279,172.350867425499,244.615839118114,290.910783861034,173.527643613989,222.224328663423,237.299511346035,275.607548345977,147.892183034575,245.343128970786,243.366312506964,374.78458285917,304.015091998837,428.664868776174,194.821442068594,236.545924661527,552.61976052816,621.455159941406,-24.133620319077,581.781700025472,-168.929199743985,-304.379650954246,195.408263208639,189.670765689839,-279.873068268744,49.7277230833408
541.508748840539,631.571094671282,-29938.3203576592,665.111748645722,743.171136851372,487.973385253418,649.033106212219,775.924180176089,629.727269538094,836.520213237804,983.64802074173,622.714130028963,785.373506316767,1059.03258303721,634.413895009178,876.851606710957,254.269604845603,559.901871475538,855.540451408961,378.260175113816,513.044880827942,254.369192983949,453.19548712236,720.540713685143,346.414831562229,490.224006904469,178.548600659274,266.605384501795,506.991398843889,176.380210002761,290.517054305449,438.857494753678,529.980248814259,70.1664852805415,167.697332327131,262.986178269631,351.390598018667,415.294902304877,89.8697736336142,165.865791747317,246.142676916994,309.654078939837,172.537886501871,227.029383931392,254.859594415747,229.586142256648,121.124486672634,260.670323979525,310.828435662222,292.409467515572,224.616599849257,423.659085603619,144.866385674764,356.841081236383,601.921739716898,487.431684202123,106.721816967691,496.175430120315,-5.06867245967978,-3.43111064933092,357.96170221262,149.960443495785,-54.5229195281347,153.366873845516
535.138638047242,612.564026410992,-31991.377669478,640.765624690479,719.716217607767,475.304890785618,648.166981535608,746.860850383128,618.037905125298,817.017030471155,919.718407695001,565.255366336659,772.843665749535,1018.41248549248,481.878682657666,759.989840203132,258.324401304707,449.796632447428,792.517331568758,298.384863415316,461.479864716148,173.532850112727,352.348985255509,692.079332755932,234.525710715581,413.315590124052,111.17500582201,186.592125807551,430.775254845885,108.144582801411,222.926966237882,365.481385048189,448.5040497403,36.3371637546106,110.76628387669,207.201855635104,283.310020186063,333.597683570208,52.5300216073738,110.535507262995,162.720769093186,223.486190623724,105.982902212609,144.758990078629,177.804493768883,148.107357629298,18.4011577983199,195.787787460806,312.55781514717,110.801193852389,136.666211694092,273.665166323686,118.13428443088,340.99957986333,448.532336435891,180.199078372473,176.962246586872,242.351330981989,133.456592995402,204.004025050002,381.288601138824,3.59874711646344,136.32908966161,241.870677187503
460.933498515877,496.30109318007,-30936.3274002473,529.459520429703,575.469051770878,418.526492175745,562.73781624766,600.711608246257,550.277552375158,692.196448232148,708.723710604444,487.675921513797,675.558603726046,844.97652864014,353.056278506359,641.70069224744,264.320065775197,365.168848357696,741.024086717088,242.978905722367,449.227808427203,119.276376037878,294.340522975525,673.153969970377,145.940732862209,371.164158338866,53.5638432357764,122.499318454685,342.196299293229,40.4578592280077,144.184866782581,252.312967379553,296.387292387881,-12.5616000408731,40.1806284775604,119.13423423917,162.454379841157,176.310418273079,-3.49609183947307,32.1325250658414,45.4632102958965,89.3263989474073,13.6144774790943,33.3916523513928,49.7967619727875,81.6371846406784,-68.0972390940713,150.985509318748,314.107583972022,-63.6107555357081,117.392250252558,137.819698609692,132.332803901822,313.419594371689,274.800348661269,-52.3713846337752,217.82349333128,32.2925922592027,184.949847971226,342.132294221394,285.977368735485,-187.944775518773,252.895143596096,217.642114029213
356.206155203376,359.698578149493,-29370.9556650536,398.490308434869,416.815243756334,340.526041017546,443.38680928802,445.596643665514,453.478052446649,544.787338184975,512.810895266004,410.918149927024,548.630799133974,660.006251902085,294.122475762808,592.349964372942,273.909025002791,347.773221120025,783.644045070997,248.25814290856,529.277300674903,106.318915670263,284.22070821645,798.761148673291,78.001454529688,395.454793264515,25.1542953363847,83.3149474448867,318.821586465049,2.74642487667861,105.093541292606,188.70193059283,187.904735915429,-40.5891030654204,4.2829054430578,62.2413956382454,85.8597190721127,66.1531638729983,-36.5472687112506,-10.6753878720517,-11.6159896205117,15.1668748696767,-30.2915943284621,-17.9067025696645,-29.6986210444497,71.9025939065541,-78.5642624962597,223.737525469183,315.540871866831,-160.92034416805,181.678578795222,34.1141334636282,148.320293556655,345.053065316,152.761232403666,-128.611966807652,258.793784652151,-75.8499388042526,188.05746347603,479.743940754568,142.803431506191,-316.437946686981,367.592330260186,88.6988070136544
241.590794895637,235.36554742006,-29264.7399469105,275.937856561027,293.872538055458,259.159538181778,332.256304634509,339.235949495767,358.073908088931,429.428844557639,417.806342954877,324.042365206258,445.342994342593,540.50816517659,244.569359922987,596.197773661282,272.309323106612,344.709272295666,864.100157606978,261.434056620817,628.551303798785,123.240911105435,270.622986640611,972.58318699281,9.94686357145743,429.481562637781,15.1291994548915,53.6301816690756,333.86143359027,-11.0095695920678,96.3231744007617,174.864594412262,142.239104536198,-37.8984086509648,-0.856544927269317,47.4207640793096,68.0176059007837,29.9416875660153,-38.3663935989643,-10.9019837861872,-5.28805185084816,4.34230909739216,-29.3196189217547,-15.6628653088788,-47.9076548319786,78.63514985179,-47.6889544222202,357.59199444992,277.266875341302,-205.777841163814,239.739005047944,-97.9649296061098,114.558761213795,373.340441296875,27.9541153522272,-193.690069550851,283.293390519187,-202.862993161011,196.171964534199,563.848565291008,-28.8390663286386,-389.804512606886,484.151627672145,-95.718355603332
108.079570648482,101.679934628458,-29385.9326968003,143.699110637204,183.702308984776,150.990878535387,206.98255878236,232.999878969048,237.50195974226,310.565696359106,350.840954995246,188.325517157978,321.659317578347,421.529246369509,125.604506222054,503.518520359444,232.875184343725,251.481339055111,760.654949548968,189.881271555531,571.307520334212,130.775707270777,179.507192090913,901.977500540904,-54.8902719673578,357.697305578682,12.4752726449932,14.8516530953415,273.367139385956,-16.2256799335025,67.9300069732058,131.584940826378,95.7719859410333,-21.7446127854524,-10.8972983252836,27.0955431137734,43.3487962070026,2.54814311313429,-29.1890083601666,-13.3608679708656,-15.0440387083286,-19.2654182540424,-46.7746632175109,-31.2044046584084,-73.0576372991555,43.459825618972,-15.5553202691051,402.864508539831,229.624518941974,-231.776556429325,190.114606055864,-213.82505954301,22.1492764903944,333.712908895335,-89.108078998407,-338.652300969966,265.816482925695,-375.469592006612,215.717695780298,527.054354695307,-167.879214096152,-475.34384670507,523.895612430545,-245.020801509826
-27.7765513667844,-31.4750719876334,-28110.019542561,6.76206366789302,74.3382951149637,6.43659936629067,48.4284477762674,87.7978041795863,64.7977553206689,140.523729376479,223.038539423064,2.64614129471836,114.355062531198,214.193980875903,-55.4375424926377,208.670547854854,124.20772694209,34.680817866867,361.896018760294,2.7256939981203,273.228721400672,66.9272026478543,-14.7952484719592,465.332035718346,-114.87285946993,126.334406215172,-5.09879497670785,-48.0975489016102,66.3260455739143,-37.8970469315507,-16.1093391145452,4.44188281626307,2.950477492781,-29.7828808097613,-57.926278157941,-48.9993753008393,-39.0636890356894,-65.447750762339,-45.3340008228911,-62.3717372913493,-90.0973818106297,-94.3601379649922,-114.53984025155,-101.944653336054,-140.782922411451,-50.2045557583762,30.6722408588106,277.409398530125,218.687911433356,-219.485546141153,10.4616919075929,-201.358598690363,-114.454521933784,227.861211472529,-112.236965622536,-445.631720311396,192.464188920219,-439.762041168025,204.880559460162,404.26379967725,-159.761142810878,-541.462054270353,437.952239230912,-250.068932198119
-103.181267701794,-100.547289110094,-26317.8001445335,-74.441318475077,5.29440796654119,-104.916927669306,-77.1546437101625,-28.8242468405462,-92.4791072160836,-34.9870146876941,74.6236121705988,-148.082926429438,-109.106777031941,-30.7779661566115,-198.785016692742,-155.943058200853,-22.3444739504367,-190.565648160086,-116.021274326874,-194.304786520322,-99.2659606445394,-69.339470743203,-212.034778742812,-60.8892553733519,-165.0465329782,-130.126374915451,-44.903676965696,-107.868288470002,-175.975149834146,-74.5882614136737,-111.118990192927,-136.966563426982,-91.2782492291724,-60.3139616920698,-112.784218377849,-142.056328455169,-130.904668408882,-125.45411494827,-80.6831821606716,-122.983676175331,-167.848327095032,-159.02721257883,-171.41163129032,-167.660734037958,-183.224925935368,-148.547840346891,123.348245750211,62.7434685758406,225.129674123632,-129.402539241097,-214.842897096067,-44.6564600894384,-260.62946343939,106.211557183141,-21.5759456442478,-363.582580421881,90.5540152486556,-282.156538322607,155.225358481703,298.945162196991,32.5162826900509,-463.282125504071,290.531301197819,-69.6827150342944
-110.798407763425,-99.0854216734696,-25365.6807587589,-79.0315074034423,-13.6881753811297,-131.624854080095,-113.353004616504,-59.1416690547392,-159.012244938101,-138.422060013811,-16.4025866608067,-202.091713724726,-228.829120378383,-194.793057997412,-251.741583529148,-372.236159079709,-125.393972624826,-299.630391794238,-384.315705114254,-276.101427990447,-313.425725496062,-213.390143986595,-293.027502553902,-326.44273844897,-214.366341075838,-225.894855529146,-102.408992681478,-138.813251553179,-276.001310252523,-110.74820237562,-147.947087421811,-191.325039624,-134.485311749231,-80.6867904433198,-128.130551697304,-174.865745572837,-163.74434644418,-126.806182898479,-97.4360467140547,-135.795569365426,-177.941306953286,-158.405013695996,-163.507720325698,-168.029532685946,-151.085533222137,-178.332883168719,215.473030493244,-119.95292747136,172.253784960288,-17.5340817083599,-396.512222334241,104.506821215092,-382.097488408714,-33.2915456818464,57.596962312161,-162.965384805133,-41.3873669429883,-29.0864199261684,79.7902132968293,216.672732275222,271.128850851857,-222.698425980149,144.38541837043,193.44027077912
-150.576666179683,-126.880251209886,-24475.7044254692,-99.1074904462891,-59.2530915468037,-153.160555775846,-136.754389739497,-77.0864351791952,-196.999842186242,-195.145941963278,-76.9528988196641,-241.035880639499,-273.347815619755,-267.701930875223,-301.864276003472,-437.464369029115,-172.726901358448,-341.660003087556,-455.695673708723,-278.190028923273,-379.679062885947,-335.341430541949,-306.729041462229,-341.63555034102,-309.946676754353,-196.926836982052,-198.143298520568,-200.716742646171,-243.063514990355,-171.473414682887,-158.454553298786,-188.23063718104,-168.106244125326,-110.11554791162,-141.318793148561,-171.54576495963,-170.250215769687,-133.763003784206,-114.607778041575,-134.841854756762,-166.36821161433,-149.801783589853,-146.655882617008,-154.628968373412,-123.818986413528,-147.355587468846,194.456075277361,-275.544463345016,-0.680302491211842,-21.639457056783,-532.978205635547,74.4319156944887,-475.369858833911,-287.294827671983,-43.9093319187495,-60.7636770124637,-292.482759921996,81.4522515843653,-70.9290831429293,2.53876165305337,341.790870919866,30.3938821966243,-67.4963821232607,355.608419208006
-263.256400647579,-228.28818051764,-22568.2008005065,-192.47668720287,-164.945132624574,-241.444648070084,-222.462911398534,-148.362970134912,-289.831106001889,-264.872722697559,-150.145777163014,-344.896778755243,-345.892466551656,-306.974657702703,-413.282832999025,-491.535728874685,-200.696163026452,-417.203215701338,-522.976924318445,-296.20349928268,-456.918030517391,-411.129879476522,-362.298547677838,-350.510055556822,-434.542114439749,-217.972462083704,-306.849384847493,-320.418543375894,-216.577963976141,-250.996746752755,-199.28491355164,-203.889083451227,-222.97366828445,-162.443905378331,-188.020342315448,-192.190093685495,-195.630238741522,-192.385149610463,-154.992666034792,-166.037382554162,-192.4754593618,-185.414633004129,-174.318618458449,-183.412435214974,-163.320753204311,-119.595719174693,50.6517136014587,-436.923824806405,-238.850473066379,-146.683734961098,-614.052599994754,-98.8258648530258,-512.5785175717,-632.087782076701,-319.856742085194,-88.726319332678,-640.804460882907,9.38073255761253,-308.352889452317,-413.849296031046,193.469700515774,185.092452960655,-380.947953576901,343.771873090455
-378.404924384888,-346.707714370132,-20701.5766629888,-311.416131823999,-284.438648179218,-357.989801745336,-339.925236585093,-254.36809064464,-418.845806610431,-360.406348029386,-234.100932548755,-479.958078346457,-472.010661761431,-361.26985824946,-543.946504491614,-588.693216809376,-233.187271963066,-528.655644817229,-660.839692614072,-348.229495840964,-598.542155662065,-415.839227678208,-462.707903975542,-475.880028339176,-515.428981136814,-343.056473467948,-368.746943892431,-423.712965416343,-267.720797287492,-302.729780925384,-262.117584399746,-250.844753527465,-274.449132993013,-203.307227442206,-236.968356746876,-239.097134417293,-233.934580873949,-254.70580000623,-193.680462289119,-212.420343686015,-240.080193728037,-239.906228790296,-226.700942136759,-232.704314145622,-227.432888474318,-112.969984297234,-132.581622849296,-532.512463257236,-429.285982947369,-272.032575658024,-577.124827952529,-257.365137564737,-452.08273559559,-837.578895805893,-574.609302365603,-109.728178922397,-858.536893707864,-100.589738103431,-513.97171314901,-839.113826854399,-47.112256183849,226.020977576898,-667.527467199877,207.094143250985
-456.044480652977,-447.421208363181,-19944.686798251,-415.555485266153,-399.509188313895,-449.045886714936,-450.202547534411,-387.514432497348,-538.564110739699,-483.074913958699,-347.806233023093,-603.796430420112,-616.482383743101,-473.606576545633,-682.140631943834,-694.911259926934,-282.471730411075,-656.382632263765,-817.499364596178,-423.541393469984,-755.834301149357,-396.891436529903,-565.177491056798,-661.670659745124,-558.725240431021,-489.906397843898,-390.894710383109,-473.359678474754,-372.044533052683,-330.10046533685,-326.97501497052,-319.866609114667,-333.240545068339,-218.875262923496,-273.964076337182,-296.230915391937,-289.960497019379,-301.252261410073,-217.339760645625,-258.771766101395,-287.91209531132,-293.297738996083,-281.605790089888,-278.075082514898,-281.20009287836,-71.1578522250002,-309.48965481155,-489.181801946696,-524.656372794262,-346.057990289989,-429.900516258779,-340.592227879521,-334.633015984551,-756.390905514574,-634.702704476451,-81.5207442677226,-790.616739346892,-158.430779766224,-574.972042186773,-1001.78200250528,-261.502062942971,146.392352042202,-779.57259249612,-1.75003983143845
-523.972003495503,-538.431193476468,-18819.0145104125,-513.262726989324,-522.183005881597,-511.473515858973,-557.38100051931,-550.463593667078,-640.474135514236,-622.26748733363,-510.396251271772,-722.287981541188,-738.092287371781,-642.281516744208,-875.484438527038,-794.28666203934,-336.17238925846,-817.139344549268,-934.686396482703,-517.977594754969,-883.847290989444,-416.240517612388,-659.53807120081,-810.128856029914,-618.020207695398,-596.811682322874,-409.566111394634,-513.993953215896,-477.14304024512,-364.549949016576,-388.859321123355,-402.334692388018,-421.329845926973,-228.026612343685,-315.075421109858,-355.706552286149,-368.339732366544,-359.98907672251,-238.033638309257,-308.41181586612,-343.048877721497,-351.918174834731,-334.690922132863,-324.496450450035,-337.763397034824,35.4047734053729,-424.049092006698,-362.465639228594,-516.862287447454,-351.06464739418,-292.014222272161,-336.341700101543,-266.725770273973,-514.869056651157,-486.237916030418,-24.7121505240367,-555.858552476032,-148.42433617376,-523.261257337289,-843.450242554189,-390.512553345386,10.187233970572,-711.974793792074,-212.997033669768
-589.615754480915,-606.060444901515,-16286.6683648757,-599.771186415946,-620.895372138545,-557.206965230481,-652.386090574919,-692.778168925832,-719.442451547736,-730.518173623184,-666.952773986998,-820.798440327197,-802.039579764828,-787.828194593903,-1086.01520036779,-895.392355374612,-368.864901673554,-978.43155164639,-962.68927761998,-597.095250975456,-925.876265852613,-446.171065093231,-718.493149216273,-847.031646447932,-663.327559962273,-668.888365619033,-401.880753349859,-553.527064666919,-538.531269768046,-384.723696208168,-425.637605293301,-463.692584051195,-493.568392634523,-229.974977754409,-343.454835160747,-396.242775686564,-428.10757244948,-415.765624777531,-246.820184997896,-338.303472960931,-385.439387717298,-395.106297265586,-358.863494920056,-354.968055817432,-384.502331557434,160.799193525161,-351.052551541941,-220.695579522537,-356.215604781809,-188.028155102284,-220.824437185945,-154.983897332911,-256.118062126795,-284.69554557837,-189.49302034477,150.58334252673,-329.911166001885,-6.23316344280949,-432.063710273451,-536.213825111029,-362.139056528727,-10.4099201694038,-560.003759794943,-294.921722847888
-586.078132495867,-587.061411732508,-15456.616463863,-607.781257968348,-607.03532689508,-551.694009661117,-667.516198861711,-716.670217916383,-721.907514076855,-732.731976148061,-693.363124860148,-817.769875557221,-766.797701406043,-790.911882414559,-1147.11731178157,-959.07926484858,-357.278077443347,-998.874065632987,-833.258459634765,-580.277964587132,-768.869888009304,-388.406780098349,-645.747380380509,-695.970549909375,-577.663403455818,-663.299615061281,-299.825768857492,-499.669283733799,-504.260114840556,-313.653017279165,-379.579349125859,-437.035671157686,-463.210921357962,-173.563783153621,-293.971813560941,-360.001083673187,-397.012849285325,-394.961429909333,-189.049724522023,-285.045704964718,-345.306031346109,-361.922458177839,-296.722807088043,-309.360652983784,-353.203554875606,302.126801087532,-25.4581197637108,7.47237707018335,14.8121747734129,219.605601136719,-81.8391547630901,281.278483994014,-141.257426658458,-46.931868958263,246.231624166731,567.16131116646,-94.4275960192349,352.902695042507,-251.631916243845,-231.775560616055,-101.421541714449,239.544404176761,-362.434082963023,-125.296379132643
-491.642163784784,-474.478315242761,-19974.414432369,-513.457652367199,-469.149514780332,-480.281392362,-581.812221821889,-609.933665796709,-628.826669002131,-628.363855551564,-566.100578278901,-693.174912704402,-653.34026760734,-646.267213128208,-1000.39350877049,-980.931149310241,-321.535680501211,-820.495221140052,-608.806278176264,-459.365317855256,-419.540617217403,-242.347333528875,-429.966849737661,-392.599433628375,-350.087919218,-529.864048598045,-121.220945020413,-313.355078075515,-385.785570831494,-148.153844836459,-249.893484093524,-324.349544611282,-343.737249128923,-50.7706545751232,-160.023171462573,-237.3214443966,-279.504978964785,-292.383150361309,-59.9601251436455,-146.6684536468,-217.588167152662,-252.031948302479,-158.323707502605,-187.382658036338,-237.565029007934,445.058583861613,423.601669588026,337.27659837936,504.88236975756,739.919171979474,203.890392417827,833.120218383513,147.41008789483,237.076038698162,746.815042613214,1117.70706795395,195.622363998166,841.59195883165,43.1708622252117,25.6003369078245,316.667090809877,711.84206115202,-124.60285936472,249.385529219808
-416.931789334254,-386.149671347816,-27340.8077380541,-428.450314737378,-348.850259942316,-423.026391272722,-502.643538271556,-510.426115585981,-537.901567362333,-539.5223597578,-450.40426964889,-566.226028326761,-586.957667255222,-520.763790077391,-801.50128142296,-1073.06112810238,-316.155753226248,-628.044570878771,-556.003252573712,-366.260924471547,-146.898440946311,-162.636351049396,-269.555905524608,-169.736121446275,-170.522402966284,-360.248441545498,-8.92258548523186,-129.263022165734,-299.704738479399,-20.1281924996331,-144.734532130976,-241.58149970518,-265.543821599949,41.628153992653,-49.0387596271054,-131.333605925907,-188.449736741243,-215.593391169646,38.2432451973452,-36.1551300227477,-109.777643436806,-161.587769378454,-49.3331853227466,-87.1180750257385,-140.830677792727,413.566334465479,789.232435247789,552.094636128868,883.341839809292,1133.44711999681,444.500431450829,1214.78306317322,409.856405512887,469.544201852723,1107.06444194411,1486.92284826699,425.454703893283,1199.87023980088,296.413809847589,206.150044620585,665.815524378166,1149.41129859866,83.9394089284496,623.533893885788
-413.62919437455,-377.211590982302,-30346.4783055325,-417.135252928822,-330.138830362114,-407.584243307736,-487.076112634517,-495.119522311197,-505.501551054996,-527.427998112187,-453.631251404565,-486.262242408363,-618.989291932757,-517.192561202797,-621.83031181946,-1265.25744699821,-283.208801449811,-581.348506082638,-808.899493874015,-350.801408088837,-180.213692943782,-194.959560299738,-305.160687840614,-190.140309202105,-169.893937348701,-269.377000407224,-24.3568301288786,-64.3575270501651,-288.093081388639,-1.08064858338172,-111.773192494018,-228.352821547958,-252.242098565144,62.5273175951678,-14.5202168745352,-93.9112597054449,-158.045705871289,-185.992803598587,62.0208214929782,-6.16384174643042,-62.3102044921671,-114.786218589236,-3.64189933575875,-38.7304397979172,-92.5469224919639,109.245949842306,999.144405369785,500.208448539649,1035.7158010059,1355.29873180846,476.473191210456,1335.00945326594,493.442027505459,609.670170415288,1239.42621692823,1535.58575568786,540.418624525278,1305.80979919044,422.48892868436,347.378400893281,850.422741425477,1371.57188110512,246.473679486526,892.208156268248
-385.730615646072,-351.538108687371,-25948.3305348583,-390.661530675953,-320.325229328757,-350.106946041231,-451.034375556453,-467.444514273977,-460.127752126339,-505.658705373276,-479.334620168292,-360.5345446601,-643.555706853755,-551.472082982338,-360.83583734247,-1403.94534987008,-112.830085985818,-592.201018269663,-1158.66581266172,-285.662223305119,-418.342635833953,-159.677101439999,-399.567272280957,-344.93349072454,-228.284768331061,-250.908693994986,-51.3453762506616,-70.3568725020725,-269.85268440814,-1.74977969543082,-81.0521082269492,-189.385993800662,-188.98388443148,85.3676983171916,14.369952022352,-49.7294606082751,-95.1399456217215,-96.9178130664012,86.5437107141941,22.5770576114373,4.11977847668802,-28.7743214470507,53.2726958400841,34.9010661028632,-1.79949751597581,-241.632742299806,1059.88369485792,313.036397079484,1002.02498162057,1494.59237200613,410.361014875711,1310.29273163689,512.160199064278,725.459931694972,1226.87258364502,1389.81377983441,652.898890770063,1258.80195746176,545.625862550646,538.464183605183,964.368001748546,1408.99679099565,435.833833365085,1101.90463756203
-277.799986928307,-246.481635236021,-18665.4810622026,-283.475015360424,-233.19215407752,-220.283524599117,-334.742160653468,-345.503442358941,-348.276228719365,-402.750904152136,-422.909600239173,-158.328000598202,-562.892277291529,-523.938919289801,-18.9429880355219,-1326.99190421571,124.936922610958,-499.819312178461,-1309.83942116232,-95.6237340658771,-582.838665205034,57.4690996761937,-356.719481288478,-416.420771371406,-160.919999685058,-247.008414713191,17.8118341986647,-58.6948847836843,-209.26109575105,60.416335359409,-16.333040544604,-79.510270864529,-40.2154741381211,146.196833990332,84.4617134460875,46.2781088025806,36.8601235329602,74.0566766375158,150.766801775557,101.754208918998,124.504578129727,120.136140222101,155.428006715588,163.028835185161,159.903722526272,-390.070880714675,891.456197167133,149.559253520129,795.592980643159,1468.96069876265,373.998808031815,1155.98043886636,564.873367511335,783.802882332711,1074.67720357904,1127.67721284267,775.023707757266,1107.76231714549,709.246902717065,724.200832327536,1013.42721033586,1318.38546787278,627.218936819322,1226.72476020955
-125.493320916971,-96.3781684657601,-13745.822934996,-124.954548684327,-93.1071700968434,-55.5999672793127,-157.357533387328,-160.940595899744,-177.502277548169,-229.695290946741,-285.157831781396,64.6049847624461,-363.315298608225,-400.760246820586,291.432850670203,-972.028392706588,280.340552571583,-228.004891004066,-1096.96210673992,156.085589348445,-455.99122157952,337.810959528288,-147.072982024973,-247.74456970514,58.3573428675722,-168.865701677021,162.024160581596,20.3695774627483,-98.1664438990299,177.225706790877,83.1488954126234,73.6301536080839,138.866670446128,224.18625633575,186.274638852763,173.235807488178,195.995170245892,250.286969436647,234.520516645749,215.067192320082,259.396781942435,279.457811396529,275.809738976436,300.717254681094,325.043924523619,-416.306774398577,443.125553958389,12.5566449255984,453.365778877832,1117.61429861715,309.776718258283,777.889086992634,539.282130624981,665.625360575466,719.427587540076,702.726055725599,750.651463267452,790.427638601045,752.001505796003,746.887263625941,875.907313832727,1117.28291851948,696.758006072948,1170.81142656219
57.9763917123784,72.2512415169756,-10956.9065271059,58.862834011108,53.4958640336251,144.360608957445,63.4012085622176,36.8396838314418,52.5300527091997,-8.7472259138153,-95.6222325739744,290.551267620896,-66.7359278670189,-169.210791055333,525.173065782203,-394.993078856012,338.686171776505,178.215137684997,-539.111084768394,365.596331749656,-27.5424080225374,500.206089442822,125.196537560226,160.195211201878,302.896030149309,73.4397125626375,300.200815385603,192.962518191065,124.204425551105,317.033405311725,251.111446812699,273.354234176442,327.958868304709,315.453020207904,322.726269268377,330.476034359342,370.607079316409,405.87700438963,335.929480066115,354.341284752657,395.359163443876,426.570456656652,404.560256673227,425.442554420448,460.532686143383,-539.300482609056,-78.2045217261203,-120.426287581967,122.184617440412,526.219273430033,147.529641450127,204.262235352674,319.712828709747,392.806713063873,229.60749530618,136.471091228628,528.924146555707,324.068284216864,567.817213731268,613.89504933396,553.047195024943,852.263321409209,624.956248365489,960.792882971685
296.063653750264,275.088291228537,-7376.33630907249,280.118879916505,215.600241539169,403.376073700901,330.013994902187,251.478226567529,355.393814262221,257.625241263184,135.837723808372,547.331583454981,297.699495973965,148.56359060926,711.549391256525,282.51577709654,374.670346011856,575.032295210667,152.192041146072,488.625854342423,481.482783917282,524.365655694632,378.688596758492,600.546544439617,494.539375897466,436.608175397065,405.789471391078,444.039784254097,455.625765965381,467.756149691898,487.409469205978,525.906879873132,531.931019430407,418.407388515881,492.068916019413,528.268540873839,571.337547356026,568.304238636619,457.318172725746,518.856306335248,566.386385384277,589.748919679487,562.381463998476,573.136556447655,610.462576131491,-735.935143601575,-325.292306920358,-233.716729337196,-115.228799319094,-9.74715476719627,-45.770924106252,-373.15681025681,-8.66321631174477,132.483663702501,-217.273110489946,-421.409287986593,267.78957487355,-147.881730431274,274.567016629959,500.552867176264,227.572443556246,539.623544131648,529.661927665993,725.405209102947
594.573091880198,531.841773823463,-2799.62759315622,554.711203556334,433.309608758624,718.068082567037,644.379328104601,510.962510688803,727.656602693873,571.405195227727,403.142804125229,865.269562771268,715.178231040538,490.459480589472,949.84895588167,1034.558451977,486.085114148974,951.539635222148,812.511476818127,663.393208751376,927.223600335308,611.794533602177,710.63712789285,908.187549584501,749.896013253869,817.850529636216,553.706635135472,749.562627533707,800.119648578328,649.742764027903,742.139411774454,797.337960391676,744.210546497793,532.694636546731,677.676439526959,752.43680408588,787.068074328356,744.445199431921,590.493815924879,700.574237347704,784.402400533279,787.153288166155,758.737165983255,773.11037073797,804.374314934185,-786.849692492923,-210.184638644871,-333.726204788179,-307.8901810833,-293.83598002711,-166.820269810789,-711.743001945849,-243.027360228619,-30.5285332170449,-471.053979924108,-768.998231780825,109.337249205925,-447.673231770391,86.1096939807419,464.250391361224,50.0692411755692,145.222679840755,500.889986745879,504.284204713568
910.170729349054,816.310183708774,783.955514774528,854.997723328245,690.381832469788,1034.85309309325,968.022564331271,790.624120419759,1104.59165854525,895.433964137171,666.784506072485,1217.36220124159,1145.37415410657,803.809667430289,1341.05215142183,1873.69793040863,732.349296359576,1454.71152570769,1485.91087415846,1045.78807694063,1402.32116201905,932.669556951011,1241.76610486239,1169.09554104428,1180.83994799606,1209.56172179704,814.346263167887,1096.63430978271,1105.5585064143,884.46781998293,991.116166910398,1048.59508529075,954.221368844715,672.56105650552,871.066673883508,972.26387318371,991.070836999692,912.15839418552,731.003538724265,883.912722922154,989.199623366192,975.611412339444,944.830230656813,970.295329243383,982.797467523213,-645.876751396457,-6.02048561092639,-429.652237069281,-463.922784026361,-355.310822009587,-218.753086232423,-709.561798144524,-284.748103433389,-175.897000870873,-520.309219949547,-840.40462799199,21.7322467844182,-523.636153887222,107.217961378952,363.770215418246,-27.0424242526319,-325.628964831069,508.592498141378,207.039745560014
1168.5105326435,1057.82933197497,2979.34853521715,1110.19803613771,916.823337398338,1269.10457013279,1223.55341145572,1027.86326313634,1383.88331800387,1163.76484466975,886.95147480635,1492.07815140895,1491.82261970279,1089.0444425652,1768.86747416238,2597.81841252867,976.536550962569,1964.69422261668,2112.45646205344,1427.10752290846,1804.31117569036,1300.45772047305,1733.5283674139,1408.64594539428,1601.45400849813,1556.14109974771,1106.24099340126,1393.23706769366,1354.32633279227,1111.01391010857,1207.6645720567,1239.34996169518,1133.78036919902,814.233831822384,1039.33192010856,1142.94993137291,1146.98212833543,1051.26613475006,852.215350423025,1024.00639379455,1108.32800201976,1096.60124644319,1045.5048796281,1078.76048164079,1075.60052060088,-455.419756271676,35.8788137840162,-462.688931723485,-495.153021996479,-331.008830347489,-244.118489958463,-540.233920067775,-191.466735188113,-356.840518910012,-524.183524348468,-838.939088693492,-67.7492426958719,-570.111834200497,243.196615011651,116.7613206321,-146.041334034342,-791.675864800042,475.102673540142,-164.782632887688
1324.29569723115,1209.16881283776,5145.59799362949,1276.9566193076,1084.37974223896,1376.90612713307,1371.60703499207,1209.91157591058,1526.46859038559,1357.18328103861,1093.35017366052,1588.27943099827,1689.282621769,1368.0676339078,1954.6299522686,2888.68596051392,974.554636612448,2093.01746602135,2377.11239915535,1417.69395835427,1753.0434820309,1323.14329612594,1755.65584640517,1403.36047621159,1656.10481309383,1658.10054832643,1215.6467034995,1456.18518768826,1470.72515220909,1178.61452702207,1294.35827619299,1313.55356864437,1237.04903807025,864.84681750871,1096.2969497899,1206.28425747391,1215.18724518207,1155.04816554175,884.824398379439,1056.38967562916,1132.94446534393,1144.93430226116,1043.99902743568,1086.05474404652,1098.39502863209,-187.694919024654,16.7222645821962,-281.766150187632,-296.706510303636,-268.186187922799,-123.527532049479,-361.141404960513,18.2128595464661,-411.560400997771,-533.347649051875,-865.46320814458,-86.3181930662274,-715.897525835524,334.486535603548,-122.337767032588,-294.407999050702,-1049.74168599219,396.300806898157,-379.833146062731
1362.22683454396,1257.55423976245,7732.96894283375,1340.3288694947,1186.80475298741,1351.88969966461,1403.89342276792,1325.37616665993,1533.01646257229,1461.88940919851,1291.71101049866,1490.78079479845,1719.81398519677,1575.62191814127,1806.91559538774,2680.67772259595,715.351645870344,1797.72216404499,2166.17972393276,1042.86947487095,1294.50692111548,920.003892914525,1336.50336247643,1105.05836910244,1257.07085948779,1442.2928235382,1010.65582822752,1208.70245476945,1393.39895365832,994.996994737113,1167.40762214461,1234.15469100184,1232.12484217705,750.191570506577,976.611068352514,1121.78872922753,1171.75249344001,1203.32725062157,779.34626923874,953.860852042508,1077.32644126114,1128.63229746059,967.282546040458,1022.55500144726,1083.22859823323,298.300590944504,197.560741559431,202.323861431016,157.870070099939,-37.4114458256223,317.273192081456,-20.5898285569394,422.513297969061,-109.046703416236,-312.461473907983,-595.804482476044,124.878713019653,-676.430849826235,392.586635705043,-120.461477004011,-309.644530161581,-844.60495646335,379.402443065953,-285.243692629085
1249.12565405497,1174.74053668891,9906.23275961497,1249.35281171601,1158.83022036971,1168.51739264551,1273.23723719563,1280.83673812633,1359.59797270269,1389.88267254597,1350.53164565816,1234.77089585241,1543.58318478849,1560.19372714036,1491.70459999299,2189.94879987289,459.760929017645,1440.847849439,1800.80092987509,702.278864652292,974.62094832506,455.870935016724,949.586369440958,794.061344155452,719.618225813723,1090.99913293582,628.01587571095,814.451671467085,1143.38122377122,661.461827278669,875.309028428254,1002.654798184,1108.64926310781,525.57965228522,727.414590970501,901.150448525954,1007.76198684162,1146.01357485311,583.060758220915,753.73525353888,920.275200764269,1012.05282201199,813.859373142532,880.339075928033,985.32010915415,834.094202826125,565.783366731703,771.356207543069,680.234408117079,419.256473432572,914.021742419001,559.170572273947,923.649379877284,462.959779788763,219.448180660948,159.488205348578,525.792507872427,-199.895302711255,518.183971035705,130.922619241652,-174.716042942658,-237.93853347495,480.045100614194,-120.812554188403
987.191372648238,963.008046590582,11253.6055141722,994.069679311664,976.670662777692,840.801433510032,977.458683793841,1041.77958779324,1016.80486222542,1120.92877730089,1183.33379404601,883.140719243129,1195.38150260757,1301.53050951861,1164.38559286409,1631.06167858205,407.421704318948,1204.12573894547,1559.44254731125,614.143565291882,981.196586100417,287.502574106661,832.626386681178,647.031681528146,406.105255769391,784.150622106406,346.533221549144,502.177611069921,784.264065055434,383.408730234991,556.938788671201,675.292808181469,902.26182880008,334.532773406589,475.07541558693,619.704256511074,755.190809613008,977.042401697875,402.626758765764,532.766393552123,675.13362560191,792.838417642955,594.79315356259,663.380830570359,777.873014832594,1044.92026211492,840.960400397265,1040.07267600971,959.319720245618,865.02038248067,1218.85283418297,1065.16016969646,1179.28335526952,882.476078028487,729.137663690921,985.904396492976,808.510134671608,427.493292945037,626.141589600828,380.112655120507,-37.1298752426459,318.871931818852,556.092191227056,-178.855392682461
696.499744454653,742.128032337419,11956.6509496498,723.042293428249,786.387303618521,507.355871002571,675.377079887495,786.267376374188,678.777940705018,852.134656405628,962.319706027205,542.466242615795,883.868419064539,1037.68374599771,839.20116143412,1093.63745413655,494.579770132956,987.983060024757,1379.07890531705,687.072646666008,1003.3227379807,387.030018632161,826.888435260317,623.179412721893,379.503904493588,560.582916302956,281.89644236249,349.164597902014,441.51391635525,270.11046199658,332.286707814789,397.210936029953,724.62618567498,259.446926625385,318.606297520337,398.72457343938,530.658273564748,798.979761515691,305.245409721593,371.710736797061,458.510159110365,582.46296624681,400.788045471635,465.613986110636,566.272579309124,848.697032020964,867.98043969637,903.419457784508,894.691436057502,1037.59363851094,1040.43737808172,1201.45795095902,988.889128678824,890.026638468883,922.222851304517,1382.59492929988,747.707140441269,782.361100241504,544.862626629977,437.191898173928,78.1864255981166,527.994650547411,467.084599390347,-315.326293579582
500.98576199211,631.252238350246,11839.0519681924,587.152435709521,726.734419997012,316.572454067388,534.889408639116,699.375971398217,513.937128210875,777.463485373922,893.585135738516,303.593440623187,777.686002586991,987.117808055758,494.130426934648,626.569879571971,521.249460502296,739.732755138402,1176.27082940575,750.565707895312,895.808568964788,487.919887926826,772.018625330624,700.51981484428,454.890990066779,432.724029993012,318.91796642844,303.697446632093,270.417865584178,269.208452998085,239.780501290957,291.207030501489,647.843812210103,254.059218659219,261.985071421715,305.857365326243,426.851180770557,686.192647563966,270.803401579458,294.615280792722,359.957596158518,469.431382946925,299.207478190752,360.861243440866,446.561572941628,502.172406047375,706.929562253546,594.480291911241,632.416115303125,910.257277626561,613.12049361042,972.242194501945,535.08933205977,636.203154925283,797.401123557357,1228.9426657723,450.744838440492,759.95695531706,303.048072035631,353.368165887945,225.343140612558,507.707966055785,281.9033246366,-231.832473016852
369.206492590423,566.563818716919,10988.8049532475,519.094162825962,701.0124120647,243.475727507501,503.212124778691,691.345584812158,469.848640078916,799.981242855302,884.492303183372,152.215868363976,772.204510664217,1030.05838453511,147.088574791616,267.286860338954,390.632575465397,476.449293288904,986.676572642285,670.731883905497,751.148823724712,435.332810027024,640.801897862466,806.461975698132,454.294441965379,404.476733712789,313.131551464614,291.111249102803,284.0014540501,266.313095840723,226.326567558296,301.326147658416,594.710767912965,228.253883388672,232.228445493485,277.755926528899,380.565032404023,563.571113038109,232.068765532974,245.233196073811,312.474639327021,382.694947555664,233.569460220109,287.979441882386,352.642722755009,280.579687880841,475.207158905517,375.313220203225,368.576153043709,609.822463623168,266.870977109877,544.56725948197,174.555532877653,407.319031769055,473.254294480125,688.416739790855,201.940402368333,469.090567195969,106.971884620676,274.414525638278,341.289915887963,441.772948629134,148.236661352905,16.7396574669665
201.950396162838,409.112427046398,10701.6727986004,363.841761466736,538.696712311391,148.239088997765,395.521167075282,548.469393796394,367.034153158129,678.102831070672,704.276493068398,8.2807145090353,636.395851947475,882.769198689858,-157.409155556896,-14.4111080854383,188.976219171545,179.614447737239,734.537468145622,423.659537313643,538.941235353362,280.305537178258,431.217930172135,743.205165912706,316.59781471089,393.908460306433,224.025297016852,229.965637792986,330.170143621796,191.93171827791,198.598394985258,284.917331747094,470.361650975181,154.025897763089,164.364201815157,216.067650450207,284.168284279371,361.2697156337,156.2543590494,166.31350840113,214.460576896184,232.832104830093,134.634031400815,170.148898553455,197.86854877654,296.927773665263,323.761351423472,362.374809366279,290.797503924599,331.761831141709,158.534458121986,202.237321404497,105.900697349114,351.487306109068,181.160226457714,145.310637487016,180.421912280876,151.891649844191,94.7091424983059,302.977342632531,390.652904673007,383.50232686463,118.749081036732,215.023085353172
-13.1329711948831,149.764694950822,12023.7332297706,111.149682393506,244.712317037743,-23.6095213150995,149.241202222141,241.156403611592,139.55051795084,348.159515822374,331.737061015398,-153.106835824422,302.053287552758,480.237848466643,-350.562465241731,-258.321995147518,35.9316767437389,-108.082647751504,318.781734338004,136.460163464932,207.355445533391,116.872841286511,167.500306055195,467.651397554643,61.242918419407,283.908015314192,68.0138534191742,54.4044766922342,280.590574179581,38.2022173821914,93.7131254464556,194.290970758063,296.581923717731,52.1027457946873,48.0917415896311,99.6552189398644,136.622632099122,139.373408097463,54.058868569655,52.2515933850301,74.121276373153,52.1842079796104,16.2907593917769,24.0699513099959,15.3997666648886,445.013232297874,292.519575650618,478.636828990166,407.965061549111,165.31563979476,212.603165955211,123.63056569028,211.127689586233,405.535358152329,137.598423788375,-48.1488005101195,294.219225729491,67.6445848978838,181.014247267335,412.008972203305,420.590511015877,334.957260361196,127.714143625531,303.314249676379
-247.650853509127,-153.460947493131,13944.3618396345,-176.708384447456,-102.214213573198,-216.221573724999,-160.888343825404,-133.179998167975,-135.742549928547,-79.106135747691,-100.557958172464,-281.920897488509,-109.04441086235,-17.3492145734327,-358.787123376059,-391.721976520675,-37.2238593679962,-239.733435849965,-102.954963275401,-25.0937682563147,-86.196280031908,7.65100899314206,-51.9144370115738,189.858419070285,-187.556743384551,74.9859419644073,-94.9303887937666,-172.250641756252,136.921284860564,-129.650430373976,-63.1947262631169,70.4839334163387,136.839190353067,-45.1904933700593,-79.5589338166674,-31.1163877838452,-1.02873883494546,-28.4710023285456,-46.6571437219293,-69.0557748561292,-51.6664676138856,-93.5855848091397,-90.9291460644543,-108.417525232262,-135.937869283938,486.047715891447,166.940022235371,496.303147756496,408.788662569094,-78.1414288696685,218.574258415534,66.8489551644776,212.536694955157,360.850725192091,182.500795376292,-38.5357009644663,283.008387330457,132.259646303475,163.50352239144,417.543643158873,330.893205033946,218.922160438445,54.8804410988962,225.287905732895
-511.610854418286,-498.706052628391,14804.3659785148,-505.990756579865,-497.510925252336,-389.370012352684,-479.681321253633,-538.270139676941,-391.372290349995,-512.674359293526,-527.116140198929,-350.021838600028,-468.927111240177,-473.844605246695,-191.303820471927,-323.01678593368,-70.0892575487614,-149.360841107333,-276.852350140152,-35.2602235315916,-165.963909284928,-11.1215069451811,-126.618559660422,65.3433062581646,-260.556672553184,-82.1300580379097,-165.022704909837,-270.077325974693,-23.1203388528873,-201.604701781442,-170.433773281071,-44.8064485449543,6.96427210196432,-92.2771890056994,-156.160984089313,-125.258108030994,-98.5126265288402,-140.484766989824,-102.572811195701,-152.058433492138,-143.261653776898,-187.870405924756,-177.372051373479,-208.878545128638,-244.696850509789,334.987568947214,-180.979213707258,285.776488878041,62.8745773300771,-532.022503751435,53.3007529725554,-271.581803581097,-4.38995571588991,80.0493123176181,-42.2293182701269,-241.506122096126,21.5530689604972,-13.8023927335175,-32.2447140266382,182.334438512168,-40.0745296915442,-78.5547487214519,-140.864936364465,-110.61272306544
-772.946440960399,-839.489420035032,14850.7936356692,-842.907321684572,-881.545547527928,-543.182994273399,-769.624835676625,-917.169089545243,-608.536022268967,-884.67185110753,-887.185151083949,-386.289088520216,-724.256873845368,-826.958423833547,26.591811777434,-121.793492722271,-152.838362892983,22.9900245136939,-222.8998144918,-54.5989391583621,-113.491283529072,-20.4641377589293,-101.159804660644,12.4114906476638,-178.571182180273,-87.2942888476379,-131.307506262174,-184.47880447178,-128.828513929925,-161.429800309053,-175.715208965206,-133.230416970676,-107.210391777873,-80.1031603094446,-155.921281351125,-160.867515775128,-163.779009144425,-211.756540370117,-99.6257059768941,-172.919023661728,-197.266052506067,-233.045573934019,-223.573452958866,-261.466816405598,-296.296314210358,169.249962756342,-502.097612757779,-18.1594622686924,-393.808360195274,-950.826160509091,-190.554616358448,-727.710467703228,-284.202677803352,-331.403896321727,-521.518232318651,-677.665344294672,-342.685949417251,-462.58359308275,-275.276134048484,-177.901796534537,-573.060163673696,-511.419899212691,-350.703239323646,-603.000800686899
-905.193728597721,-1013.21045333054,15516.7739443087,-1017.28172804858,-1066.87454987742,-627.168724580912,-911.006533697845,-1088.93010021917,-712.327100768007,-1052.71977704168,-1018.41880887114,-379.452783988557,-808.30174050773,-971.487621407201,180.906148727776,63.6547335334074,-327.30176234239,105.001386748994,-168.313165703856,-211.286050643636,-143.461337867846,-145.612279813178,-127.630914593552,-120.523195221716,-122.619376554429,-49.889867502197,-93.5138556200586,-66.4846350101935,-185.832946922622,-109.316831483836,-146.152782285363,-201.955179014283,-215.842233178703,-60.7658653308547,-125.964111207155,-168.86041141071,-213.046481519325,-245.667624647158,-82.0747651544454,-162.729826089653,-213.783669816775,-240.276574900843,-219.570988977594,-263.647631074145,-277.70934503307,168.45205382821,-544.399596860179,-194.736637084363,-605.54495725521,-1092.29545559853,-306.060246993472,-961.787429391115,-386.249649495332,-615.557811581304,-912.58633062649,-1056.36908397724,-549.351497377604,-971.256321209434,-378.576117309938,-421.320145034101,-966.407389118025,-914.251271990418,-431.014445706232,-1029.19528913549
-798.297831780763,-895.570886152692,16836.0096789812,-881.131181400834,-924.778840513315,-532.214064465696,-767.432662867049,-905.338145047892,-570.550682706553,-872.783042146975,-800.883279651503,-233.423518973804,-616.615592474666,-783.491002257247,300.957199569495,212.878510045979,-453.719056672528,128.434516133329,-164.735760402957,-374.290876169752,-247.817896832457,-318.444138590966,-223.7614901161,-331.823923105032,-135.025650922808,-98.6835248561449,-98.6564987073494,-33.4248745804135,-250.565359459205,-102.012577534743,-152.844563103543,-264.69815869785,-303.780665844107,-66.2599148985213,-117.367782838775,-184.754847825904,-246.59301345614,-246.990237437147,-83.0875247059735,-157.156619869169,-209.511999871606,-228.183744085344,-188.110856128808,-233.934391820147,-216.11455387481,303.939525798967,-383.405476874486,-156.901003064309,-526.692220054075,-1040.63050132914,-160.301276645057,-943.769855136105,-197.179090523768,-590.833476397823,-1023.27135920538,-1256.22419397999,-447.666110777644,-1331.07106110198,-257.810671096549,-420.860739269203,-1079.23882141233,-1181.63277229241,-330.582701450536,-1261.71770321499
-452.939074596267,-512.084888468283,17675.8617090275,-457.607410340855,-498.48800543308,-220.483376395297,-343.502677212213,-411.526508338314,-160.329088518686,-364.420134190248,-294.392357725159,89.8336991234096,-146.729813967846,-274.480368547043,472.142644174818,412.941172626916,-365.603111233995,248.085377661,-26.0404061050218,-331.979753019457,-196.857908725931,-365.690943985838,-237.946548573225,-456.878671429797,-128.081605215781,-159.754040221086,-117.33788604341,-43.8714160923944,-303.204768358882,-111.715344203762,-171.258186797703,-294.307789780513,-325.298202287403,-80.3169629626911,-124.271019994499,-190.230085950641,-239.960259637356,-206.610036261046,-87.8587254613713,-149.8777208977,-189.442470324729,-187.942625726395,-149.316980615453,-183.662767711402,-136.434198265079,439.075248281535,-163.806892283034,39.5169331531065,-283.417226759817,-877.830706898129,187.515338344897,-763.420863414242,194.409015078317,-277.059937876253,-840.806273356435,-1219.81683621905,-85.8295893485075,-1350.40834272921,39.5175756669021,-184.221807224928,-883.312619570547,-1181.53120664129,-72.0005815388764,-1170.5478397406
19.8920083454677,8.10507158224038,18009.1265168223,98.9161804562421,70.671517326697,183.052973102679,192.921554588145,207.539881501144,343.159804392183,269.423238588707,327.180023795468,451.567638624473,418.892481062799,370.868851690006,659.550392987692,667.420691852894,-117.597020921871,466.620719843767,322.491614024979,-117.890144958633,68.4326141191362,-291.151726869724,-106.933670287367,-374.872156176892,-100.904329167625,-101.447765037852,-150.406647513083,-33.2732964762201,-245.635586390961,-120.117402193309,-143.337758087599,-235.711810738251,-243.742401453508,-94.583560201418,-115.114672397416,-143.066759337363,-163.114078983249,-105.284322592139,-82.4912161233718,-117.498990255661,-128.410562561919,-90.9547163702605,-94.9696550050334,-104.589222117034,-25.8237666356739,490.966439751392,99.4787082732835,264.806537308129,38.1590633694601,-512.307607096105,521.827303055501,-372.897050841825,571.174557011874,157.726537940458,-341.522308120016,-789.132590539208,351.250217038799,-814.579593546471,381.382363278162,211.734364613694,-338.399168869572,-746.027526510301,263.209763635764,-611.562154246695
411.590069276879,452.954670086599,18680.4535940617,558.463072975428,563.286884752568,466.93912292687,601.015320694279,707.420640363023,682.833489396315,752.67191745738,834.066076850151,649.395005245638,808.920659259076,878.427536965824,733.245138454701,809.423399421448,117.245879084212,597.50192377705,634.88520399623,50.095025161933,301.277366199263,-213.978319941473,23.6271574895886,-187.967516482083,-103.221371738402,19.7943413423868,-191.493905406595,-7.70010656343635,-83.0189727412598,-120.556280198535,-71.6615335972556,-99.506686115636,-93.659898598435,-103.603424770092,-79.9591003497696,-51.6120718920706,-35.9490274856379,25.186934832609,-69.7109280516716,-58.4307402539145,-28.2527107730533,37.6669042366262,-26.3671182407085,-7.23508060986133,101.782359158599,458.991663179107,355.348038010946,392.441400898673,337.520601968659,13.8473585616735,663.018902047605,180.773228785369,757.516276046177,525.964349473745,350.960531175883,-54.6613800947169,662.650605964357,101.685668578298,605.80745791176,588.346724363775,397.86030357435,9.87138909763628,492.538608470749,234.604684035074
513.144970997056,582.361296366483,19286.2877539993,684.109260584557,713.043377332914,489.984672106885,677.538621584356,837.655530156939,691.144288295562,854.061584996721,966.163432431417,593.445788727196,819.858520908503,984.991150958803,632.595663276443,642.547696824215,262.350690374673,488.327275503879,585.703021722181,49.10685746558,250.304667466474,-167.037809983599,-31.0493470067833,-149.214617557702,-131.118989214449,0.362346581208643,-184.230980021286,-16.4472590386991,9.10343474063948,-102.44254548769,-31.8041422106073,-4.75899362682102,7.28890671019829,-90.9084524469731,-50.0110002927849,2.26061511467242,40.5721661383758,79.7457676835921,-58.7923614121173,-16.4844090671069,33.5929091839626,97.3429683277662,8.13513138031706,42.3638520842705,158.801740419724,375.716868551271,471.588020542485,380.159262070203,482.205123582141,435.728435673059,596.932021184113,605.495777736285,718.916181842174,683.806133220452,852.35928911202,554.746614875222,717.984025300925,806.290374325095,603.915989477854,710.437632447171,917.145183943553,658.078958545954,456.12487848247,863.439653447037
328.52986063313,367.676658756253,18761.888827115,451.657765049819,463.662746219968,301.724368164253,428.336539081676,556.319068774824,421.867413697648,564.533730222136,665.044890342218,370.77756072002,491.579632294328,657.824232732181,441.184350517695,215.161338891964,327.929009989765,213.92785017864,173.535977849821,-43.5535082241286,-50.195545868776,-122.812528618477,-251.690899092673,-356.124142287274,-155.160015883566,-212.008642183415,-115.895574493373,-73.6918257475734,-77.1411830615051,-79.0151106941001,-71.0812641533061,-38.1903802623059,-19.6620434975414,-59.7217711567938,-55.4366529561902,-34.1065736209869,0.278051482239139,8.82213460081202,-56.7348501115347,-29.6723671776824,3.02820525984121,42.8350869651016,-16.9446213081823,7.45999152057591,101.202376243884,275.169160057227,428.364840456753,282.322796061176,432.068884330842,577.566502717325,426.200734432766,675.965990278676,538.0794225882,593.634080532184,888.787339006639,765.175936327541,548.481250854511,953.252255966834,432.963228080509,544.57093260492,969.81932482547,896.746901809659,253.480834359965,992.872596106153
89.414729669645,69.548324201471,17799.5075785668,120.060662187138,87.1947540903876,100.659214345608,102.782838067186,140.618518044837,120.429481256346,159.385375220042,216.059876362943,164.670520847389,115.339983583877,199.826417923708,285.791684028198,-161.074554028803,340.790558261323,10.4414627492849,-241.706438616511,-56.7914917901476,-302.137457046356,-65.1637521526495,-377.934561759718,-565.272487625888,-134.047998336958,-371.278857517545,-35.6997103355244,-102.144824162516,-187.992049271465,-51.349011499528,-111.983398455956,-108.646279951394,-100.71941884979,-20.799107112766,-60.3839559046493,-82.7920618671416,-69.7762849049422,-86.8801360506481,-41.171943894894,-51.0548249718096,-46.1796110612144,-29.2989446298546,-36.2001195145364,-32.4786568967066,23.9005589788205,169.248265756151,341.675634602692,165.810323351389,270.266141675391,521.727881387366,264.089097288556,486.397763349709,342.63600289648,384.847750127487,609.582269250006,690.552085672156,345.656307390552,739.972029128223,273.580232348698,340.341923867122,714.451196721174,776.89233589753,150.227891790576,789.161270437569
-30.7835588446359,-89.3459000718351,17847.027317939,-76.4297732536729,-147.747504966072,14.296413646253,-83.981026347189,-123.349354055307,-35.7239276480527,-93.6666179809787,-79.2795881043007,63.4509470194,-79.5607081546439,-83.0228496160348,174.898139508467,-274.841513299876,321.88443676492,-2.63536367025061,-355.436282568166,56.3361976883486,-253.798619338813,2.97014570841246,-228.759979187868,-476.65059531718,-56.4460594775963,-256.608107003357,22.1495648853332,-39.2835107293877,-129.014651717294,-1.16153697838663,-61.7651236721536,-80.4873483390023,-121.315425266124,24.9636105592585,-16.7140354868874,-50.5133400428728,-59.2454490369934,-104.500633070105,7.00724722414962,-16.8459940511001,-25.5414253349646,-28.2155190138656,4.10697973803288,-4.95727952181334,19.0970419205415,18.5219611977204,223.132877173545,26.1117279892875,56.0474019813916,407.473058360171,145.830905955935,249.332988645407,197.12703607175,222.791282142767,324.611979450481,535.210171466001,244.897061317459,478.428101059561,206.40031399707,275.15482080997,429.592229632635,490.382408252183,205.809815253803,496.37790205393
-59.0072988104379,-130.081892780818,17669.2348408469,-138.802877347988,-219.149585282383,-5.55314473404692,-142.256591527348,-208.779856051896,-85.1334864027089,-180.568023200163,-185.53936470507,2.95278768960562,-126.261184002388,-171.963239683917,27.0117741318861,-211.766847213074,248.031541948943,73.9763642148477,-216.235174156085,139.129131892067,33.7282532430953,25.2417753481342,22.1553120087466,-121.235012775046,-13.611219897669,-6.43832286662218,35.3177025346654,31.846643795771,49.2838281703165,37.0506758293829,29.9983436713952,23.8292076377309,-73.1000262207951,55.8403708238198,39.9643817058771,23.2346047053761,5.34601320051093,-67.9011992650104,46.4208236890209,42.0675501692114,36.1592918709761,12.1645078641457,53.9393953259246,42.1601914783466,57.0583676708481,-189.309627211254,-23.1404112613679,-141.401808740674,-202.050828288567,288.049920460568,47.9084693801253,73.3350819025187,82.3715432523445,152.78270175396,174.220860094034,414.974015135055,204.857147433069,302.566632165831,167.404579782241,252.967112198487,242.503664309939,216.151141599358,249.55956611151,231.153943579634
-45.8846827427655,-112.85481889035,14132.9954238314,-132.418310929985,-178.965817129892,-27.4016838231792,-148.286023908369,-195.191054080277,-107.831626811968,-187.65784160118,-168.155031878319,-67.5942734744723,-122.056775805469,-168.804376653471,-147.58760253282,-121.046524179668,99.7798523436842,120.339491059289,-57.7242252838582,74.887673186598,298.971151266559,-54.8393708008252,107.00416833893,223.82277848588,-84.5752602671562,104.957137451223,-12.3085730414141,5.00822774814976,169.008572614142,15.0550326308639,63.2363022658227,102.736320595973,7.27713279813854,49.4898814749388,51.6367223807873,62.8042450178602,59.4511788188504,-17.5719129079185,42.8519202439097,69.8120203888448,80.6055688544692,45.1016989738501,66.5191831696456,63.8314964418983,96.7724683599714,-324.254728373817,-255.373764584714,-230.52806818274,-366.857680454257,258.836153398767,-1.88015132867184,52.6727397226648,10.0743121812664,158.051856048713,189.418327197267,433.392153554615,172.455227380689,289.298518515753,132.554912653658,184.907312325155,203.176536169291,136.253267690028,214.903467572132,122.460210547695
35.1562779818743,-12.9088053333732,7337.4598314624,-52.3959897631013,-40.2081144983272,-21.7542503453141,-100.759856210191,-105.16577520806,-84.332587007276,-133.539399494538,-60.9974701579387,-101.689667785393,-67.8843178846951,-119.780267812727,-244.801200219118,-42.4987370857674,-42.7869777410066,116.944649965776,-29.7665023051657,-23.8822765570891,353.052280478254,-164.160735190364,33.958722402587,335.520422678892,-181.157679825171,15.775519109947,-75.1070900988569,-78.7677611383947,152.862746190911,-31.1311777835043,34.5963415481295,121.54385720498,98.5057644346311,31.8027355026936,34.023279107533,70.4954707197349,101.752796824962,51.3390218050529,34.9845277630644,76.3995894999935,106.334617573274,80.7769616877449,73.6978548090643,88.3864249765584,144.190441448541,-242.215412586089,-181.974065486514,-155.74380927246,-267.738553305345,403.084776965204,32.91916402885,237.044979439802,19.5808137092927,202.183699435838,341.218836055625,587.422117549783,162.941323663808,435.728210565172,135.642263624501,134.249134304302,306.211727069404,290.480796513379,198.459938036994,238.738794775241
180.002103860565,155.614649292045,1977.94180994481,90.6548924419576,134.257361802424,48.0596429411485,7.46602286272056,32.1008991078058,3.45196717797363,-31.3308913181966,53.6729190487123,-70.7053506205184,28.0460995834817,-69.4385632054158,-240.993879239935,-3.82674892033251,-89.9009401433754,53.3902252166415,-126.715705783353,-36.2312868891234,172.266367113581,-177.406168502873,-43.1712958245542,163.086398248723,-186.222231765179,-168.753287986509,-88.6254840405853,-130.849209515632,18.9198618002279,-46.3482585864409,-18.8619978226232,79.5791428950485,141.598492726829,31.0858124916085,20.2958805483377,55.5090991974804,115.045612698821,100.338620075741,46.3144244335871,73.1932481358795,110.655203699563,106.057093760572,93.4769355081321,110.093638015283,172.160462491716,-6.11765656011053,112.989772117982,-10.2196345921762,-12.5744650032472,559.784530239452,80.8824435774382,440.162013227768,60.710036709029,195.276787148196,452.944556483423,675.41373125183,153.062102791382,551.790466738165,141.816751494337,129.697253215884,411.471239189551,474.158707655019,229.796958040999,423.812185351098
326.034058838143,322.221694288902,1829.15133632306,244.220032762956,270.620668224813,146.778607817984,138.958578918018,167.400653430895,100.264542645898,79.9632081374491,104.378617607702,-19.6624368053189,99.3467607745965,-41.7095812795372,-208.409586617492,-44.201427082033,-76.970114130441,-78.9144606109773,-229.156872159238,-33.8024213600356,-119.065972935269,-117.11625981721,-97.8972946012808,-134.298388619155,-144.774946742356,-327.771446497592,-63.1597712976312,-152.804909271381,-143.327405765137,-42.0847586514742,-76.0219755807328,2.08653703471822,101.867668429273,36.1987863496172,7.85686605214682,14.4742029721343,76.8220643577604,88.9133312295633,48.0256290962931,50.8842859637646,88.7357882181327,97.9256251139472,101.776735424495,95.2345482025376,154.583554795522,206.456530023926,287.146840839103,104.042677956782,164.215071801851,513.593068460558,84.2566936239483,442.471968617105,66.7996481786826,123.336077134382,379.638312122055,557.16514720807,121.173567299384,478.587108741958,110.730976358251,142.438395309413,389.594140507534,492.352327880528,253.140096803387,486.770418893396
406.62826649026,420.156068445365,5104.74022245317,347.459720265541,343.897064061308,197.437791807842,226.680286544789,264.12765044356,127.095308332891,155.984693420381,111.449458513779,-13.8806993146349,77.399459564418,-15.7891459125758,-195.5245227793,-163.357147641133,-95.5198541056146,-239.518238974795,-268.178189098368,-111.236940281397,-349.957748412187,-117.358341210792,-178.056800158058,-330.744146764268,-161.356821377894,-387.164560384318,-58.4745999627048,-179.225504224238,-216.094940543452,-51.5342204300766,-111.274962426102,-54.2819306298533,25.915326190518,28.3790754700883,-10.8510392720387,-29.1870900691106,17.8233742246653,40.6107377326387,27.9060890110238,19.7144662815201,54.238465914322,61.9220140646545,81.1308249027449,47.4252448736101,108.403253503806,323.531535108974,296.348130885195,214.119692893356,245.117199577796,325.292052246173,107.988795269259,299.549768827397,68.9505246098866,106.339786170808,218.245320273357,326.334406658716,126.087477361113,277.706705590627,75.2761209152043,178.447583472672,269.757709211057,341.557210099788,238.728864924182,401.149623055212
365.294378377259,387.625908544135,7415.27991126582,329.180539006271,319.040285918023,136.378436644891,193.718868888702,267.095344810335,30.8148114215888,128.318724472542,87.6437570575925,-103.630742818062,-80.3255127431565,-31.6893454761566,-218.485795278534,-377.74398129429,-161.464653421098,-404.48748421797,-360.593804970322,-223.623891191836,-469.240843165444,-212.583823540029,-264.876319093853,-416.228786706136,-232.876250162067,-383.696576689969,-95.7458773380142,-210.53511592622,-215.151336272023,-86.2647892897832,-135.127170548187,-105.184548465909,-73.7142200412075,-0.989706631030999,-47.0492682015682,-80.4039693127467,-60.7328584458123,-50.212976811474,-8.08687303875934,-29.5924513713836,-16.6637824236981,-28.3987194703943,12.5308966695701,-43.3924585488785,11.518715735666,383.041365305968,326.977704299545,316.980977007796,318.959578457294,194.573460917255,181.809532241319,201.993256878433,105.445678831326,192.293974152493,151.525666749039,135.836117763615,191.239219939167,105.313746154549,52.3122798665564,211.856202485507,151.71759527755,110.023004706008,160.499046339689,234.014896525554
201.277345644896,227.90335320108,7511.41173457238,170.893411954025,179.115540653584,-29.656436721842,28.6400279174781,140.750422863693,-173.032483804957,-39.6316578242575,-9.70074820786852,-294.064247183109,-348.38831449363,-178.272199335553,-323.092984794833,-734.799777969645,-238.837793224933,-609.86806720394,-657.509247865819,-310.679597474601,-589.672315011896,-316.226528195661,-345.81946348266,-587.96610747673,-315.43056475184,-455.818542181781,-151.058136731757,-265.205576192541,-298.355623905412,-154.273258478494,-213.218843184513,-246.898300836217,-258.431235437208,-55.8277563466054,-127.515787756692,-192.247788740054,-217.391688610368,-237.502144290479,-72.7784006237156,-135.079909477788,-169.569959313388,-211.495672920272,-120.018084465252,-207.023189251121,-178.956439752478,439.129994369999,390.315806692848,338.813386300528,359.470345887298,185.460319817664,234.786236593171,226.905598375939,152.821134787357,280.320918206767,235.679662266266,80.9372043010779,243.734156582234,90.4477306802969,29.487357701512,175.608042399079,123.639003078385,-52.0061436404218,6.67203454377867,99.2453847453313
1.75014035781113,42.6002188826507,7480.63301692242,-38.5555350026452,-5.3576288983461,-216.389352533193,-176.580096196772,-59.691067642682,-389.639258952342,-272.118210450835,-188.413490877399,-523.44489471407,-615.699030339509,-442.894001084891,-556.413006612073,-1209.76484807657,-325.787168980817,-883.495922634164,-1126.33682709096,-417.19650426564,-851.390964279568,-382.338571419359,-503.402540666166,-959.999348437741,-429.385409488251,-692.137683304207,-207.773494235868,-387.652464239278,-553.301174929041,-253.751130045168,-376.034150735591,-504.199944132556,-536.537410908773,-124.595471226818,-253.936739109347,-375.201937223975,-454.644078699274,-497.764394733735,-168.348830878968,-286.87130215141,-378.6453728549,-440.88586126393,-283.371750336194,-408.370158160118,-407.588155475452,515.166127571253,346.30867948006,305.690132786036,313.302880524821,228.31252401769,249.382220676733,327.127038923774,202.914638641786,304.13635771258,399.884307836079,197.812194589209,245.94895067521,281.532597531634,44.2761080764591,96.2663896753355,237.12925402891,39.7527280870928,-140.277842280835,138.10837233966
-122.332489522158,-62.6664931500638,8506.82799766599,-170.970241917162,-127.571508804886,-329.858353343741,-304.04593734267,-215.295952623576,-509.111790799924,-426.106959488828,-361.268758386544,-698.948186647709,-762.220347720881,-674.62142396863,-871.188377016392,-1667.85084506833,-412.957089393567,-1160.44917866341,-1566.82225811104,-563.990935173696,-1194.65467801926,-425.858515582861,-752.150575810781,-1343.08297150748,-571.836875356453,-955.499441192926,-247.672914244496,-533.973682602333,-840.40083045682,-332.954057508891,-535.390240945457,-744.220354243625,-781.174989570459,-166.667614563136,-356.768519819269,-533.571777858527,-652.473295491781,-693.014673607682,-239.267218105928,-399.153584809347,-534.009573435018,-594.392482509483,-394.32926407535,-540.274656380544,-541.595186530594,592.836269459288,178.429336016106,349.844660232071,246.051662303506,250.757252705568,300.873018119964,414.356456754599,286.574074477127,329.536761950048,538.71260589749,412.294136090955,267.20469180246,569.478444272469,139.697156610543,105.515849604787,438.998563344065,401.95015952257,-151.593035005162,370.695520537129
-142.444921109288,-72.7650635579663,9430.49621755253,-181.112369500486,-144.330568377675,-354.25673300966,-321.49095445687,-252.69821266205,-513.263094628117,-440.86348021533,-429.884762546456,-785.082476548734,-778.471221918068,-752.660561017981,-1154.58533813993,-2005.29198580684,-438.681737198683,-1329.82026532352,-1821.95904422413,-649.625952381426,-1358.83172805782,-433.505794251865,-923.536641750801,-1396.39557380476,-665.247810888359,-996.424814873573,-246.423236432002,-588.049726695237,-928.694277827482,-339.321350994574,-572.850909473743,-816.675040073433,-858.151879821116,-156.283868274776,-366.630285950762,-566.248006260425,-696.114647314047,-728.30186384036,-235.692571071201,-408.353882162706,-559.631292240253,-608.194103088334,-407.363654711674,-545.034816540953,-534.95253899555,632.157378394344,19.4370330407061,509.172155047405,257.817047255007,241.34315282533,409.553822010061,430.108880926922,386.859226897327,426.31672871389,601.943163007947,579.859751160976,362.11029355322,763.137944903825,257.726222714805,269.854286175977,591.92181816693,807.955903494922,-3.40236932416453,621.198176797918
-138.120145332601,-59.704729801094,9320.39950504271,-148.552337855579,-108.524974985308,-356.558169858816,-303.529472975907,-222.570110871068,-490.714166248593,-405.448698122915,-418.510540367324,-826.662165621852,-771.557169770316,-743.484914054937,-1351.72853700289,-2232.36134921607,-363.03658560219,-1355.80773867974,-1903.95620565443,-581.101962560124,-1188.49557129141,-360.956335609192,-862.317903870238,-1047.10283495889,-649.155180543552,-787.733624420029,-212.94098935918,-521.368682428706,-782.310794250131,-296.06447019901,-491.97802123164,-734.774416059542,-799.511071943116,-122.87186229533,-313.521931933191,-499.241232642168,-627.421229976199,-675.849396367204,-191.777552372267,-350.856639901215,-502.36047161824,-552.279838856901,-370.461019724616,-489.157483529574,-483.464563422367,601.629920295631,-32.818379937043,645.662384988191,328.950725184534,247.181178619223,480.526261228833,398.489256627176,420.958840811894,552.154760984325,629.770309703282,648.961886852064,468.364690839185,813.172834419118,284.821989541587,498.134226887828,630.592492492686,1023.30605107754,185.860921601237,705.269760566265
-209.937288331183,-113.085242181182,8882.45298774887,-189.925876179953,-120.141805669561,-397.894647168107,-342.219225548441,-249.069225094401,-526.823971945667,-449.169196829822,-462.150341823361,-870.451158266367,-829.444995203352,-812.750094566878,-1475.08340073548,-2358.5564601821,-230.019336011095,-1286.66391085692,-1890.56300020443,-394.762642884438,-809.949221361612,-176.950526868086,-608.644921820914,-580.74020072562,-516.386818083633,-541.88719914145,-173.358883243237,-403.42030076651,-593.966145735362,-253.064046315602,-396.685983806167,-633.751436225318,-750.693502549107,-108.080489531013,-274.018322777935,-437.22074358346,-579.393869634937,-666.131631467135,-168.466919964497,-302.745433044791,-464.46528953312,-536.593610558631,-359.268644708926,-475.095118239247,-493.486907880448,472.878254678599,-5.49299478135981,596.801484684649,352.621037672149,311.668870581893,410.440573735519,379.908588598737,322.727788401738,595.876233314025,660.925872375088,674.402485553552,462.674940180528,817.894360334167,173.910626494256,622.101967409979,600.303281186419,1008.67255029368,255.959032549528,619.22958482473
-373.955665988503,-256.248883620995,8844.64812283159,-332.578286308374,-228.760674199265,-484.259657281313,-459.597275833102,-387.836367952752,-630.477847285439,-602.549533593048,-643.557313810315,-930.187758905803,-944.822896742478,-1018.49542711245,-1550.69870460206,-2369.65180073394,-150.688741781137,-1222.0658352516,-1841.06149614976,-241.745641568337,-527.705658083947,75.3385355051089,-354.049329021045,-307.475994670413,-313.965299114209,-413.403869575516,-143.427622845357,-291.422535307456,-529.245449934273,-223.228813497437,-355.224418883322,-598.262743598107,-780.386366738013,-123.212145990313,-271.480171989457,-431.571481694664,-605.42219565244,-728.421359071134,-181.397004133351,-302.872061287823,-488.883315307147,-587.486022313967,-397.672938627373,-524.681320710345,-571.421376301427,232.400414078369,26.5984088005563,357.862854025863,289.634194164761,393.507440575304,193.142613240963,379.965975899808,98.2945041537317,487.470814099256,645.823932319917,658.759411560908,280.900215108435,795.509167386994,-33.3167310680392,541.587260156442,533.198658255944,839.228799853289,136.523133039626,470.972102749634
-532.029853085915,-404.93336177042,8852.62722392713,-481.608233110209,-368.498700925893,-584.047699942414,-593.879086658535,-555.792915851104,-758.171089544432,-783.719220901851,-887.310797932942,-1015.86090461756,-1072.92819998494,-1257.01333396695,-1611.8549647138,-2328.63889049585,-232.306894609478,-1287.66057338636,-1841.20039240151,-297.978660205083,-608.611499812014,249.87155977455,-296.319018754587,-345.6722067738,-133.569261806826,-385.853854085567,-127.306150259641,-184.260386203368,-539.657954594134,-185.072315724929,-329.636463012814,-575.123078082305,-801.753542141371,-142.442590628539,-263.294067244213,-432.825777899255,-625.576020704872,-774.322346187267,-199.78609154442,-323.340580647084,-516.77091759237,-627.207238877919,-436.59555351414,-562.231067360452,-636.253068189011,-43.5360699038021,36.9202856274359,86.945980909355,210.557713500636,391.832164820399,-71.9520613347775,361.84189188679,-169.965995421431,268.565709920281,532.438123201865,531.070026138873,0.46127491796151,658.812030469128,-244.402605341474,332.696189543464,433.88799085818,572.497500316431,-69.5416123136467,343.378432489293
-591.531089559633,-469.373611234734,8471.83779055224,-550.760593632276,-458.988149889016,-668.754176738905,-684.627420151927,-663.180487732365,-878.550613149315,-922.075594085128,-1078.56942235489,-1133.86942455617,-1204.40272675917,-1411.65649479883,-1665.02443137587,-2314.89914628468,-484.074609491992,-1495.13156585147,-1956.4472763591,-595.873605467205,-1028.84163203478,224.022052447704,-473.983101564661,-637.604772921247,-12.5352771382317,-384.282830013253,-96.8645881980095,-50.5884684834468,-455.192757298886,-94.3806114516326,-229.221771395859,-443.304910127895,-678.48779670124,-119.080485640362,-189.573277648714,-347.022693773032,-522.259271477237,-691.214858031882,-172.188385461456,-284.989815230765,-445.497715091235,-556.693161314075,-395.275444351623,-497.539468536219,-597.423885405264,-206.819483882451,26.7389326918308,-71.650718327608,168.88073233253,252.138071326611,-269.780906704962,297.166662177939,-374.821659219268,49.4976428730062,361.092011504294,300.070854497187,-226.884298389823,418.930565575534,-378.968490603855,161.30853864224,351.981537895474,268.651572530431,-193.990360645489,270.308980287045
-603.755049464724,-497.271297992944,7836.43360077,-595.370683433854,-550.243041787136,-750.467142919936,-769.168143753315,-763.941880841874,-1004.13151443189,-1054.00510301208,-1226.9139836467,-1251.03265779441,-1353.34502621496,-1492.12993873429,-1639.16553009944,-2263.98746222297,-782.017740514923,-1660.02352672277,-2076.76140026882,-932.555281198728,-1452.23160999295,42.4149727934192,-722.683061429161,-992.678617322473,80.1837796597597,-356.598188935847,-19.4730048689825,89.9875350718335,-219.326963970238,54.9874639050191,-50.1812677726154,-179.292192288911,-393.348770350596,-51.0034534747935,-51.2685616722761,-156.417787021429,-284.78089025188,-456.346779203817,-88.5078165441694,-159.306750539735,-255.949412193977,-368.290338616823,-259.850482055401,-329.894815292683,-443.039374602121,-193.727702609529,-27.2885457217001,-112.825474817857,129.294222007249,23.1655150588892,-355.882566253491,188.625661366344,-457.956304238453,-94.6870842885268,216.714555606603,112.923311836811,-326.774567061754,231.731928040536,-419.876138453765,80.5404957399254,328.187332063838,41.4309376752659,-201.045444213406,238.12047312864
-683.569420726103,-611.212099283514,6966.43574343091,-721.630471177071,-739.134195042271,-846.384073174564,-908.796219692666,-948.133235970308,-1131.4044856721,-1220.8888488222,-1389.10616610709,-1287.9334859302,-1475.19721671052,-1554.65584061105,-1455.66879258044,-1997.95055043734,-959.891953337583,-1588.83240809707,-1937.06347896539,-1064.658878662,-1559.17440384528,-165.092930924326,-849.192866894033,-1189.9790420761,111.488321856939,-307.042352185437,61.1419334169857,119.457954535502,16.6375095627734,161.967726261154,75.433029471034,73.458072230042,-81.9677092914342,-8.7614278032267,56.8056051258807,23.910377674965,-43.071448890628,-170.846609569186,-16.8627020662866,-33.9748182387306,-65.8659614742213,-165.75820472064,-124.818107153846,-159.382150259234,-262.544023246314,-123.980649229858,-188.159864125949,-145.782178820174,11.2786910933386,-237.774333423661,-372.450771267484,40.0693399799257,-448.063454509958,-190.029445019154,107.861298071096,55.8253355617072,-351.649011578838,165.975051550201,-411.350684221694,-16.4566393691471,268.742719488736,-63.4500316415914,-212.281399424256,145.86016107107
-822.866747070101,-815.267601609977,5677.30053169866,-900.316337931586,-973.700616714447,-904.15304647965,-1037.18966536796,-1137.87744316433,-1175.98172105476,-1318.08505869112,-1481.43836783567,-1177.38780959992,-1439.47301054478,-1516.94505229905,-1149.95412610146,-1443.14030630669,-939.939140129573,-1250.54155467583,-1411.49133752123,-927.485366001802,-1265.92803313757,-304.297346665291,-746.528896904457,-1051.02170583661,39.0957266171322,-235.148525508716,72.4433254553886,-16.0302460024592,109.43876342606,129.246537988937,66.3010774332523,177.897468642436,123.472279452621,-33.528280089104,60.6971943672859,89.5163632140871,90.0603844212509,52.2321747213954,-11.6225933808737,12.6314640663522,18.4580717719429,-36.5199058585882,-68.0686496764462,-66.1439153181497,-139.762986079051,-192.409011425191,-525.367317714125,-308.59532648789,-266.249870970922,-582.253637750871,-430.426342933891,-203.395130892446,-453.699484189682,-348.091968111872,-73.8445081941569,-30.487041156153,-423.559232972069,52.7612329598421,-438.214461592375,-258.636083135753,-4.49712510177893,-201.826806822811,-367.758975343309,-146.353556933638
-875.381851927846,-949.274475516528,4418.01455142281,-961.951210584115,-1063.06636583286,-821.984686344,-990.505921284412,-1126.52970531347,-1023.72523176001,-1162.97392502754,-1314.68938615821,-924.139910738096,-1134.0291279137,-1190.72250769727,-864.694487493493,-772.918898332887,-756.325375713606,-761.302502702971,-714.060063222879,-592.55166432169,-678.35755762864,-268.663370431938,-365.83066461238,-515.107907938098,3.56228268921161,-38.7508864931248,65.1634552229004,-113.164468105299,153.757320278522,55.2712403709959,55.9033047576124,203.233296772857,245.581398692063,-47.6269965855185,44.1719868946402,115.468381284314,167.589316558049,217.402714950284,-11.526326794162,48.570729683164,68.9351407066048,67.442091886223,-18.6498640577294,6.65863673199784,-34.3259464649975,-412.020415036462,-934.712098527194,-596.950262292491,-635.420213917829,-992.334887158154,-584.080499646508,-526.661850289972,-539.817473559026,-595.786597539389,-364.996835693753,-298.691602475053,-581.444469617032,-240.940699881256,-526.899608730765,-589.606633964399,-460.305548958154,-509.29340976996,-631.066962156572,-587.460178593238
-734.374040758004,-869.173948751991,4006.25718821958,-796.449161720044,-907.922094379495,-578.954184727425,-711.016504814268,-838.109256636359,-672.164898360177,-736.404479645829,-855.844183487482,-610.515441799301,-616.76472752804,-577.830156793743,-720.025670105489,-300.651574265237,-481.462207836731,-347.607333572219,-185.855174166576,-182.666034514161,-50.6808822272853,-16.7887254313468,192.913219965661,150.193127635859,172.350246019199,325.704539391382,164.468750918278,63.6410394181225,289.489910837845,125.764454351513,194.77302640335,286.001125898581,357.490690296072,40.9279420961809,135.171763179799,222.769449315369,276.357229628725,359.523780970401,70.7552159687885,164.771317404427,194.57605429287,208.294359569132,115.609599979408,142.104267422316,112.028752435077,-562.987894503445,-1111.52842308669,-786.504897711858,-820.093136325273,-1209.27179922599,-702.8438284225,-724.421235018966,-604.931343307387,-760.706999111206,-598.953712345931,-587.946522743521,-682.845229988427,-551.941031478186,-563.414907943779,-761.213036972563,-793.947073991579,-842.768287407593,-767.849562327762,-906.877102595265
-495.788551749678,-650.246737086842,4262.28798939016,-521.015253366943,-653.099192417713,-313.6303854371,-363.629284394861,-461.048606447124,-293.361965827882,-265.484081630408,-346.750399490612,-348.606923989885,-116.863822274325,12.5246635509419,-681.532868817672,-171.333048475247,-179.921204350183,-154.972965276583,77.0568629088879,168.887968693913,386.154169514924,246.916126075636,660.403189130493,536.374621168673,431.059167584149,678.227616997906,338.082203682685,394.798016672454,441.325035019341,301.991930649924,386.033850622822,371.960414628429,387.644020669797,174.302522872368,274.48286458684,337.777047938525,336.32721578809,379.89928289792,184.42947719619,279.291842374297,296.254539863561,274.626310833907,236.177293829097,242.562505920563,183.963351878437,-503.055667629466,-945.363361259317,-695.802528391304,-682.541557657575,-1069.92448511621,-624.909593469955,-678.675936747946,-518.213492622844,-694.25131306564,-654.399122365966,-693.02956016999,-599.847042987763,-703.534386640864,-451.907673077151,-667.796276763433,-858.637224497928,-1017.57648907884,-660.080304455617,-1005.78182859486
-341.475391745312,-482.834565030848,4136.63225585914,-328.348391244724,-486.420833177692,-164.215650548329,-140.195306089859,-210.076697903436,-44.0950513201125,41.6653250295315,-23.6778579284525,-165.462846730317,207.280965059831,321.158233492462,-588.02901779695,-169.306794959484,75.479288202018,-31.2922014765856,279.108260864574,407.654574976674,668.358570750515,266.350065661269,853.103503723715,652.466056796216,515.053570039624,832.172348256995,393.556672427996,546.120282766051,483.491570238148,353.90714891114,424.078363079151,330.71997375841,244.459575162271,198.92497305447,284.664960207671,302.736861745718,233.631353611256,189.554695215453,191.405785713172,243.702612036938,210.975361669109,136.1992859492,180.080145085306,148.660031063697,39.7238129741304,-344.507610088903,-684.729730143396,-424.908411537308,-440.251865237848,-779.593632236554,-383.394681369054,-550.78092143299,-316.561013202616,-476.433008433615,-616.392235545476,-678.950133391164,-409.195062537489,-757.10434082328,-275.700901549406,-486.966106789391,-826.409105492186,-1059.15235690544,-471.144817022099,-1055.00651628434
-265.171970256834,-375.07211711391,3428.87267273674,-199.506591019489,-352.089698814133,-60.3692529830274,5.38878326603857,-39.478921898296,143.469211803269,246.287954804103,174.148878056664,44.4593785854194,433.920715805815,454.020659001858,-328.903626811752,31.8776149905373,219.083037740704,228.704416039342,605.442031753173,547.993449642432,945.424621103382,94.8709320371335,815.581555697948,798.726789222745,374.069384226333,804.883916814491,247.841295776571,424.757961721778,434.367405643107,204.711893424811,290.047709593047,202.380471376658,43.23633357246,76.3032312045754,139.602281712433,140.529949910985,47.7601177986654,-66.81066802893,68.8255076475162,80.2242605460986,8.67223314860568,-93.6062465568447,-2.79891905106467,-69.7012133817823,-204.420777051697,-246.422540156125,-550.520441664882,-210.184317817541,-346.123281735064,-586.074567083236,-154.711475694203,-493.925619671383,-146.408341515136,-279.437237669415,-557.919667392634,-649.041373019748,-261.697639447126,-748.134910330346,-178.328048523324,-382.414002889955,-764.829382199323,-994.644480896406,-363.669261260543,-1051.27258296109
-149.715935670457,-220.940016427032,2973.42455807849,-24.7219860220734,-124.549626656597,111.150320281012,188.778766040809,172.352202542526,361.112912530379,455.097017909347,390.641044094188,330.551386866648,628.780145466665,598.910299040986,76.0617908483743,449.219080772433,251.354041717761,544.86458576294,969.092944919122,590.796842870481,1157.38930591319,1.62044244397642,690.73017566119,963.650264579644,191.635272896446,700.801786294422,30.5386792244158,225.962299048079,348.98752175701,8.64142823911557,130.147386940364,105.069779383488,-52.6449647772726,-79.6641556225646,-23.5211309200442,-0.817011886404837,-66.8740280536587,-190.143783718274,-71.7305584664863,-65.7641694654557,-123.604155938158,-212.283730181646,-133.472938933697,-204.298923082926,-321.535224735428,-267.957141809145,-558.214321492121,-204.9043423573,-454.973355847559,-521.72604911879,-98.3778250620545,-506.872179876766,-128.341155750689,-237.865087751507,-485.793296618072,-588.238734844932,-259.936663988645,-595.656759843787,-227.680859540408,-395.639530919799,-559.955542926259,-776.938013479765,-347.643632724225,-790.023926768191
-56.1905790311965,-95.5981956281037,2931.02946305287,90.8609792155255,61.9551334317088,233.056787517407,284.553882637254,297.227906327938,455.7052933619,511.971622577674,503.069389924023,547.411758534573,614.494310048262,624.347044077586,541.108578633479,803.306427272119,228.426819566478,714.099336815266,1147.63125517229,533.945601457026,1113.8301083238,81.1268964320914,574.8047245561,895.530925990255,105.679163296987,574.867409911418,-108.03776941559,122.744675331758,240.679408854313,-92.5271488306026,44.8022979328038,52.9671578219781,-63.3227453115326,-162.813562687465,-105.936904593807,-61.0099963467863,-95.5062493191068,-192.843870404033,-143.942418441144,-127.135555187349,-154.115578155652,-211.398179833475,-164.159929932202,-209.596314317644,-297.819027554684,-416.027824901095,-714.075057112855,-419.01884726379,-733.679442721208,-579.777673006551,-261.815985926707,-620.756327266158,-295.423578067837,-431.998481213862,-505.099232536827,-584.738936545601,-458.744481623338,-402.85126107175,-416.628642984855,-591.195614869916,-321.515222941987,-538.621236695067,-429.235063320971,-364.163272495248
-117.292760344911,-141.437138749545,2489.49799253154,-11.1281977654605,9.22466108851001,148.367549988136,129.392787849523,152.762707093312,279.412656188812,239.819830467921,304.072327126477,573.651743611029,279.949137403207,298.464813983423,966.306442337921,930.917096605228,189.233699222357,700.691256750515,1080.49653147812,396.219033198227,798.983152360174,181.734733814013,458.690454409945,597.420555573723,71.1005453122893,455.236867777583,-142.079562692177,114.770515655704,158.717032121875,-97.9410256320502,34.6941355310285,28.7224821121353,-56.2277842576167,-160.644067561401,-108.444498300588,-63.3329623704401,-92.3053381157885,-174.45651755257,-145.668524661871,-125.86713422849,-143.264446202147,-183.492343152154,-151.247083862677,-174.537552827738,-251.890471201824,-614.982614824743,-981.317921297698,-702.881611423236,-1069.09121436639,-773.274822227731,-508.911645674814,-867.073078483025,-520.562716916753,-762.717264894734,-705.488725601777,-794.857005173632,-748.857797003598,-428.685894152567,-630.087650792656,-938.75987720604,-354.116269186152,-528.83800960142,-589.988231484531,-163.214676716412
-267.618049946773,-296.50000768667,1497.35991442735,-234.016944339052,-204.383894066967,-38.155287008648,-143.642628590884,-148.339933041286,9.73408964435635,-182.894720916697,-104.000739112297,517.208293496569,-103.327698471116,-232.81565078259,1274.12039803875,992.569448335038,148.398850307748,627.460995023616,961.247969629418,227.066208481912,422.087739714031,166.157314132307,289.866011349863,335.52307146346,-1.37049425893566,353.495490968558,-123.300220919825,112.002014455606,162.259470928326,-75.4970009721909,57.4802270645726,60.7688465651426,0.742489943223607,-117.770193069557,-72.1089576567203,-27.5121732213579,-52.6376177050643,-131.01356658584,-112.947631841485,-90.8434580339533,-97.0899070388464,-137.160966441895,-114.11449848364,-130.543631130753,-205.438047310981,-703.390800440071,-1131.77702154207,-833.799103335463,-1226.00005931152,-960.970346267244,-607.734023751004,-1087.00039494794,-578.206538691305,-950.106897345884,-944.189414748494,-1108.7961199773,-856.18970908477,-694.571672368255,-673.823237336925,-1180.49714666958,-684.608335964338,-742.205050578378,-682.030661636134,-341.702210000745
-325.654006928911,-386.244742142058,817.63321518989,-351.360511762814,-354.154914171845,-102.348223377077,-269.49639648066,-334.918908687656,-66.3389462444864,-396.165244040497,-390.614743029011,561.380666915179,-172.429060903332,-527.107154139367,1466.07313561667,1223.48084735345,132.322272623471,635.474705095633,1035.09501798057,113.435106332819,190.902223139286,43.9414724630961,90.3725423294121,269.912253569836,-112.617593527691,225.41776532621,-118.858403702609,30.9971051034633,191.420521089797,-93.2450132513351,42.8308293839413,119.055544993705,111.659456853133,-99.5534124324005,-60.2160653347949,2.02780834285708,17.4428700720806,-37.8671229905003,-98.9851502440167,-63.6278473537928,-34.2157741755338,-64.0033463122607,-65.5931099312471,-71.7455329360801,-133.06459319579,-621.000044857765,-975.997858818616,-745.808111323627,-1068.84333260858,-922.778407708555,-489.089880068112,-1058.11509945074,-398.188846130036,-833.560017428872,-975.000202214579,-1180.64292306218,-649.748285349026,-891.119727419256,-464.687962371702,-1074.05607806855,-945.478580102453,-872.145151944807,-548.944050574284,-611.4080820391
-182.326019989333,-296.277803911107,745.380101889094,-245.163299152303,-310.784624772178,43.1651426767743,-141.653935346292,-272.170166755207,121.569642521427,-249.53618480821,-356.115743554187,756.53525305351,122.316525720882,-332.400476269169,1589.28216541485,1622.02899003039,138.917230165645,739.947091928565,1333.97193952452,76.1864145292623,97.3722004643188,-122.993975289893,-90.5742512618255,303.264478301809,-237.09896337867,20.695651910201,-187.151942255745,-155.075577881,116.603645714783,-184.816986912995,-64.9118474992745,103.793998973298,201.245939091922,-151.847794385299,-122.311187492456,-31.6069478198092,57.9364673247741,75.820092932578,-141.773414257881,-88.4811309267506,-12.0275077632931,2.58934384077511,-42.6090701632117,-23.0794375978621,-52.8968535831904,-495.804585847374,-662.855959660206,-594.632700633445,-762.563943228739,-674.757074672202,-310.756083580993,-802.369947266207,-140.917165844277,-546.325759532184,-757.677122195493,-892.51780172492,-291.501319178768,-764.596586981577,-109.950402796821,-641.806796853792,-806.388086230272,-689.593811720977,-179.885286489531,-589.710701669932
158.005484261219,1.31560702869376,539.036355136035,71.0089176447932,-54.6218736924479,349.491950564449,188.950373048937,14.6355179805021,470.843187601022,150.756693874083,-39.6714456675379,1035.34727566119,586.918176819987,221.454494015846,1655.72646659154,2011.46521945033,131.81990181679,821.121611261913,1679.90510622099,35.6906235684853,2.40570255887732,-265.966482073973,-251.276019530202,275.105466010882,-357.830277549644,-206.998269343454,-307.566721283561,-362.799288405275,-63.5530588310474,-304.318019579529,-215.042360492515,4.56979156992158,243.290722559342,-241.086828493693,-219.018112737957,-102.14903403506,58.6615154800306,197.316173951592,-209.216143941929,-142.689082605212,-17.6210790677043,70.3956532774182,-35.5445056687673,17.8708275715783,39.4651248925242,-437.473810598521,-464.376033819573,-504.318202098277,-548.956778681848,-447.317751563567,-200.60759511181,-553.633423259584,43.0663410945466,-292.304957179892,-483.842441156804,-517.356752408544,14.8587104969917,-436.195065799884,237.681240681005,-96.147046267972,-359.270029309713,-329.005999304912,294.161442225051,-243.63992071552
537.663671968761,378.091940817903,-65.76065392829,444.628098879147,299.154055832836,684.038922757907,566.728038619938,385.576646897847,836.702404480552,592.838982172652,382.733715603559,1306.22610378745,1031.44354671502,826.134294127063,1702.17755070946,2309.01638838605,171.716652338335,876.199763707148,1914.51697142094,23.6643282287886,-37.3314349675392,-275.246756174217,-306.975621542204,213.831553820895,-372.808831514051,-297.998896605623,-353.56666765509,-420.062229720815,-194.486993773909,-339.244729353733,-270.05023193188,-68.9488741221043,262.091231204718,-270.742108408136,-245.285305249751,-119.175801381078,72.8445322802643,312.489081471242,-220.263176712541,-147.739532860446,14.0227377536707,163.357862369315,1.43680659047892,83.9843993989519,161.042290261599,-399.566389633963,-388.15785483166,-414.511414407526,-433.030062573499,-344.549325990596,-115.99531759544,-433.906305796942,147.292945290705,-122.992863218951,-317.589679488097,-330.728920669549,208.322631624764,-218.426927614427,474.576510256564,325.652403649655,15.6582960549026,-119.529039812023,667.051713980306,82.5276326959915
710.526204253009,577.955406258343,-386.95170253592,634.919499071806,513.208855766161,857.589114581902,773.620103283991,625.083434065865,1049.13158269517,869.544162384524,707.975069724869,1476.94716957776,1320.89670378909,1248.88030674412,1814.92019701534,2532.97058680416,403.909177374648,1078.95898271667,2024.99221971182,215.12958264752,218.328865742991,-95.2747044755087,-103.64008138645,295.750772921948,-180.007696605135,-151.78249961639,-246.008102996526,-252.030829456183,-157.017434063365,-237.822976292109,-173.196317367714,-46.2580525980296,243.605586904305,-205.323484597648,-169.056427870024,-57.3636163799311,104.844535915043,346.346440177812,-154.773794316626,-82.349712592267,71.0178460108285,223.097568104281,54.5876968549962,148.287304165443,248.898101451135,-342.307688253152,-263.982836976316,-272.975810142923,-278.832029361558,-295.552067506207,-25.7111015506295,-373.052575738917,171.433988123414,-19.2378132389711,-267.554269396464,-349.910757989334,272.116551693059,-260.941061989707,522.353951802328,450.07880235908,53.7986771181678,-239.84980698865,762.140657374861,61.4348718647765
598.87670154825,479.388670102568,-610.421043691087,544.648418339565,455.785505546656,776.792507139183,713.59421687081,616.299940985235,1013.79960231805,898.575980267881,829.926505876349,1471.61558065506,1373.84497627435,1429.24348914022,1937.96453621736,2609.41371786751,795.457380452046,1404.44634928759,2036.44645958182,577.78957273132,711.11850080952,149.629241792291,268.595475616311,521.484931186726,99.4673356740834,108.126169048373,-87.2190939066653,-8.15949399404118,-17.0934330439183,-97.5539965901826,-33.5953029856237,17.5197554170643,174.329510344366,-127.111632343206,-80.4293757357677,8.47329643497178,101.221863955906,252.380167261634,-89.9089743895637,-21.7734272570274,78.4518463453422,180.113787566965,63.0400320206956,142.865514414547,220.971295799647,-312.057175726083,-12.873119250562,-136.273894801127,-33.8470244748651,-224.373053396335,11.6284895121003,-270.303030591534,87.6577918015925,22.8721735376191,-250.795134548539,-438.254510444124,204.44325000552,-445.521255397455,384.036722712556,286.814670784448,-172.822202415756,-575.316277092244,581.654840566902,-277.645306101569
397.711314062749,256.577770263798,-2501.53454452032,345.714738479179,279.286181614913,569.070502771691,529.758003860785,482.876469672567,827.839271585627,789.991156988076,835.705961472141,1292.54749902208,1231.17845722708,1432.9995477194,1830.46485574701,2409.48499060229,1061.0789547193,1509.42859878336,1882.21129510216,772.089780890447,993.572517609244,269.73210951528,473.49937783211,632.28062622734,229.914022176284,238.340144232746,-20.4888122271271,118.480542417895,60.5145367419793,-39.5102730930833,22.1161655826239,41.0432183789245,103.500863349849,-110.170201540199,-56.8346641123918,14.8695726473005,58.4354807540378,117.500371618029,-82.7941554745585,-21.6047573563443,33.6300081801132,86.8522348539374,31.7515124650329,84.9194622803001,124.562510184651,-284.996798349897,349.441660477768,-17.6838509690585,273.980278175979,-45.2510346687263,5.6877838607265,-55.2127119543131,-29.0807207853838,56.6185704089317,-144.630656058389,-398.694490626308,103.207823496174,-498.240493383457,198.879856352265,66.0636714565691,-339.084645915969,-782.720176454594,330.86780210906,-569.06857061637
360.366444535417,209.810262230467,-6819.91353385753,302.086584376548,278.456718304536,447.311208070014,451.111417798218,471.469878298053,680.321474174402,734.323097615226,923.036072581333,1032.64078589571,1049.44699312236,1374.98563131926,1370.39571280928,1976.19485706304,973.283061459483,1187.78141113527,1521.12999799974,579.72963910094,815.964736687208,217.106299815626,365.36132257457,458.378552077657,173.651175781676,156.574492179145,-41.6255515247356,116.329943127678,16.583977923916,-49.4210583028693,4.82109837282773,26.7700872191102,88.5233042887342,-115.75032073615,-63.4251682598712,-6.13290485017414,41.2055276182171,82.4141801141027,-92.4308369187328,-33.5796984005988,23.8989523019892,68.8498704254111,39.8396067993627,79.5880103692138,105.897256452727,-182.335936294596,723.449641120998,104.490143536047,545.065241438135,263.12375983066,20.6251373279627,241.963529755795,-67.1142623590495,118.906918736332,78.4507061926789,-131.985581128662,69.2851885233109,-267.672083476503,104.587619983128,1.69275257356916,-201.743714908616,-573.188184273108,217.914655603563,-462.497343034227
539.281558391469,444.36832206913,-11190.3571960071,496.6271062147,554.114868302192,482.041282877538,560.483337490224,679.503213363294,661.5027863086,819.247380421348,1155.07378198228,796.178122195698,967.412434092992,1350.07288483154,761.146382926386,1532.51963755577,626.530633071347,674.831994133719,1099.89378875006,194.309112211252,425.908907669744,79.9977606398994,136.101210567284,134.116661546195,70.2785078071035,-11.9524572683036,-67.7748884669922,81.7830576771076,-67.2331555134174,-48.4349719697745,-11.4865525446645,20.1506474231394,118.102077597809,-87.1678597672889,-43.0927230824895,0.622401482318326,77.6793931457822,168.913566477461,-68.4691301490633,-1.28802226987234,87.120254123894,154.512214950873,112.100801838256,162.444235032941,210.664661327424,-59.8234041878406,890.196496734557,149.199801130808,601.813747592109,477.581037646655,9.78644400380402,394.756009462044,-68.03683963783,107.510404950965,210.317035130257,133.391542843246,44.187606998175,34.5175611245565,75.7681462547188,46.0774988130362,97.0730257107625,-71.8803408523292,237.560693654116,-23.1153327710401
755.281492102798,754.250192166976,-12471.022522611,758.223015088096,883.60540367383,565.254977797744,739.438400058663,946.141391842108,707.72645453808,965.731849360865,1359.04122802855,615.815572475302,977.047005944596,1356.22002943667,300.564074947633,1234.65434090654,292.798135322283,335.67356064714,798.766914593164,-62.6571375721068,160.624403604809,-59.330111595539,-7.9787083800463,-107.863233406284,-2.69157083689521,-134.891765185899,-87.1799460488275,45.1955240668476,-111.634898752227,-39.1997046389254,-20.6517591036285,20.2902352029804,131.829680600072,-57.9396776403111,-18.9787935642442,19.3198615987438,113.148885032664,256.807357187558,-42.5348572062114,34.9669186541334,143.607407084615,236.047370806929,168.110717187493,235.684229714353,317.025830213851,-43.9191907079673,740.121690682596,54.0073834066148,398.245604884647,365.043832422232,-101.687942998945,212.845753145961,-150.648415000783,-62.9391805098394,33.9515632669358,66.9160064342584,-81.4281436726945,64.7435295132145,-7.21607910256033,14.9936914745908,199.553515923703,284.846512754858,218.519320542508,324.374371089694
815.52079807151,879.059373414442,-10664.4478636655,870.559309629115,998.415614654251,559.947288912139,818.416337132069,1052.61539039219,695.673751535684,1028.29557247667,1345.00673244838,449.833922612043,945.231704528619,1301.00996897254,58.2651450107937,1049.85447886006,116.682615560158,255.823307710716,638.273724131148,-112.557068102722,101.390325059018,-165.207254714173,-41.4505957010669,-145.212630961359,-50.3879819928112,-158.345824961813,-117.719690699234,2.53927175205066,-94.9099214424871,-52.5752867177559,-35.4836634315244,17.918931179978,114.622324470849,-69.2111192212502,-26.7043757225623,18.677649306182,106.468845566472,253.186355759661,-56.8140452785696,22.1398416402271,125.196721145113,227.752866898126,148.033323875118,218.143644391201,313.49274830079,-106.845993931925,486.203319530013,-53.9011230528648,156.509782746924,81.1231964054383,-229.241100366263,-127.49430978152,-286.365605543813,-260.915231723817,-319.382948040799,-251.335986867607,-249.559277559342,-179.974848905279,-164.67022808311,-118.535965545396,6.62423745573147,274.977303402359,74.7273841941487,305.044883638736
706.937821028278,785.301625704084,-8607.98616274612,787.536391966482,878.764191809182,435.964883538984,736.721114907065,953.985714856726,564.208674880219,931.610168935104,1122.49059350795,255.685274102184,772.761312248049,1114.22973315885,-79.3846087292653,875.287577662668,63.5054877463361,264.838919490002,550.254403558359,-76.0979075856183,159.624706558039,-210.552910939116,-18.4261118245491,8.96457975428696,-62.9513246013348,-74.0073613444085,-126.133358418126,-12.3650460422347,-15.5526814305263,-55.2091013625559,-22.7381049273095,39.9868763277695,105.273898634711,-81.8264963386886,-34.6762714874675,17.1321223494609,85.2668512492747,186.739522616389,-75.5463887244424,-6.01883017290081,71.241689154879,160.026038411513,89.987001224223,145.338960561707,224.72715667542,-116.942262328738,384.969067223487,-47.0341951568964,76.2205673655216,-44.5641699993258,-246.457544293147,-288.404091446389,-342.731456189586,-310.573343105552,-514.071849025901,-429.07457887134,-313.356842724228,-397.220207599444,-291.617103392206,-232.191419899688,-245.09705272648,54.6679143522945,-107.424502434043,44.0243894372082
520.40204116666,591.32227814715,-8090.54413241291,584.037031855216,659.970715554491,249.312907548526,530.047866835242,727.409077543723,334.747164731795,685.311385498954,802.409656512227,42.1842468684883,478.479175080066,793.218160367377,-178.650651067592,633.922602489771,54.3141265298408,200.868294793429,444.427132451769,-49.5397384524818,196.759895289922,-193.430843566976,0.677312427492689,186.31373825817,-54.5188475951493,37.9367495760013,-108.617464509268,-13.3165882698796,68.0103495314142,-42.6249278274356,4.26892337186333,58.3690529701107,79.2491789688169,-76.2276681756329,-33.389265510377,6.42497901807682,46.6691217627384,84.7920115164228,-73.2822010020688,-25.3821061647668,19.1926198093613,68.249307947903,26.6318420275831,59.2417502603992,101.138647526693,-63.4459596206074,392.560988228327,-19.9739217679874,63.5322873203237,16.2204977935227,-205.104949632632,-222.789301965484,-303.837186854223,-256.912252858166,-454.110006157187,-339.031603917827,-275.837755472322,-415.064361405285,-312.284592165973,-284.181469526166,-345.940339647678,-147.339280941516,-238.353531806976,-191.185553973035
307.480247591469,374.606459399124,-8191.24103110187,323.749463927516,416.741763578965,55.2806821226902,252.504151349796,424.103409609626,69.1697003315016,338.594423361738,437.230991428169,-138.238915498401,147.058691527384,376.947844461825,-211.480426683526,312.291942129503,56.1834835803987,61.9819114669644,233.964148329561,-33.5035003893461,108.616976436855,-131.028831381835,-12.0955708643046,179.766194351047,-57.5023690488249,53.1021327121885,-106.752116376455,-58.2210270382697,63.3939843289105,-65.6070722638088,-21.3006182751826,-1.20445094077581,-33.5084077354718,-92.428586245361,-66.4130160942915,-54.0481980571654,-52.9436946431223,-71.9495047427611,-88.7806410607242,-74.6846272581962,-59.599635090428,-57.5722049371493,-57.4163155377319,-48.3437752105096,-52.2281129663935,-31.1216722715505,345.098999668671,-89.197809815615,-20.2899477753026,110.402412779059,-219.497079814589,-101.659411792196,-257.216954110326,-246.379537531164,-302.862634939774,-155.33577087803,-247.987382072002,-284.649612477217,-250.391379645436,-325.131763304917,-288.96893419685,-187.899309202774,-312.65769029719,-241.917942283734
87.7550366214733,158.334696563004,-7597.8575104402,54.4668467322965,166.195540531644,-118.98422516104,-32.1475456882688,91.2703883226543,-163.984916468282,-16.4751539872538,67.8975165975709,-247.908521784448,-132.345392228784,-31.8739727686016,-186.487080055187,-1.38124896410369,61.8733805390224,-61.6867104118268,-33.756880143091,-8.9309218686208,-57.2521813914333,-39.6809018218453,-19.7582979380011,1.559917809008,-37.7725155650527,-31.2735852799331,-99.953364134232,-110.272609124049,-18.3665922616735,-100.821647909047,-82.6416914215226,-109.673437567341,-189.504015209826,-116.850172028476,-114.607844567703,-131.47288539188,-173.289976060903,-228.636544076435,-119.904369740767,-141.114853972462,-159.231917688895,-184.07140201329,-142.224156330244,-153.057559910799,-192.05068301511,-34.1763164607503,236.00789674683,-168.716642640186,-102.215952000134,206.339648860629,-262.607202391237,-0.707439450571539,-236.079757170143,-290.680234822228,-194.707776565173,22.9552651780231,-259.140266947998,-100.098167132647,-170.066669410691,-355.565699205056,-166.643972883824,-12.5758100693322,-336.474379620713,-112.201110286292
-96.1841476412187,-26.7295944136412,-6632.33739994471,-158.044664466381,-43.9852135496129,-250.92892640304,-242.695642187098,-167.013917292174,-315.301532394834,-255.207595800284,-199.427734253199,-307.14016699393,-291.60706773944,-272.474361848332,-208.456930640007,-183.454523927578,17.4546944591483,-135.285923172486,-176.232507560369,-20.419246690291,-156.460180100368,5.01561358555658,-11.522617562526,-120.500500248585,17.287601126284,-90.70495200799,-57.1652514497267,-88.2633207997125,-57.722610872885,-82.7804434109665,-92.4018995930561,-147.027489562293,-244.675263434489,-99.2738901944987,-112.841218773789,-146.32182872049,-205.898525990394,-267.028558072883,-118.443617629912,-154.963998568916,-205.860005173489,-228.578563833103,-175.030771341761,-191.571917702409,-233.764931996015,-40.1848284574302,111.803421645118,-146.172155284619,-108.187010878757,264.550128292294,-259.995796720863,49.0570014383916,-220.621775550232,-317.628633859707,-168.165346583578,161.718794412031,-265.647705266354,22.1054878372383,-125.456803544576,-333.134995589483,-93.5417428386144,248.350789206406,-303.294649211493,40.0776677018546
-178.306331753426,-125.278142376789,-6153.42928977516,-249.253232098156,-148.791887005373,-294.292321411456,-313.08563502665,-259.56118552583,-350.233120616382,-303.127251269004,-273.064517305835,-327.20580783074,-302.420107716909,-259.754476678969,-319.153146178258,-180.246130340896,-123.430812087022,-166.446801397886,-95.1353282381682,-116.145235795242,-117.709454038688,-92.2627446936286,-40.1950141857012,-41.5377094400845,11.9937316712605,-48.0070266626029,-38.0181714174961,-30.0497207695796,19.8224167336307,-42.4060891035396,-34.8583384708167,-59.5125658376403,-125.192148785126,-62.9922576495727,-70.1052950954104,-83.7618739003039,-112.177289686017,-146.809535860659,-89.0901125443144,-104.912751147721,-148.985962573822,-146.136559924312,-138.924241516818,-134.468405451956,-144.45415089567,-48.6772801163346,-30.669604321289,-66.8806064012739,-111.416018770921,187.504699802276,-217.666873162742,-8.44333853939444,-190.177067689038,-282.512114266172,-198.231575098726,184.186329174098,-223.949678448937,12.7129692478125,-112.646259042785,-227.894086217612,-109.41341405849,388.284626249269,-200.236166666471,71.8469434486998
-150.512303426054,-126.919590159063,-5979.43277076674,-230.268781764483,-160.269105248615,-230.269656312382,-264.555068753411,-229.64403833751,-277.440305491234,-225.458481525332,-207.302038879559,-275.067651098339,-214.840798792387,-112.011599848478,-401.76050178218,-42.3772131747864,-285.666444480338,-138.812129508404,91.3825127718277,-243.525736863157,7.67163571853191,-289.368296165456,-119.50938540186,124.797608165395,-103.7687115815,4.94936271240408,-91.0308451094716,-47.7626925480956,121.889188069678,-59.4908455474981,7.52422887763528,71.296211723797,81.8872221133491,-66.753065611152,-51.8815813250395,-10.0709924159216,29.876746635277,48.1552292448816,-79.8944851334428,-51.0003956717157,-34.4687915551269,11.7794300618195,-68.0151291185215,-21.7928041874545,18.8816863834237,-52.3979722695778,-135.196792756107,-12.8056020097022,-139.649895603731,48.4297428353142,-154.815386444515,-108.689878763226,-119.552506987237,-161.498678375169,-186.091057222709,125.001682434547,-108.861950798244,-26.9506788324157,-68.9734855488896,-38.5668580470546,-123.851758432381,377.962509998373,-31.8784426950321,15.724314877621
-119.203044921899,-131.541229995604,-5514.9483819411,-211.663481937147,-186.796141282992,-138.691615575133,-214.594335350066,-227.079680048729,-191.241235733535,-180.722628586595,-168.17660330288,-168.806212466949,-149.067539167882,-45.4117754927737,-362.629116979698,101.006434767899,-333.552220380764,-69.8910608536854,185.391802508491,-295.92438686582,117.356018212586,-416.746870453205,-195.814906083002,178.875178187097,-217.965800928962,-74.6789411763991,-145.32371351266,-157.534437020242,83.5702214069513,-122.412314466852,-35.3691143755851,114.551770452368,208.842046568245,-101.791876173111,-77.9957288390286,2.10845383299651,107.278471032156,183.518263730545,-100.163985571981,-41.0208104846062,33.9884924571278,124.646828305671,-20.3782056885361,64.1885936400937,148.785801849355,-24.6593471764901,-111.695964308379,16.1449953685696,-122.162867568706,19.6476533076543,-72.5496744375838,-131.489212234636,-25.1089420267093,0.389568949043593,-101.671074619957,77.9176180491896,26.3414600948091,-14.4064233608805,15.5484299081071,143.436712369449,-90.3634378081299,281.751559182518,110.08902193066,-54.2355545743683
-197.582701353703,-246.961501571037,-4932.53002178321,-293.224689313715,-312.504275386118,-127.979281911655,-261.662443581064,-337.758845697033,-191.608835635362,-258.644215274841,-256.130907174437,-97.5425015094506,-183.738342315585,-145.914764016903,-257.973917762217,136.332428919672,-228.92248257321,-28.8643725846316,113.219345790514,-235.866249910462,136.920342770662,-374.614444878924,-230.587996354324,93.2341695368175,-223.183234135396,-258.627419839702,-124.337029200048,-275.238271598797,-101.892483815037,-159.140753662327,-139.991046945812,27.0379960938793,163.625107976663,-122.702532067164,-121.850757592454,-59.9472561195682,69.5308015424825,166.400164917439,-122.494372196367,-75.1783464170563,6.0596356159997,109.284066138588,-32.7270836976477,68.4944392010713,163.949545511648,17.4432122646088,6.37146770978909,30.2070092316677,-60.2087858660984,85.8688623104136,-20.616308757005,-105.18909005764,12.4595464657494,69.3762329385815,-73.423875274658,-8.46026362272551,62.5494307608342,-64.3046783614518,53.3104204039687,171.925489204426,-106.057925966956,77.3353012816573,101.197864613891,-152.557415681825
-345.481919611665,-422.243683804577,-4688.60592637635,-427.061133715161,-482.210661219912,-185.987412100903,-358.693266156766,-481.947522367084,-242.846086240148,-375.747384435538,-396.930704787523,-82.1295669667689,-248.358624288529,-299.677167059604,-160.26037051278,87.6038284196421,-67.6326914817848,-27.2008277038274,-38.0184997056067,-126.613073179635,74.8042378493631,-241.879992176384,-230.01310077527,16.0386743610838,-191.740738214015,-367.421936071189,-79.0667320937878,-349.96221621716,-252.899313693513,-170.760308905191,-230.007280845197,-105.695385856462,-0.852106728690906,-132.282142421494,-169.263147445621,-147.728394699295,-42.5382985190146,11.9213484428137,-140.97448029507,-129.654865944739,-74.6399185817997,-2.50543415658422,-87.8665798838236,7.15322701987587,72.1589314880099,40.8544156844323,112.922573527004,28.9020001445194,-5.24458173432953,121.838255912278,-25.5060613645918,-93.3019639711053,-15.2534783536866,23.7304349263163,-138.226053204933,-157.107695993296,3.34891283200559,-212.872765227665,23.6442910637202,74.2352342008798,-175.557478160182,-173.14755480277,-14.377230554393,-234.838982236369
-382.395443398572,-466.186476535594,-4555.99822501587,-431.798021627572,-527.698167144902,-182.212762458145,-340.807574558767,-483.561386623632,-205.13697576061,-349.787689816592,-409.192188341701,-42.0915298222317,-200.765559662273,-328.747539590789,-79.2694441191643,67.8638469294948,12.1733971736503,-10.680974202541,-170.560465427214,-68.7961647224545,-0.369709811362011,-171.265716410528,-216.517809621098,46.5030994922877,-266.279263822762,-324.076935766002,-115.680055629426,-413.378732615494,-243.405591735347,-227.001632843003,-269.644776598497,-179.785404653126,-169.626937947285,-163.691837737003,-221.401067016577,-208.694528935693,-150.431373292466,-169.566493152531,-175.098967871881,-183.280308242859,-148.343799866479,-117.122163809175,-146.156772917934,-70.0845328564578,-47.156124036449,69.3796179557615,200.789989910803,64.3971895319445,88.8432027371102,154.540969482992,1.75742794590608,-7.2414501677927,11.3252846299552,37.1482056036232,-97.1563436485964,-159.984821769261,15.361585092355,-222.319459775609,49.9177394427753,74.5800266234561,-98.0409356728373,-211.950123883164,-23.1871784721338,-144.371307146135
-191.833019344746,-250.997275704701,-4066.09416877315,-191.565989291195,-324.822057061031,-50.9075499065595,-129.148316606836,-254.756992952723,-46.7148026292005,-128.063753495228,-209.66782069432,34.222779338073,-48.3291917877928,-206.895875767757,-52.0048183954267,59.7155710240023,-49.1580109959508,-0.550800942784804,-330.25634738021,-116.58310834294,-78.0915690124355,-205.704468928344,-227.600153479823,68.2496819482732,-434.635095803773,-271.713039284623,-237.791712202401,-491.459079624236,-182.77130264237,-336.559083739731,-293.442509533926,-212.370651024884,-300.581714622309,-213.979534912715,-273.952024275148,-247.069978257461,-228.561355562789,-295.821515053749,-227.313694553631,-233.438598422035,-205.816315176596,-188.246392956412,-191.514552679178,-134.226483179784,-128.797456891052,133.251940924223,340.956248437538,185.848126812679,291.076274788088,305.263835764941,120.053320932355,247.926043640288,140.237214305772,202.64227842638,180.279717837741,153.903785896622,166.735698384296,79.5967156886681,188.829620646781,266.700423473497,222.290359973623,100.372821946003,164.58592647804,163.188086977609
125.352649162824,128.441145553816,-3395.39395626562,179.361439639917,47.2099956531223,114.719042623003,144.266016563416,74.4356788003042,96.2309538592919,109.665151650709,51.6749867260522,50.7370915619837,34.4779282253769,-108.341968260439,-112.92556535814,-77.2698666823576,-161.324655907417,-78.2715161970669,-594.918383572723,-217.335293167562,-209.28205647462,-233.428906830224,-278.476577487242,-102.376887899657,-517.32462976017,-356.298839741406,-321.901805200323,-515.765176270233,-244.887256677329,-396.974328011835,-328.667118048618,-286.769114873948,-420.779686718431,-232.02785942965,-301.287218391185,-289.888025877901,-300.593309415759,-373.559241588639,-256.759046336103,-270.427774189968,-252.734868825278,-228.915147965078,-217.292086665055,-174.175254589672,-164.265722194648,213.746732897878,536.81503662536,358.269988733114,555.430044188611,561.493834309866,254.063810763648,593.869495741275,265.278059026657,395.736467513934,550.222854590125,637.774839759777,327.073009521776,523.97507478607,323.757240606537,487.730640301317,587.056158290099,558.50846347806,390.244596080588,522.995296567416
328.074432166641,403.643106262233,-3040.00371672122,414.870242531261,321.308961590794,174.406516185764,268.576186204994,247.94264755425,101.617768421589,148.051215797629,122.011236743976,-33.697537209998,-55.1594165076308,-199.711212059904,-197.238587432556,-346.611856428611,-192.409919292644,-221.127088612283,-856.621351225307,-269.982231672777,-375.298684949569,-176.987292696184,-332.116422996699,-420.897769458963,-414.820526304727,-504.263545679565,-288.002840316879,-421.118155024789,-400.108295329944,-332.8039152492,-344.208302174707,-388.472070210344,-517.759155927305,-192.011663155464,-279.464260724496,-322.715880092154,-359.866280485304,-419.829500346305,-230.671524022864,-268.801448790678,-272.363144168954,-253.190516124495,-218.752674127043,-187.574549061348,-174.56238513471,261.32736746665,681.046883238393,478.664767822935,750.84170298874,761.127245889758,314.249265550635,858.235835453325,287.348103912404,473.291324479971,792.979098611119,984.23785663092,368.825715600486,816.156296547461,325.890509088145,559.401034794797,752.438019784368,836.110172549674,451.662166862022,733.459740656107
269.266718392903,385.594700078201,-3020.44467514807,359.440961852377,304.074014183209,86.2802805617917,173.275912346278,149.563864197555,-12.5596686769224,-23.9988702205543,-72.915434414371,-155.028465230784,-234.485332152594,-449.048862511278,-224.695787066345,-571.756910699612,-164.482887627487,-319.116368929421,-921.587768617127,-267.141564774265,-484.44293382749,-135.548919103878,-371.961937993891,-627.315281598691,-257.914015682137,-556.196873161092,-219.727544130357,-289.662335264358,-478.178313164267,-220.546074482566,-316.210987224899,-424.400246741092,-535.859317319898,-148.805969665975,-234.029436681632,-318.66639072578,-369.599946059879,-414.647375213318,-185.962974476738,-234.591424747753,-254.571776666025,-251.770514184075,-208.330595055641,-180.697469160071,-170.670033572437,222.666882181996,668.190825003214,451.477360713704,770.486770313824,794.579093082718,281.744687966051,932.325581041971,205.00607171174,411.483352406246,817.300943586643,1046.0337484014,285.611010049792,843.263870047491,182.876433630011,456.870315601208,688.631528749935,826.34818391519,301.009726616012,733.120807466707
39.4749569205555,165.565704758211,-3033.09987722612,126.487859154195,100.221867392938,-64.4526042950396,-17.2564336125216,-68.941366840322,-145.55113383355,-233.351055109977,-342.816669852413,-248.951777462196,-374.127012349771,-680.699088196132,-212.321494005688,-633.358655240012,-205.120459219609,-335.882613777354,-786.713937797681,-289.204240333538,-492.628852474925,-204.524112304607,-419.157688843578,-562.201010826979,-210.317662394919,-489.095900974089,-220.283513817483,-243.42421020003,-419.612350079755,-174.400672766407,-270.596221119615,-368.751438296593,-465.714522438926,-154.924905639854,-205.703770282318,-280.93361650464,-323.466964534843,-345.637030639056,-172.814511499641,-199.239968553038,-210.928247528309,-209.290717964506,-189.131293414264,-149.302785358753,-137.794162219957,109.136926219923,522.144920128018,300.151032878094,620.064078775419,726.043742131769,195.308753481603,831.463514508546,84.6597083723667,277.497940841303,666.146603122008,918.49303683101,144.256886418443,704.734643695724,-8.55544735635105,267.711386303053,533.235886459464,693.075789739146,54.657345318168,615.942319810353
-164.805264284419,-23.2736496194185,-3041.25069116395,-62.3794493818777,-43.3742776444523,-176.942932317226,-150.950386638852,-194.446489987627,-237.166207751993,-345.730493744859,-466.852434417174,-328.536861474238,-449.396625052557,-772.239311766646,-252.022026640717,-635.197758936371,-319.935785788147,-361.053439505783,-666.896541612963,-367.266525450463,-464.123667283416,-290.666669500066,-465.45920094652,-349.388084668823,-261.201507711088,-389.349421265566,-262.132776000043,-270.35836226695,-315.365597973311,-189.744866412857,-236.78404581248,-286.154988540859,-366.699335879641,-175.686218035451,-190.501115901144,-229.164353036975,-254.114496569822,-246.11737836004,-176.833500366995,-169.226530272663,-157.285599228923,-133.996064449587,-147.688365624434,-89.7982501316514,-68.3555081938025,22.8146853845936,359.794384792357,168.677565624772,412.6473881074,658.665913582253,126.482236642459,651.968388794763,12.7117482329195,164.169335021012,449.122762546167,754.693875990726,29.4023886427201,537.441166949029,-126.371623705742,101.710772512745,400.737915685046,615.714262124466,-129.444316073748,501.613542769504
-270.272737935177,-95.6474354319377,-3148.22591979929,-142.079803656235,-55.9487091782782,-260.875086737545,-223.715919062585,-210.519190266567,-331.3542173029,-395.512126747442,-443.739435928662,-475.303534906742,-540.205363461131,-768.775673941089,-458.266851649363,-820.312629138197,-391.468467206167,-535.569278704337,-788.799914346494,-465.983227037497,-533.005672492633,-269.762839610803,-506.537212155531,-258.58231571963,-319.364137273412,-353.551412202057,-269.108950457349,-298.723513516769,-276.072465376256,-200.804606233624,-229.956995232173,-248.3883163197,-308.801879673605,-162.019688585786,-176.999267514226,-195.113502050361,-208.771839895388,-180.231481052643,-165.265834489446,-147.369184849523,-125.802415682626,-77.3868360737518,-110.353890373672,-45.0046924682038,-13.3527178372051,30.9341563850877,250.464774733995,143.050064687757,261.003083924693,589.919830678749,121.019511077061,488.746108269531,25.7776800317275,123.855063751495,278.130345830104,613.153704505043,5.60702343385539,402.243848894608,-127.259836482268,31.6000177444758,310.537046464585,593.373719507599,-180.696302859829,425.718435459569
-342.386287153189,-140.075239493882,-3184.66813279885,-206.381355012705,-61.3285533999828,-394.35596248271,-325.88809151749,-249.864453641966,-498.561052310491,-485.192659045986,-439.598345588075,-750.320409864825,-713.556450092088,-805.971308322677,-890.607555889904,-1307.7750678464,-378.723651111432,-909.443104263407,-1186.55492670038,-558.401564948671,-760.870728977891,-182.855150708115,-575.896590849988,-419.012192557179,-351.592906641798,-442.317544961619,-229.699839295241,-326.508172342976,-345.458219993682,-194.889234753759,-265.916504252284,-279.71472249277,-313.737958850872,-132.049152833356,-184.851488435811,-213.324125129916,-224.734127958134,-190.381672435849,-151.06054644512,-160.373868815745,-155.167796430448,-97.0039459774297,-130.81453088394,-72.748101786437,-43.0967629238213,80.1733216316027,185.430725442445,167.546556758069,204.669530868487,483.162040783929,163.324558598198,395.183833772292,87.5287446475199,153.528677794872,221.950075753653,508.790120011403,81.8077923039341,332.970718760783,-61.3872027430409,74.4832670299464,259.528210727262,548.587199136704,-132.771980525725,377.137090360588
-418.449364820362,-211.832512782706,-2972.05384674632,-302.969719626039,-134.462393244846,-565.386860991497,-461.903562135801,-356.818103216413,-702.098231252142,-619.862265991258,-531.956099553279,-1085.9884810098,-917.751430926088,-917.878297734079,-1432.29691594504,-1909.26408984518,-344.209372720798,-1324.4491513394,-1638.97222857796,-613.18111922039,-1004.00787072117,-131.520925402904,-642.896491961575,-665.118894348942,-337.824454463922,-590.377016762658,-161.097536859625,-353.848799221476,-452.975002368188,-173.729723186432,-312.513425726843,-326.222184209324,-320.623669005236,-101.49874271104,-197.124223828495,-252.795638685976,-265.845050345488,-231.479397999418,-136.132936966467,-187.019468397922,-211.866013932559,-161.278871997281,-177.748986461136,-134.092317633865,-122.483067046214,116.353612175063,176.861859854711,199.910855145212,253.193829058357,395.568266767944,242.421041138271,407.993897953483,171.260866894968,253.096501363679,302.878660278244,499.069981134352,219.420399053201,387.360505964981,18.2795043635413,202.642524759151,285.654861026396,507.752520913399,-42.7359841820133,379.634263563289
-478.905593546178,-295.539801579968,-2763.58291571073,-402.990833558444,-239.371252731006,-695.169406327234,-574.377985412837,-470.994373851892,-857.420015057289,-739.477312253647,-655.126073845684,-1353.87237782055,-1067.97252143631,-1017.69192642917,-1877.77853226143,-2342.27256777749,-359.297029639038,-1578.11390888242,-1908.89470876159,-620.119749568941,-1093.66992620552,-150.991732016585,-642.935827589617,-771.466962991686,-281.021403498353,-661.454277970788,-94.2158921669541,-351.552102184697,-491.11037109222,-134.006438794837,-314.383984651141,-320.058976399926,-269.118837061663,-57.3259306446401,-170.421887023259,-248.534986397945,-258.177695922215,-224.967456571386,-97.9665799689743,-170.555270452747,-224.717854072427,-186.276539139019,-176.214732004941,-145.71425857923,-153.737949821821,145.221682338863,237.57125851159,258.913839859637,375.70465223516,390.42574679045,350.848545372865,501.958014345468,267.8666153516,397.391312675453,460.279696451216,578.148969044708,338.079754337684,528.505092806061,75.7817084623451,317.710158465341,379.584514564473,515.347153342128,28.5452365256029,421.409261213084
-568.856787115304,-438.137023236493,-2873.99765312912,-539.987732221716,-389.735819398703,-805.429765066562,-700.978217577243,-608.135193281057,-997.019134668169,-872.263705964355,-784.436174371673,-1543.24732124934,-1208.17677478522,-1095.12743317622,-2183.24132275055,-2588.87305537055,-489.668111209725,-1713.3469540299,-2064.86882461569,-669.283976072558,-1130.22613629658,-257.851317971788,-646.07821016143,-810.146587313905,-288.853952413308,-667.175915854363,-111.364570111787,-364.036995408252,-499.557398840617,-136.274379473048,-317.571202583788,-320.29192252021,-243.888869345945,-46.3550826482446,-154.965940885807,-243.179427199749,-246.237564745556,-213.104644042365,-81.1521231847874,-155.072526813359,-223.387308554273,-196.554272707966,-167.370443542047,-149.779034967253,-163.244878806372,106.698191964945,242.45125164719,257.652338466763,407.444915684954,346.214040316506,369.786924529935,501.090387380614,279.18545776112,434.410728767855,503.100912727626,540.192347167417,307.485646787864,526.722194954243,28.7645476362291,255.24502895468,376.196764308611,438.707910411654,-18.0997152690878,349.559514632202
-744.823980444922,-682.64479267786,-3082.22122718166,-755.269186489739,-629.285009613016,-955.143120568797,-892.144194953891,-815.423648187858,-1180.09322569868,-1067.79879381696,-950.817104590051,-1703.11635437726,-1405.99301840899,-1227.10759704533,-2408.01657920756,-2778.56269202984,-712.563168763271,-1866.52052018355,-2304.84007968778,-796.974318276583,-1275.22199103633,-398.625275872381,-728.338218368809,-978.687406636643,-402.182939917909,-700.941325925594,-216.968301682248,-425.277266921558,-583.565082026674,-207.630862997572,-380.926623352314,-421.396933672401,-365.272570040908,-104.469173129251,-212.626194257612,-313.271241460152,-330.205560006612,-303.339821730502,-129.761545928909,-212.613879223295,-278.965151294996,-276.863190556295,-225.562076764918,-229.264312586363,-245.266639785761,-92.9154368059303,22.1184677514215,47.484893848433,172.633155337959,71.3900937006098,158.705593978653,233.959558833799,99.8467612684283,218.194652946174,272.788946033516,189.280207177062,68.9230961441098,203.994452239198,-165.627793930899,-32.6906848012407,121.378270179224,115.962021453469,-216.889276944518,33.7919758494225
-933.474079499924,-927.771779913542,-3024.22517884758,-960.760339976664,-879.086817190522,-1074.99731635644,-1057.99790213719,-1004.72376192681,-1323.68161107038,-1238.0903371485,-1098.23123470257,-1775.21655468939,-1571.60443026199,-1384.30004663652,-2468.10169473561,-2843.1189135791,-851.071350091634,-1916.89084177584,-2523.30928502882,-822.630885908905,-1352.44801604898,-391.270443803982,-734.326495555883,-1144.49694604661,-428.776404230412,-676.587804156319,-249.961597373112,-410.072935012051,-655.30931950303,-226.7303427466,-404.322311308141,-535.217557798449,-561.653289982588,-138.822466956513,-255.435006370129,-383.52899970142,-456.234044334626,-468.777228047236,-165.226186653522,-270.823440717776,-352.00037191147,-395.794300779295,-294.175863887892,-331.143257310692,-372.125849901599,-397.670848948196,-401.377416225953,-332.937600512001,-272.882714923747,-404.379438961331,-213.457212131835,-227.834825251129,-195.204423118901,-164.602952577793,-145.333083145884,-357.003377091198,-252.509755014585,-293.391178801176,-397.744483298891,-373.656723373317,-295.422531871054,-363.421935177357,-451.34331443422,-422.374014460941
-1004.69907274807,-1030.22779938892,-2877.07867011371,-1029.658146336,-995.761836233996,-1055.76420142653,-1079.02540608789,-1041.58792680687,-1308.94995210992,-1250.15091598864,-1119.81810669695,-1665.22905444996,-1568.70767875171,-1433.41968999539,-2217.88621298333,-2620.7067124651,-770.962592402901,-1645.70484617132,-2421.26007595316,-589.251307075609,-1074.0936362469,-146.202223927117,-476.240600273174,-982.994250447065,-204.630758926155,-427.860855847652,-109.18259442685,-198.381952628269,-514.531424246567,-95.1116475502027,-266.492986456348,-480.953567518006,-638.908365415633,-62.4092506895318,-170.199169829834,-322.031809901211,-471.661135932447,-568.428765537524,-103.350809117881,-220.504431451574,-349.663779271243,-443.592680744513,-282.849206755011,-355.079619933541,-445.59445246153,-629.906240712397,-820.897693940795,-650.762486317347,-681.261156344939,-839.196268622049,-515.829240629795,-642.685810750456,-427.336588009774,-484.298173841898,-514.665009549679,-779.049409362776,-481.06405476674,-662.013493268476,-529.11645227986,-578.169344802381,-639.224150505892,-741.833120026704,-592.506311550584,-790.727756583384
-913.101799843824,-950.747907208916,-2899.07862692589,-934.650786176019,-926.89543347944,-899.228217498816,-949.983309605448,-913.008083451104,-1135.25657217044,-1091.94041360334,-989.280382787533,-1387.54193355285,-1385.50954646036,-1307.76557491536,-1698.76745829819,-2149.79120141299,-570.060691561528,-1113.88460531672,-1959.25095663915,-230.648462000252,-535.005919900878,156.391915695301,-64.0345678451864,-500.3592918374,132.988731895301,-10.1318207804837,85.691594135383,112.956520055591,-152.0671083862,101.742214359727,-22.5829077554617,-232.144019619585,-500.79317864612,62.1381584803573,0.335107554137512,-136.582877571383,-324.01251689747,-507.255369319653,12.6177388609205,-83.8792222219898,-248.472035528586,-371.422355553557,-198.584669600641,-287.359957226883,-425.827128722874,-675.951114640381,-1026.78710630453,-722.956069637996,-847.079952067496,-1024.90899240485,-609.137523305992,-828.134646213654,-512.481573346497,-608.61906160025,-676.068992928846,-882.590634029496,-555.769681225121,-760.720301635825,-535.454577178104,-613.018446157442,-769.129384981414,-861.88856485839,-608.378055344702,-928.833900073864
-699.572842681283,-739.62927657394,-2740.313383991,-730.680570391182,-731.129073241661,-677.930943628947,-737.673046113782,-708.354194597556,-877.34576827619,-852.156063958921,-775.381060780853,-1037.87526456798,-1100.70500821754,-1065.42338322218,-1115.49906690351,-1599.10855135144,-445.558651321386,-586.478109703864,-1381.51944620552,1.90080091901559,-102.503526377999,278.632459098351,219.994511334299,-35.3672397118447,334.813273426237,333.111356649785,179.028952285085,331.423882697751,223.234747274847,230.16432800902,185.331462844032,71.0644168063798,-204.266570221926,132.414290343619,139.589256865329,63.4452562615185,-86.5625897833184,-295.943646669827,100.057753647944,53.9032734072401,-85.5786080110129,-206.636443543025,-84.3212595380716,-158.564592006474,-315.950156588349,-571.83094830154,-947.508901412522,-583.764660290387,-742.891535378197,-946.340294026078,-543.521047477888,-765.421049152338,-488.350826149968,-564.290526123558,-633.250410759995,-730.63875884707,-513.59693110285,-663.712436734129,-458.875196183947,-535.491804954414,-703.959667461576,-757.566161858155,-510.49610379661,-833.479525111579
-430.458652909254,-478.458486133774,-2177.61917931732,-488.765624842392,-506.783251801468,-438.229734887927,-503.513710860807,-515.211975600629,-596.963123724687,-618.03249018001,-575.122227103377,-688.880696768802,-787.125688206827,-813.276365480747,-620.068367279884,-1046.04877894858,-431.051534810718,-205.1140874743,-877.100676025374,63.9274802836002,67.5237399824548,226.067676477534,284.656698184241,174.902653229007,360.706894720454,457.338957834024,180.05668666021,402.591593372849,420.03217267896,276.067197116439,298.250744280345,280.649883093589,105.031811614089,155.915016854087,217.368194339368,208.787327667013,134.224381031807,-31.1278998394369,155.676595594625,162.167625462747,87.369870481311,-9.31693294801314,48.6758994753808,4.62207745591351,-141.374725976795,-438.375341918814,-694.612317894532,-413.683815284318,-510.625663194344,-767.281204950326,-444.196336206834,-590.868930070938,-427.125892881943,-453.869065944263,-514.834935037695,-551.671782855445,-415.91858238544,-531.951584937658,-339.577415751694,-409.328740038053,-556.090821781735,-582.870267076894,-334.852155718801,-616.767277819784
-168.213515990629,-244.664000284393,-2116.45335427834,-267.102827066757,-324.213301709195,-192.293485625711,-285.958034049318,-364.273655275719,-332.631533886101,-430.212680890292,-447.219049367197,-359.143833216624,-486.65096996937,-613.164221281149,-214.868621521094,-495.275590221372,-361.988211540976,77.6428165685392,-438.807048885229,133.267261575173,130.656995863984,206.376768389406,292.415132608067,173.636229641574,365.028835071186,436.527857774202,208.671599567011,421.662276411238,419.529818012088,310.27510189542,347.68222373831,343.446512108582,278.365538772918,210.157383046386,281.83105404055,294.339482065032,263.318100950451,161.548523875803,228.537203778538,251.806135689946,216.256785806053,145.532542998989,180.842715050273,153.865358525947,24.1375512173029,-353.669104420759,-466.625435268814,-340.675703485697,-343.352338456869,-674.076094206175,-376.119998456246,-490.953789122161,-370.735009781905,-368.109201626908,-468.488099839077,-533.950617891292,-326.222714874067,-493.539644867888,-227.944888587919,-311.14894309857,-449.093178224896,-497.373446921924,-174.513241110385,-445.172175764371
14.2758162139997,-103.387882389284,-3644.30246192795,-123.811898811115,-223.284362141997,19.7390096824412,-126.607916517596,-263.438437192943,-128.988369313107,-304.859061070658,-398.103218562797,-73.122260134905,-239.99590541322,-467.187609669864,141.221531280604,-12.1424647767184,-137.038138026363,315.84446736339,-9.85782620031262,327.420401163235,254.942064236038,323.117629782692,394.435582422321,129.849980843941,442.560268929316,410.51448718568,307.702451712676,459.899289710647,321.843520556166,358.94693350015,356.271045877128,289.249242997205,256.596021800139,292.51347555691,335.415368295549,314.10727162293,271.291282016753,204.697770054763,309.021724450055,305.077769274974,256.320412615855,190.041122872764,251.842208253523,219.517945502133,88.7562230217076,-320.631269989212,-397.006242491911,-373.225811355164,-354.785060685338,-720.971166077559,-358.418307109835,-554.564982118834,-349.007674155658,-376.734903823082,-563.000311475813,-685.259222826242,-320.634492537535,-594.010158326868,-197.40897891072,-335.929339295678,-467.66783492839,-581.834595391199,-147.705673559533,-441.46994408686
73.1237550316995,-77.2056442514024,-6104.96105533712,-89.0025511472789,-209.177364384917,136.376568128804,-53.602935308648,-218.314476568762,-9.74097094074461,-232.411687747115,-382.849631273165,122.347763663575,-71.7648703202028,-343.550572435148,419.967805936005,325.161967919993,115.867359409726,483.062793046304,401.068599465771,538.687896984541,439.378177176758,476.511075611437,554.56727560549,177.226767224986,543.922159559812,430.493035422703,397.802165691986,488.751572735573,237.693594085524,384.152930817726,322.377797349288,196.158993642511,138.301643251872,318.470511699877,330.570851587721,270.751834829255,199.357736278418,137.631544221703,328.899169489763,293.999263630191,218.899455163834,135.95882442148,236.618774912812,191.351177786041,47.7567301868494,-320.475991846224,-477.382414704275,-467.371822136078,-517.832816732764,-816.171539336139,-410.967392141682,-706.052684803663,-388.588619384117,-511.119856754894,-749.482939209554,-854.653346729141,-434.108687263161,-773.27478800087,-278.683654887156,-506.027637570675,-608.915204924838,-778.330836791617,-280.543192228362,-587.825597536739
90.9745976788715,-71.9579362138687,-7353.90278920395,-73.5834110585965,-185.517627081679,189.430836838895,5.85183292487043,-154.857165684366,89.735455414559,-127.018106435565,-288.595702185679,244.437557309544,82.7793644134645,-163.65129670789,589.410094139423,563.356165831301,249.298903707893,582.231002509491,762.62018284607,625.682172023562,617.543168467779,561.862869647108,670.940797486263,348.592660523511,607.1242674931,494.669319996637,420.278609739634,491.114520620732,250.469787114539,381.801632815986,299.792567617817,182.011333432732,128.755705342163,284.77011164025,298.578598224854,245.642711789215,176.937955191616,118.53703511152,298.140876304972,269.659514608535,201.46827019737,114.195743064875,221.541099157785,173.661020393449,29.7233626248308,-307.349013777283,-567.83005604552,-530.804050347796,-667.005778252999,-817.278026622464,-472.250191648545,-773.844101942794,-432.992321772209,-664.032253607574,-875.446387555702,-847.286256974945,-561.158473778561,-869.903506238584,-378.782063668846,-675.077069417777,-746.060409318431,-893.82171481946,-431.271201509989,-712.047760348779
189.080495838281,39.4691514881245,-6357.62022837691,53.8132077197909,-32.0247643681393,277.479364063827,159.874367673008,32.599499002214,247.285293509631,100.340723439664,-35.4056576304204,362.68961761886,309.371642541823,135.391299549897,692.895517276287,789.925563134215,292.412159299389,673.549353022911,1017.77802261799,607.326810480782,734.228987668608,565.828874959531,700.094466671742,532.675697182833,594.521921061848,567.351030288,387.264237248095,483.405928672681,347.042681727857,373.452800291364,333.700189236315,294.266596542106,307.304634903736,264.638823876991,309.237934127877,305.619698520275,282.233780321054,247.938373347408,292.001797081127,298.018495148204,269.977390359549,216.982261605052,283.504725384204,245.953799555596,131.988062715889,-222.66904368223,-526.158105817429,-457.54424293018,-638.276774075945,-679.317524134031,-414.659133255615,-676.972171238456,-377.506852854068,-650.688415810733,-822.296021584361,-623.554931639242,-549.323121769249,-782.018183485484,-376.759855339462,-666.868489681737,-749.487979736658,-799.776577545022,-441.757309585286,-675.288602115674
340.497166428447,230.17794253444,-4438.78503985643,265.817267536012,208.714912034584,394.936208323246,371.027339464142,302.682447426687,422.455765298157,393.071211603368,288.848114752155,478.603864246809,557.490899871902,484.439459795438,774.742857993155,957.463567903233,332.831602367716,754.300916369669,1059.27640163552,570.839792435453,715.636262616602,508.887992248886,635.607376232275,542.81038359788,483.325792735967,538.195480442708,311.642502090462,432.240778272297,382.053239473255,329.529549837155,343.388761658566,404.51459039604,498.788731656862,250.868649994401,320.545376512504,365.619672102545,403.376819521793,407.931767130422,296.998832476799,326.828429899952,340.923535130688,338.806887932605,349.150717836602,321.192241037121,262.064987986146,-69.4935588292246,-344.670702952873,-253.391897417724,-440.604695426865,-493.772302317607,-222.1281686318,-504.428479859863,-221.62893095343,-438.874691708982,-629.88119873281,-378.645892152827,-391.537786435731,-602.138855693471,-278.653578039838,-493.971339431919,-633.835856398124,-604.110411319226,-330.956757246824,-539.984430660577
443.886875641947,380.584473742869,-3309.466874619,428.96019591416,394.625223566627,459.987037888776,517.551130791564,512.679052460961,534.867651842087,612.330396031611,531.004374267656,547.110862500116,708.009739600074,746.566349723038,823.798366856523,973.85900091812,382.317248738299,768.391216017401,889.609010861101,546.097376911549,563.011978625739,447.554951486354,533.551369455592,359.253398235979,369.808593797137,373.444292064964,234.178432095387,340.625430547281,276.746987641193,250.220681016641,261.260005872589,380.455461439426,521.176415921143,198.653191027805,267.738112059681,325.488933652291,399.839415276126,433.624312296416,254.367062012861,282.920946635215,316.656789292714,339.695972398929,324.053852729584,294.754201894901,286.883942296405,100.515869641198,-108.387308244269,-26.5111551339752,-201.331393299126,-320.283209615145,-1.97757376188831,-340.615975101147,-47.0389452156309,-161.997023445542,-389.92089208493,-275.442442079234,-182.935084367272,-442.487237601715,-150.539359249944,-289.172215238833,-467.817253243855,-467.775016008041,-208.046885528753,-416.382543666612
497.97852840601,472.193579839682,-2958.70891907896,512.312920504344,494.635761970066,476.436927511109,585.396723913988,618.910632380514,597.100541727947,720.864152985107,663.290515398323,576.726190210435,757.672799245823,881.928515765801,822.895233264882,883.709016664593,408.369322966358,721.959898935809,706.492309563701,520.055695007887,423.781588445478,440.946175048566,499.861759850144,201.668217797795,396.712619287435,248.013442044442,230.067825979613,318.52975190927,179.010396664862,222.410452685265,188.076400081228,290.297739402358,433.983449843958,151.370578097015,212.091379790084,250.542322471128,317.375562761848,359.497446884352,198.667891790544,218.301440754889,248.191838757384,266.073121914252,255.334692604381,221.506094234133,236.485262822551,242.353384643633,98.7700085702104,137.859365128725,-10.3298534511434,-113.6748172706,161.343766226272,-152.640739357568,105.697521144435,65.8838877632468,-123.879722229709,-215.818829543409,16.1511189125073,-257.662127097587,1.61838147738536,-111.873723416851,-245.248425004582,-357.257129085101,-98.691553974718,-273.759039796966
550.65174270238,557.830047836636,-2368.80724069378,574.669985356592,575.072732464077,500.754834150245,634.203184356224,679.431141250392,652.156233155812,778.835574301153,752.941046162161,594.666863165759,788.596619267781,950.969450540272,770.417449227143,795.788620286728,384.756342944889,665.113926285557,666.80462359408,471.122874933638,410.646898533472,456.602692486017,540.421263520107,243.491190702362,512.072017809106,325.063949432271,291.625226094376,409.57916684318,256.067691893967,278.188926349063,236.761824609608,279.705888376427,395.523313149989,165.400208800577,233.354843152088,253.984748975995,289.030419843927,327.214958574535,197.537596763075,216.219791155987,233.735967432716,244.459425477908,232.488061894952,202.277916152484,218.082228507183,325.759466760349,208.857009615706,223.925875369301,107.947629583148,125.154080216737,257.941965047105,76.3821557898333,233.856255973516,216.816194117596,144.47869304122,-35.7407557799329,175.877418411343,13.2075827915328,177.016685018781,51.262063913491,32.8345976461256,-141.148479427041,25.7508693840999,-46.5841425724794
591.311275066281,631.93066874301,-1366.13811242103,628.103947409327,655.939417078344,524.109852078268,668.851238583989,725.376820352007,684.604261471879,818.223832748093,828.031498857773,586.841337293824,821.10411860975,1001.75876751635,668.770477851092,721.924760535376,307.440140742803,603.280712555193,706.652247138835,391.1770705954,454.14726821704,410.95179613926,549.397553372701,409.115193922029,532.886853436498,522.20235924506,322.367231230457,503.669898495143,456.094579481249,331.975139346527,355.397359294484,362.713949345974,431.756493219651,206.444118483444,293.836979593273,323.689014833143,333.87331161537,360.319922081048,235.180667889601,259.116954930685,268.823801595117,281.578920491263,246.511380131348,225.988601197585,242.292217520708,359.717540606171,217.705358433858,279.354691402468,182.61917300274,317.488544736039,326.259297060852,278.433788940009,335.695324296121,315.950506430665,348.026596798557,239.573226416294,287.445682758257,292.13152689068,329.355736461398,209.489891318352,279.007876226592,178.428282096463,166.584841501264,218.75589206455
579.010484823218,644.736675487311,-621.555431098855,630.467245339923,691.313342416968,500.091208434839,653.421741286965,730.685752173216,661.104683076387,812.961813718612,856.743000523184,531.715620511559,806.541549049853,1014.14864396741,525.102489305606,600.889949082269,194.024288645068,495.674099026241,677.193122448841,295.144450137543,428.208834322474,278.034705084275,469.886324073192,521.643271395328,409.053870332625,630.772192158572,264.722321305608,491.838471370162,599.786911654886,304.620973492733,412.812457621311,439.465912125983,463.683859091849,201.446407146132,304.288682494806,363.846323341265,369.159617102014,378.177387994755,239.344889912956,270.827137897264,283.247003484082,297.055586082538,235.855826616484,222.784134073867,244.340367986138,385.782542943199,215.177761125865,370.602244642606,275.578397113072,439.723145985757,405.408651403196,410.200460589729,413.343249862195,410.8460252132,466.842939666241,468.482465335764,379.644595302539,465.27455298367,418.972266535193,365.678933506432,418.117285046506,460.072254582381,306.881346160678,416.726827165919
515.411438438854,592.704389758875,-327.189136018454,573.873732531797,659.416272040516,437.353982760524,590.039428833419,682.553333973485,595.94661231776,750.323668398631,816.192384383488,448.797564566205,733.722659981414,949.80420312228,360.68039735929,440.916141538184,87.3725539651408,341.255610044343,556.118772850003,211.380498517305,342.275698169919,118.870516680021,356.962643369287,515.253331623691,253.880501875186,568.545737838754,160.373746918085,389.419453754343,597.998258628551,220.720851622052,367.391297474495,445.956035175547,463.645646983442,143.844492438313,250.503125239485,332.481823734209,354.493284475137,359.298335162928,189.829557310801,228.98738638809,252.810242379907,268.210130305966,193.466156715567,183.244323029248,206.560292224498,413.051828271608,278.005683534491,493.934287395136,405.572005943341,541.729932396393,489.406390557294,506.737955286443,472.824380495556,530.977562494562,559.912448019693,596.274763653729,480.181569859461,546.027418192543,458.324515241645,527.131971254313,487.774525188963,606.012130909852,434.501949686791,508.95862519089
447.388972135386,525.766581613993,4.73893405321803,507.478061732222,603.142105942896,389.065719304149,520.687683316556,615.493442244155,535.340900366282,665.679997780623,729.862673592071,388.896003928219,653.546237309125,822.394606982146,240.946519298021,348.329483976195,53.8335632571178,228.677584399511,481.711152277854,180.634674685363,326.22365458586,45.1141104236894,292.870897483588,465.440143636613,185.343997041452,426.473673794432,98.405860528026,288.729340355083,496.550404550576,166.357202520597,284.914474522622,405.696269837958,466.966601118617,104.783814432591,198.397322912487,275.053125077193,325.531099378948,349.156867429559,148.12387559345,185.130136722448,215.222517220387,238.126394817965,159.69609505936,149.387533325624,166.949133117251,405.340760525066,361.762089261569,565.664138305798,510.317913140977,631.426222332282,536.17965162077,591.472787084235,512.977608278055,649.25046326237,665.27252980557,658.924268385556,571.14166349685,622.785967781529,486.982080275735,669.800124792152,562.372100542537,640.014971924209,523.387350875264,540.658460756981
379.757782012647,456.598490158454,532.018339359546,445.006089619164,544.488195891655,345.652688372027,446.145224639065,541.150294658294,471.835734664813,569.204781950506,611.66740695148,360.749127854492,573.510536077297,658.126453052931,238.781319362465,367.770057714322,104.337673402178,222.78765831006,552.606364706796,215.867420008234,412.004635589598,103.808196546234,281.534775210103,445.233647063032,206.861663640429,297.887058304009,115.195821770858,233.879219407878,356.486259278982,167.980976008683,214.24365045789,332.890532476422,438.764022663576,119.402741576957,177.672106677744,220.219460407918,282.272133045641,318.209069041945,147.467680782611,162.978486502276,182.893852045225,203.446998743432,134.441750818073,119.567191503361,122.144983706392,316.633177516158,336.066160558405,498.440837981076,480.961935878021,604.156777891421,480.731489580588,583.445325562532,484.467778774162,662.702515666788,696.245852628378,623.432012956409,569.375522277536,653.66619541221,478.536633743145,695.257189308663,600.040358554203,578.624452381491,502.088816718258,522.135091604661
276.531609730631,357.868823282892,872.505674153674,353.041511681557,455.121763986955,256.52747298683,334.999261725612,434.986990220952,365.220579340075,436.403522386923,448.11119014325,333.627194395338,452.116258320724,456.641172520443,362.838467668125,428.257002582695,177.150676723171,287.343044451906,684.409658983649,287.232953782124,483.896085294392,226.687027086221,280.985360910461,434.440666721215,253.887778560255,200.869496422075,185.572278125686,211.50189056951,210.782169003154,186.977240838258,154.303821645792,215.699555040241,305.165575225133,153.429810861261,161.669421696844,153.629208253485,186.282877368636,195.599701974025,156.7450958436,136.199532907658,126.406529669419,121.580200475783,89.11561762986,61.2711386404036,39.0278505341649,153.841584761371,136.214721076337,290.755229554817,272.862893616229,366.266041073503,296.699274816936,391.670943193133,342.389969625529,497.326858643479,538.925128247685,410.029826041388,420.692353894342,506.179802086649,377.317704816266,541.485685008442,507.53555390699,396.007945049053,347.694911409481,415.285443962802
148.033091939661,230.036084889138,964.816836504806,228.628578694135,319.201689335412,149.832443362745,203.907038348444,295.434969802155,242.764366546514,280.843848957472,245.221689175858,324.989196077027,303.151579999116,235.439252770455,582.753748339966,500.437887731185,241.360857067377,399.70598653917,754.939880388821,371.365972456297,491.516845678794,331.810406870521,303.523258498202,407.726295838645,300.096367797837,162.748981617972,278.625727717777,225.161510889619,114.344638072719,208.658356158591,125.652066897822,99.8708166481705,111.947494174447,189.221547460207,152.525989474084,95.4436241232565,70.2285720590768,26.4371923969661,165.357316223708,110.6359600727,50.9376982722876,12.1355494543894,33.638619318764,-9.79990169683269,-58.3334929428192,4.20112512985299,-154.967579544902,46.6334770400362,-21.7448786015533,-13.2219460716675,68.3629968937699,59.404460112126,147.366671080379,226.059887753067,221.083435982186,57.582375250206,200.738062409543,188.386195527598,227.682581577219,300.835259814055,305.090504602968,129.368369538059,169.813482180204,237.637034872021
9.28987137127914,62.013812343704,1276.2552737841,70.1520167212243,118.591072256906,81.810913898414,76.762796204321,118.008657542072,155.254721519906,123.13210885787,18.4336484255384,378.043369897803,175.589251086969,30.2823135851064,871.182817184882,623.104915997308,309.572252081814,585.214212393689,749.36356198262,444.365137291102,507.861232102389,379.033171067311,365.392345185536,384.355760104394,331.750034284511,204.103071139966,340.716618534873,267.439627196041,97.7609272415025,225.704945665493,141.911510104529,40.0911996186217,-31.6375430768783,217.485635403577,158.306234708568,70.7124152062977,-4.50578632647955,-90.7521610819931,173.047361341948,99.9815938638867,-7.02764802654341,-71.3001338047923,-12.7658053768389,-63.2263629461855,-127.254787903634,-67.647800088423,-406.975749809471,-130.041538173819,-278.248607060409,-384.028542315067,-109.380118903114,-297.050877806463,-26.4312893030754,-45.7640249272719,-143.486108091057,-314.619858809739,-12.2255305526296,-176.176337485665,80.0925455352983,64.9296283798119,45.5753068053158,-161.791777978425,36.4724404902253,12.7714849629415
-133.555373537133,-147.346939278541,2051.97410140025,-113.206646185101,-136.555974452976,60.3853674816716,-37.9084602252675,-88.7911321547147,118.739624989511,-21.200711793218,-191.87486178348,493.821286634415,107.90187572905,-112.867796577654,1188.61226314636,788.451653429525,384.053167646133,809.09891864734,724.87839773877,475.430912068454,568.890677687115,361.158514869057,417.507928018698,372.141378416507,320.337678967724,276.273764114127,322.307938772296,301.109140212847,126.211881626981,218.391912300566,173.818048926257,30.6480089945706,-85.7370340605645,214.59615826184,160.454862254637,69.8342831858219,-28.8651805743925,-130.417563627402,164.376773705048,91.2000096953357,-26.8842513449945,-107.409793220888,-41.6492010008402,-94.6892821910614,-157.414565544299,-70.7233709549661,-526.678442078745,-195.268002740196,-407.255759361218,-621.672794528423,-205.575377136493,-551.46190298696,-158.955030062529,-261.611723801275,-428.531602218046,-592.294470820351,-202.63417715659,-466.401938896781,-79.610819660107,-162.422815681774,-245.607445320879,-435.259206484149,-100.648964339685,-254.838146856461
-202.685418618033,-295.236532473892,2941.97426437227,-227.100493375996,-335.619464377307,94.9358100051932,-86.7228257082437,-239.972776122938,151.791565706163,-91.5629625125237,-310.280823895669,639.698390308215,138.448230004053,-149.047172661442,1454.5298926175,945.024570527331,440.302634403376,967.59658464823,743.457876154303,460.469824195742,609.435194287902,291.21020282331,399.964111498408,349.036931534173,266.265024757265,308.285413639893,243.64391186133,302.373620728145,158.457107650551,192.653662577249,193.275852317799,50.0157524720289,-67.1493100127486,186.564785397403,155.43047332284,85.3966121594028,-13.2224239527266,-107.135336336905,147.360622471217,88.798034095933,-8.16473772237792,-95.545887484345,-35.7030070637955,-94.2059196856674,-141.897653588282,-14.4596798366413,-470.9922068388,-136.042505508096,-347.708482752351,-638.731906519539,-181.788161969528,-569.235658260884,-183.216029432872,-327.534235463099,-483.825276628304,-658.260819505838,-282.594141125507,-556.049080130493,-173.740198909052,-299.837324426196,-445.128650229876,-595.148567688285,-202.836710595231,-457.08210582989
-138.243137302397,-283.222511995047,3462.25560838223,-194.777083851593,-381.962568348856,187.799617758316,-26.4788689780681,-264.37090076042,254.095777536288,-48.271496002269,-320.7124460639,772.717973577825,262.183892823697,-93.2513272766021,1585.08778154593,1082.4587337104,428.729047420936,1005.92551615263,846.45449534211,405.855976485309,572.330114107637,165.895538859627,300.426506830501,304.738340815861,183.493433393403,269.962577352739,144.937382089716,252.835903554271,175.617953236731,152.556977963405,181.010408457129,77.3615975978118,-18.6267485266416,144.384153321486,139.858322196621,101.232696947219,23.5130438256184,-46.6485808925723,127.369326634685,95.6224986348481,26.2725246831875,-52.5806614436908,0.919236117677965,-57.8740446946235,-89.3166988615378,72.9853134979339,-329.179757428177,-23.6994703517218,-196.87605019793,-496.789277457321,-54.3587340319952,-392.972303428412,-64.1687835857205,-224.019891016895,-320.539025653457,-525.454181679099,-191.725542091033,-436.828344647698,-106.764110358001,-253.953357426324,-434.110361549903,-583.8611867715,-170.745306774811,-470.456798792491
-24.203329555299,-170.353557598998,3504.00625030444,-79.6062451798037,-314.415037810216,292.92602481497,95.3061444027936,-192.734852637115,381.797204079929,66.4193748671082,-267.26246377366,871.813224896388,424.052804466225,15.6001938281497,1603.42020437789,1244.77185760526,349.207675460373,988.086804484043,1044.79960300556,324.985149962287,511.068785009599,2.85315398735477,173.676610083945,286.846566054668,88.7038908321982,206.548052933331,44.3086940023903,158.934933456307,180.424163920695,90.53637509363,138.228768291989,92.7143964375288,25.0899128988766,83.5492725901635,103.602827471812,97.777393015989,56.5271058073557,16.6165593414915,90.283094822102,94.1048595098506,55.5290212572863,1.22904705731794,44.2341236973784,-4.02264963853402,-26.9583223343082,106.164267311229,-295.644029028432,-4.24798662671484,-195.13762016944,-415.572153195659,31.3088010960175,-301.65364692867,56.5670122039661,-135.126829632583,-209.61986451773,-408.496616318997,-81.3407145407511,-304.840687962468,5.60376217501027,-144.230206952303,-305.880461123877,-485.185714966906,-74.7140523014038,-348.903121226294
21.3982757250484,-85.613177368397,3297.84205741738,8.59410667066566,-212.059153114712,366.954328705243,198.651876875352,-81.4006229422436,494.773676050518,192.311421390745,-142.209112832623,946.180570734248,571.257642339267,183.342554876191,1606.30571580625,1424.21858280278,302.445631030722,989.862679486422,1253.23721347463,258.384913735138,498.325146229045,-106.084646713432,101.601530768417,340.451820615467,23.3428818881035,198.185079148949,-21.7288504211842,83.341437311063,195.228604460943,36.6463422544479,113.73391699013,113.353195878899,89.2495582090495,34.455481604961,76.4673843777033,102.948946447202,99.345218983804,92.552903046914,58.3679714349909,95.3543956901072,96.8385154440904,76.1243443826252,96.0531442806567,64.5371119861959,54.822369815626,61.6251445903668,-402.43888526161,-88.1943514715349,-376.999851477092,-479.100294794808,-4.33168467088986,-436.145039563013,44.9137474284221,-193.002215382511,-325.845788464445,-457.806090044549,-97.9034054702934,-312.11860225157,0.207560743303517,-148.138081260175,-226.577250419877,-385.272697825419,-62.5453321591616,-225.493747194835
0.897019276141064,-59.1290424679748,3100.98701380963,46.9555570180391,-90.0391922229861,403.670552725241,250.862214927353,44.0019078540825,566.269707426764,296.45973769387,81.4864447215084,978.100208175431,659.791121248782,391.01976729091,1575.36839716549,1485.8424164336,362.09319986416,954.66331831124,1270.13017172841,224.929920586225,471.184040327313,-95.8397074530239,87.8407558519482,376.457464843329,-0.239907416110068,221.327718329724,-24.0852799171442,58.2736914257856,205.544788997946,22.3767526624549,127.251366814825,147.594113084846,185.099734585786,31.1338028445337,84.4145564805362,137.503140466692,161.614591547496,200.380064696463,64.3638677647528,114.508221544754,151.289583957161,165.558623541546,150.287405095771,139.64078877774,165.46226983398,43.4134450451556,-421.986057974444,-104.793547732213,-456.374558779854,-483.345848651422,-47.168017803465,-555.35317726385,-26.7152469890935,-258.834944895602,-471.141765138188,-546.639777572993,-141.130257208955,-365.874594157226,-58.9275801842725,-210.385896943474,-206.952855400083,-280.433285443225,-106.049467866544,-139.558759622529
7.54081817424957,-17.5151375809627,3061.1840755183,90.7085181975201,54.1736353254615,416.448338249037,277.824700723937,159.914839734842,585.048837964073,372.889347917509,335.286738751148,928.090723137738,683.847619520354,566.042523656942,1393.80876368527,1329.99796254283,472.275918486058,794.080872684786,1016.06418056156,199.506417088175,339.863855406913,-29.7123244652428,64.4652972334521,262.010900185655,-27.03255509468,161.086733682358,0.211656220166866,30.0794545472105,151.888334862626,15.9555441498292,113.063316248434,140.187067544106,232.474547793713,36.6468117832824,82.3369343364206,144.6063398401,185.542287141626,275.835603775882,71.9653749357252,113.096924003911,160.638841061871,204.066296142373,154.410244333812,164.144400527891,236.87103456605,118.75268276554,-195.293269893156,14.7028652764598,-238.428995156044,-248.524831962978,4.27728256593077,-382.218433142126,-29.5358388145235,-152.64914298244,-362.772189016778,-453.677405873944,-47.2312660465812,-285.078424401748,-6.53486091751095,-133.63752691504,-143.427895454195,-155.934538347042,-49.3774715793498,-55.9374939052501
113.005430838814,111.464423585376,3205.29696495133,203.664479018402,213.616078607565,446.182818498806,350.325698236743,275.800736616938,601.74398580719,472.085835487819,538.275560678467,824.388359402247,725.898063320724,717.0048194424,1066.02413510428,1088.33098950875,553.816148914734,595.072015148636,736.145518884156,187.157083308994,211.4542554348,4.54456165314158,37.0405523519781,86.7375356533501,-62.4271184953833,31.8521904157432,9.04999560652336,-27.2486865026839,55.0010154857058,-12.3245671081394,44.0614346868624,80.957338731283,197.049171107104,8.92359982555567,37.8981950711258,94.0766152898477,144.211353908884,259.079483459931,38.5626278283654,68.7746617745351,114.55928317733,171.433227439184,104.062707102976,122.214445186994,220.676644699413,218.825446214162,122.106002460727,148.382297164368,100.494558055979,92.8034483920667,122.553023097462,3.65606857360955,73.9821337388738,104.049299702857,-12.5821546923775,-142.118507342772,187.222078294421,-17.3459736255954,183.775401958508,145.267956265858,43.3967354665944,9.91475223615101,169.062869594496,85.8561402572516
302.065008389452,330.25306144011,3388.06103744809,403.070358802833,412.95529791114,520.000834234292,511.379666742282,456.026920148283,671.597042718284,657.209513940095,739.970919285349,729.681704692492,849.607190476548,937.034809205499,712.192522659543,942.990240967523,575.797815238442,499.457859327124,683.516590164689,213.164396613029,249.705621421566,8.8242750494349,74.5464978253502,97.0036974574369,-53.5516060349554,-9.56997786960558,21.5620935777171,-61.1822448828507,42.29604932689,-26.6990987760737,4.50213697270376,71.7313131465908,191.429212014027,-13.2636245715645,8.22614849277684,67.6281219377209,126.085506837251,230.388236930369,10.4450037658784,43.5393205510534,104.283093501399,158.474359085173,89.6507213377032,107.563724948648,200.354741023618,300.663317571673,328.868098414039,272.094676750878,333.989787365174,330.920675174119,308.664055290058,343.298789472294,295.964908789452,394.084971383184,360.541143682872,241.701883486906,469.543591093751,343.399045195559,420.422746368263,494.042710590941,340.256190946524,260.901615998375,459.871866058705,326.057375514044
470.172182279643,548.635567031022,3387.67925211448,608.266740279399,641.794183889117,566.256581043109,672.20795469079,686.92687889287,721.021766023079,856.515250030503,982.187858485883,610.008157287079,937.181497234243,1176.43917660859,356.790499128626,798.801021315179,488.512494423778,417.345268795737,696.527216028784,210.591150014151,345.654424347447,-5.47315656317286,124.79709139271,301.256946299449,-27.6765135124822,54.8033946256181,38.1842407011074,-76.3637373176139,143.493788128585,-17.4463709273154,31.9736750126122,152.707188363483,280.851445628831,2.03251615825633,27.1190059282368,111.372688728909,185.500804888993,280.427866723336,29.9727766167933,77.7024365144761,161.601827456832,214.40773466218,141.97235771974,169.464202978713,253.11668416811,411.073254119964,461.526993096656,478.89754743737,495.392784123997,490.015419389879,567.195690750586,564.220954972916,586.945677915121,641.235881654131,630.280746539487,549.83339153796,702.512561076263,650.970841134956,600.8662492369,724.981594646886,625.049693843005,548.09607763392,681.732991660639,587.176582793503
497.557063206962,621.362228926444,3169.23360770437,669.587322712938,768.96730281203,477.235261595062,670.579887031073,802.652407461465,612.112663908449,877.87362255005,1115.19397163063,382.444665296122,801.543841290658,1208.36664931832,-56.5314907482067,429.099809740494,263.31480631009,153.462117874284,436.301301920424,78.0913396246403,241.823582370361,-70.6810545717887,48.7573346798748,411.343025799041,-86.4249520586679,41.740423044812,4.38294557428008,-155.526054996328,195.949371077935,-47.2792557284452,27.828239906923,192.650906128186,325.8681765188,1.0776883671636,23.7242403647407,126.734310456364,215.727195383291,318.806666195686,36.692954896164,95.6704947295947,177.165880344642,237.032605818851,158.39890489241,200.987867071145,292.877928351993,495.192890752485,582.31721157486,651.939894284649,634.992937494,639.998776816493,721.189003842208,704.110006777992,744.478022732984,756.912446732423,774.76013375555,700.897306155191,774.810928737474,781.798687419838,635.295578344433,740.548587267344,736.411058056224,700.781535783774,736.220650800891,698.998392692812
353.067138807239,473.480481918001,2882.65450988371,511.678511553981,666.063559057323,262.520635992355,465.205437855701,672.108567681849,347.902252154899,645.256184310516,973.01778768032,82.3321710716331,454.441465572696,920.986064466422,-458.806161541246,-103.829738111734,7.30905275700798,-220.575780294976,-75.4622831529303,-120.345042484624,-43.8723478276842,-150.369540242161,-125.163856308839,246.174940102662,-196.236803118155,-123.924364874358,-63.0546433321922,-271.814607756216,77.3968683759797,-119.307025558179,-64.2080712036375,85.0104095514331,186.738464093515,-43.984101418898,-43.470078337688,36.4720829360131,112.492338310355,207.245965490173,-16.6017959564732,28.3530353509856,81.265956679039,135.052245740596,73.327249428032,113.77540906791,209.184394002741,402.060930692797,562.830113293964,552.506418975099,603.333908719367,654.219857392086,584.399887356969,689.217713273094,611.716777989641,652.441215629471,742.376407167617,659.997461194507,636.184340493094,696.106035579926,500.436559672817,582.134290715038,612.182997250807,619.60281587952,618.354630362186,576.100917929075
133.183573903865,203.484518913931,2585.20261458266,238.47307605374,395.123405476991,49.8125003400194,193.74573254512,389.528468662335,85.2317040516419,315.430681685779,638.785944947378,-143.534940018302,108.146771928892,485.602784543766,-665.745112034059,-485.063766571253,-108.486288669177,-420.159240693662,-487.780260967657,-190.444608356011,-225.705027228425,-127.696309043784,-195.994970404804,-26.3834449077022,-186.261751078553,-248.198342462482,-55.1629890781763,-267.610685824392,-82.3074792132094,-128.933433933092,-128.522393463742,-59.502006589219,-26.9076740418134,-60.8998295811201,-87.2029994872402,-62.0371865158537,-33.2667305215678,15.7630988415416,-57.7535850076337,-48.70397760686,-20.9721260619258,-1.83380613699094,-23.814376191378,2.79659417823473,72.0828727802427,176.370750909944,346.48015741827,264.41832597753,355.184907811071,456.838554867979,281.72102772788,491.68471095094,326.569576478869,408.526455034862,552.67931726251,501.078463213057,409.422977910164,503.003854287969,309.642447856309,392.121853412828,370.197597804006,424.226817963336,435.3648425057,326.946007710918
0.88964058208347,22.4391498113722,2257.71980742091,55.1188585317812,171.83937709234,-45.2716966320614,31.6779935651988,181.66211926519,-41.707191360999,108.697320673319,362.721442518363,-194.652822045825,-66.1169164902688,172.895922694273,-599.64301442827,-556.386930213215,-39.6415830591226,-345.770163639044,-570.972411056827,-73.1823714531495,-156.904294846456,25.7300839460118,-74.422165285683,-120.457981064626,-14.1625406687986,-140.813387055656,62.2667842862781,-93.0461983586007,-61.1171254986273,-21.2822395218961,-41.692493040339,-44.2910323564664,-73.9425364884449,6.50673775959659,-18.4465330109127,-24.1426249828682,-38.2437543802145,-39.5784590047476,-5.58992783927288,-11.8223857622835,12.4020176632602,-7.05016758204277,-5.421832538378,20.1109261322029,50.7807023611321,67.6014966894196,173.448775646689,136.287590994433,173.242679694243,275.331507506331,112.277667615509,326.135311609404,165.958335844457,264.30946009362,414.514520942945,427.424387804592,301.497287729233,411.917671709142,235.137740650526,326.868749864664,232.350880623316,336.373109243259,348.625908911503,174.764603534358
41.1754400492297,44.001256511261,2044.77637748319,57.2862933685497,126.648032116924,-12.9015177728501,24.6428371277903,145.736314724975,-37.8778333775141,75.1676852889255,260.315516315926,-112.756656258474,-86.056906430948,72.2654176343735,-386.659560702573,-449.525531984013,81.8217427955342,-189.413029990933,-406.996064194657,72.3430163210275,5.267086218696,183.140793288269,94.2476164622189,9.81733815582511,156.898025962496,95.0905625106299,187.406280999925,95.3050778181064,132.156558764806,115.79946858203,132.06583955122,137.978662007016,97.3817003670839,107.153274712581,116.038927379318,135.863433639768,123.479841592846,111.956341385992,102.598905043654,124.984616668505,166.102354319762,141.549791680232,130.863709186049,168.168778548812,181.203771009309,154.36139316547,287.299769289193,230.320393350489,318.040227109947,356.3999492692,136.857358328732,413.781146320229,193.872196437209,312.953530348969,499.529737455664,565.308761334378,363.018693986224,519.596800125778,313.957590608793,419.32108118725,319.104044261925,443.315555163293,415.33818704387,253.398263649887
177.759017002966,171.86460844208,2071.61244986711,143.472862071636,177.972503082181,65.6553386050934,73.6304187285694,169.54140279641,-0.329893163599252,83.7603475204988,221.666390948291,-19.4324391706375,-72.3264164118272,48.2066568529366,-208.984675421567,-334.597113269454,103.630249968279,-141.661005389755,-207.080446983617,89.7381656192157,50.9988582471426,218.016968722485,132.68309713257,153.409649409175,185.207120230684,209.071669407381,225.715030849619,141.834709312648,264.871990209542,172.563891633333,226.714024699804,291.975697557605,292.665599905275,160.15206065589,199.606608389127,265.247195210803,289.022343616888,311.153361425278,170.024737020799,229.284949364352,297.323370999937,299.747095194873,265.883188457479,312.740352384199,332.711520143562,232.053155599872,599.675744339941,216.50890296588,663.872845217888,611.471265024767,149.778750541614,673.691576075484,241.127568923404,377.931321384021,693.896189373888,782.490154557944,426.491203245986,694.226146935498,390.599185858102,502.987319632034,529.086466240364,627.188481554378,498.498530230789,484.678291495884
278.430638810599,250.456095862428,2011.90697326404,179.619461226452,184.967843803256,115.80889347287,82.4388897504063,126.275832552908,6.34982622602017,29.6960154237842,122.030695936233,25.6071144071689,-80.9823480924195,-31.4524077513753,-117.281826874426,-220.395046638636,23.5495480251174,-169.403869584512,-81.0813129541239,9.8820489346005,-27.0119130159587,147.572527745295,38.2346268454512,150.258238985977,102.264493475369,139.808818516169,193.917306746179,68.6136254136587,211.868067748376,144.342836415869,191.977829573217,284.633494218998,335.931007510057,154.18377434883,191.334298658737,269.550674857388,322.417550665717,384.367465599072,166.171593242834,231.270817723434,318.14708527034,345.200152720012,303.364924703671,355.83749733874,387.472798460765,164.903619091166,820.07380868362,-38.5527306269247,873.029002141492,752.999047166887,42.5444469391482,825.505642772476,179.198205684871,300.672116537418,746.295971547699,834.509934020898,326.07927454554,734.114058983051,301.210371851267,370.525412814379,655.764887023663,711.239263658283,406.124117255237,671.0427302766
292.062080174205,240.447811804646,1288.7842773536,152.909749737709,124.242061359754,129.632159480363,52.5314221823319,26.8962789852739,-5.53187381784985,-53.1677573263458,-20.1341814646129,54.2675432132852,-84.8813070859093,-137.641442187587,-44.2362804809517,-56.1541288951398,-51.9362683964955,-146.628286794465,1.44500085619792,-51.0304743920918,-103.624087447252,63.4537110238555,-72.5994551593606,46.4407365898985,7.43695984446693,21.1730284214883,147.637380112099,-16.76057451517,80.8731496109716,87.6005753977992,110.036882942885,178.854871901791,248.12599981814,123.069015095236,137.263007826573,191.676821742608,247.54941399821,325.232423454471,127.293746441578,174.966828963486,262.984954046413,294.280456189917,252.945156156631,311.690548107891,351.933090681322,68.8193642597653,785.384440697111,-219.283544172611,777.681740564471,643.252546833804,-74.9588046652501,706.424976817534,38.5318551532589,126.066449460378,555.376084285982,632.253365393522,82.3185054510828,567.735373591886,58.3600262241983,22.5835187772653,577.78019844732,609.562383152662,103.822322489984,662.481166517992
255.487773662324,198.139483062942,-72.2108308034791,120.024540325021,61.2372069440253,136.648807399898,31.870122892866,-44.5934704458701,1.57144880829086,-88.5848128427216,-114.974878534598,101.500876385172,-57.7113596445762,-172.04347051618,51.5982715038199,127.470156574073,-65.0121863921545,-57.7209853804399,108.882900782365,-57.404940383767,-114.982343533649,7.78025058493698,-116.243753646495,-51.6276612964713,-50.7890828672234,-43.7676075112398,107.739341400304,-56.8213218213172,7.18987403145787,43.5566082727526,61.3964549052234,98.2520143462999,154.91458413932,93.1838594022098,94.9607460698649,122.617580103875,166.545084278956,239.801670026705,93.5687116558892,125.547022792217,205.528814800637,231.845715647014,185.096447161075,248.164928349031,297.103686692325,58.7149306360575,572.886466746979,-136.478765751847,485.704773626311,399.082711327048,-126.921331479256,406.780768348129,-99.878943499495,-65.0495302608706,230.062853903507,305.266911129468,-168.139768320912,287.408113129786,-180.50458695234,-325.282767019199,338.440531885514,368.194944301738,-234.665800947665,459.853750596633
214.103203811031,161.521184515358,-1186.4678947656,99.7398070049844,27.2309937352687,143.90801723857,34.5061317337673,-55.2030529791701,29.8708037594772,-66.5276724005334,-128.486159259727,145.91573896728,-7.5553095940152,-115.740681933384,121.348745338399,256.458104929393,-58.4379279374125,14.3958745368395,241.043900708127,-54.7952454842593,-94.841542664683,-44.2145431913889,-101.046869315627,-129.119528425643,-73.2584235287674,-70.1110623344269,71.6335986031943,-56.5880196027278,-10.6912120594407,24.3679957754202,51.5502362150437,73.9443971971848,116.345698051028,74.2899282161129,81.274658810461,95.011070708622,127.373867043568,190.142702867398,76.4454996457071,101.596416053304,169.426689246578,193.985740200554,142.369733491714,201.35731262127,257.531784074586,74.2412132755861,346.638305597782,-35.4092830515616,196.320212807953,193.755395548753,-177.767766334047,113.366087564407,-203.81982420295,-269.710830268788,-73.077791107539,6.53747200063957,-345.354996605415,18.1495894925329,-303.775516946446,-496.361535668126,66.2316592352982,99.4870376860842,-403.236875724231,192.180109590237
166.430325879885,112.86733729709,-1287.90038109187,66.0956408634326,-7.33693662651602,115.205696930643,25.5046818774248,-48.8837728783098,33.1262428728827,-35.5319819187431,-108.51803521386,132.241502280617,28.0753597541488,-44.7879348491808,91.2176825613029,284.592805689113,-104.952610168477,4.86261791600427,299.911633290677,-97.1042988087846,-109.310695077838,-139.113015452494,-109.253444209311,-238.298117181253,-94.3825479172475,-126.623511870863,14.5451976013215,-66.1278929206092,-55.9647732493351,-2.99786497456883,23.5490564352299,36.9899246742127,73.8144226771027,39.4380308800869,51.4147370424172,55.7445385171558,84.246327938238,135.117251490134,39.7586204167348,63.755326101845,118.683290309084,143.020766765695,99.1725705943059,142.573532847613,206.61341243129,44.8899763764076,184.32636649328,-88.1065294337143,9.4465859104494,43.626361579831,-253.070039557169,-110.59380441496,-280.121229562981,-453.959085926489,-307.244933128503,-260.254953136339,-455.938760469977,-225.878684105125,-349.77884562702,-518.081433736384,-173.193596966906,-135.721225137765,-386.994240040751,-29.415963207188
117.042765632441,65.0189210978841,-647.600786995195,29.7446830470802,-33.8555319162182,45.7897314307112,-0.801476044786006,-47.1205069077701,-3.04529873854892,-9.47794942732786,-81.8744240907477,63.2207060788941,34.7208551815498,2.76505130432812,-10.5737779101841,230.480179725651,-184.503634204028,-54.6189500220612,221.859238370588,-169.533340607525,-173.748561452597,-245.664907705283,-172.858319204503,-361.27617304198,-127.529245809301,-216.398384665359,-67.5424462140287,-112.365961897263,-135.003146233064,-61.8669463158896,-46.9060224153734,-49.4994560540871,-19.54565479391,-28.96899190362,-21.0037887477359,-23.427822912858,4.15094666513882,44.8630656072456,-33.807733518471,-9.8537907498113,41.943293409662,65.5315572832972,39.215595861717,63.3325482914566,138.718231735472,42.0717046129189,122.569144633174,-100.325506390003,-43.3513448128352,-86.8296913750315,-248.032361683289,-268.016031236213,-292.547237500116,-485.577879301683,-457.442198389535,-480.087139245317,-464.305054298363,-441.04366531875,-358.748791103266,-468.296113508545,-351.794868872953,-298.205618430644,-302.176830176891,-160.001185647683
107.156027177149,80.8837431490537,-131.147142061967,38.3064779400805,5.12548966260111,-1.18678576401477,0.363228436767244,-9.25558728619974,-22.465523285333,40.3227778632414,-5.30575535242399,17.7801060927864,47.9218124912051,81.8284641240291,-65.8305247203098,173.383066421738,-190.372200533175,-71.4632869673822,99.0708334123533,-186.237649664659,-225.667520399135,-252.566838836468,-200.879929299834,-394.230518573089,-127.625148018141,-248.642063424131,-115.312832330865,-142.086123092937,-158.699876549631,-105.032316105927,-97.5646557210428,-116.406902401105,-102.017904291268,-81.6890075814072,-76.0766581837242,-76.9244393965357,-59.3420807365873,-19.3185897111854,-85.5973574565286,-65.5151592490634,-12.601159729516,12.9309567035839,3.19921903554959,16.364753505121,100.40630884446,137.604573052589,206.704590120115,72.0059209056988,56.9926823468516,-117.757612739803,-97.6445728670137,-288.926604951503,-187.705049970253,-294.179430189425,-438.743676569693,-506.404423119569,-307.84773499583,-499.714173158053,-271.864948259201,-331.047443573532,-384.654789475532,-301.735272125545,-188.34610805835,-165.040007989254
128.888174893498,147.134423190558,-92.1036760197781,73.3978622279821,87.2796592662072,0.707971207405637,21.7556378837913,58.400959078516,-8.89702515156446,83.9206791008026,127.042197978729,24.8793969167134,73.9043953350673,208.749574272055,-38.3227584553282,167.502989135508,-108.493685440285,-23.524214395771,67.6697962272792,-124.860751107871,-206.780717217793,-152.056503333841,-130.545412721898,-285.0329828016,-81.9447096212948,-168.739341809148,-96.0233269183853,-108.038263257057,-91.5353244627937,-98.4791677192846,-80.4479923026446,-105.603783370542,-116.351014596258,-85.6290272481078,-72.4605822978303,-66.8544666565994,-67.9804042737551,-21.6116183357087,-82.298347421664,-67.1409674375192,-25.4779015785662,-0.0544196575331881,-0.666525731464555,7.51892270698542,95.6243728129482,229.371663124091,369.352748378961,245.250402918313,210.926005628362,12.2359418749232,78.4194670339598,-146.524275327598,-32.5989772646079,-31.3746885878147,-229.756564467542,-301.55228874101,-76.1083483686327,-320.323026173103,-94.8866605224284,-131.322760257659,-238.458863959355,-138.429903610023,-45.8172645690567,-63.0144738128663
123.075228319714,173.414921490892,-137.633525914341,68.5932085178504,127.650298431288,0.804978571046937,5.95269200655536,88.4228826658226,-25.1022032095011,60.2099591234339,247.194380604509,19.1102580120899,69.2626738097473,312.737750463091,-4.95516864269484,194.004911202683,-53.3316574725534,19.3640721753136,152.128411655561,-80.2517870787038,-118.196326266416,-84.9526025554883,-37.387457981047,-73.5904910358009,-47.3881868218121,-17.1774763778421,-62.3566733294298,-39.8994991897854,12.8763378575478,-76.0312902591193,-26.9304553815132,-50.9320432396174,-90.8932202420019,-78.5703944404209,-53.1120150632315,-40.2735626117334,-54.3593991035826,-12.7838534272083,-71.8844110501327,-51.488466139649,-26.2343161011538,-10.3483909389464,-12.6662374724197,-10.7899713374961,79.8954242694094,178.282553061548,446.744303564425,211.554560389892,209.345619653204,213.853197656147,120.405754111753,29.2117042939979,37.06668744338,90.9431654126807,28.2081318496724,-24.410833652733,47.435439499843,-23.3140779064172,45.6450247298051,9.89730760779277,-26.7286020524455,70.6060736048762,62.2545285300378,57.9670663334211
80.8904403079264,141.467741835388,89.6219214181029,24.8564015607399,125.165596472949,-27.4588394115888,-41.1574009199813,73.8328117254433,-89.5513075288662,5.45719867197061,309.835468145977,-34.5630111590279,27.2036395129429,350.159098918894,-5.0134286165952,211.10390230271,-86.993287530712,17.2438241414352,278.985477042577,-120.766042922163,5.92731030060772,-144.011858111004,-20.7641085706997,169.681106237682,-62.1741659008163,145.654709111455,-69.5499174335939,10.9779168634009,111.964858644264,-68.4599772194246,21.1036571640555,1.52712776004789,-60.3490014896964,-90.1122032403452,-52.1906139588253,-27.7505197351947,-39.3556401846666,-20.5473440079851,-87.1463718373249,-46.7735382896159,-19.3108107299217,-16.5419907222551,-32.1199368314441,-29.1565040198877,58.0078047436353,25.3142024292537,361.493550587458,17.7519201927142,-43.737596797161,367.779698930893,29.6796037267834,75.2003134659301,2.08305558529276,50.7872555338118,157.955493687412,195.828623856461,26.5769741123452,201.364877382159,80.6473980785104,48.2840308773519,114.802136484313,233.511608404388,95.1593369134522,142.326343510655
55.9319370801017,121.396304610443,421.973075180307,9.03549868154312,146.850394163086,-38.5298106782118,-47.9283067202539,81.1432612190329,-118.279007028405,18.2435938125775,328.912995918383,-60.6256348057266,5.60654080832258,351.96373247967,28.2516172187769,212.886464961381,-135.558480219506,26.9770173678624,377.084674950727,-179.177614145956,127.210860642863,-262.650152726275,-63.4808113421132,360.593298286656,-105.992612524273,274.685474720595,-110.979921458407,28.8697494042,194.406542397682,-69.7592775810643,57.5337362957852,49.6840483717743,-19.7253366610335,-102.671914594683,-51.360621818663,-8.89435787868621,-5.07870937802193,-11.7782602791152,-99.9743790253587,-37.8390706998546,9.9482553439278,10.15531867492,-24.0321094730055,-3.29435532669632,72.0296536862672,-78.3571683396152,176.199487700335,-147.293876810412,-391.92767101695,456.998972428039,-63.2304819287938,-10.0066855798638,-43.833372234098,-15.8594402259757,131.409812024653,353.999808123192,-15.5494107869421,281.869995869752,68.6666867482654,67.268718844887,162.935424055277,348.384963865696,104.178814172103,201.784111400556
82.9055786741067,146.518248954922,603.004059688783,54.1135732796524,195.558148818882,4.01016836487752,16.3834982052403,132.981427898994,-43.2585198791647,106.312767889973,316.038491255313,21.127036728811,49.2535412378329,342.078495805949,157.048323696637,222.433916948992,-110.014161111328,110.612379318704,421.989862323713,-152.436250861554,214.533976190811,-324.276998628427,-57.4080179183608,416.005767957507,-139.570699466277,325.7367869809,-152.759114903028,23.9499385250686,228.97097550757,-76.0157492494726,75.2870351614909,85.0341357397086,24.0469385522505,-101.804585481738,-43.2160552247597,16.7956543141193,38.2015535134506,16.4107429215438,-89.9247056793439,-23.0193184321727,33.5392718269239,46.4163856904916,-1.13961523499215,41.0582703808933,102.245409234779,-74.5369383212799,24.1893252901591,-157.499537904448,-549.492872688997,526.602996613299,-59.241419539485,-45.0805315611171,-32.0487226556217,3.57522548405566,94.8154084410339,470.130394445178,17.0389038427754,291.257518614028,82.4518880945271,142.654377452498,184.614689195028,416.085065600051,152.679317963487,250.445864461222
120.70581875045,166.221154270229,711.136171620088,109.286471320519,201.448221539376,50.7646850930474,85.2240950858249,160.118257771478,68.1898920533493,166.617463848619,244.354786824556,150.388202660487,112.890344596628,286.122143030429,313.162773734309,232.96659428733,-23.8497827236355,215.821062343669,406.328950587504,-51.0167270716262,244.053146627865,-294.348706486508,27.6724823954918,320.346081140334,-148.601281588392,269.627040001227,-185.040846833878,-7.58157905413871,169.336530121826,-104.141906646154,40.8409492283379,63.6773543943238,28.5991201390995,-108.679381747013,-59.7137345142318,2.67410991232768,33.408659619004,8.52983956761101,-86.7977110642181,-38.0654333627244,-1.42950000003997,25.7841530034883,-24.9239293413556,22.3491155882878,69.2607348167436,-28.5311762345262,-0.179164775603573,-33.652351920138,-391.611823033425,572.307618826226,19.4769228952068,87.1473313421352,19.8234339251622,103.442488479115,165.217318974484,524.661030042985,102.144047551155,314.049505236163,122.037667966275,254.587066344168,226.64974163623,411.853814475935,222.857863399695,272.650445201042
89.023151670787,121.844732243012,863.60409675358,96.1659638820754,126.294317786469,22.4520540723554,68.4794736134548,97.6229447755143,90.0753038087003,118.146443092866,100.83420288648,189.134322023038,107.984826631516,159.336137342187,355.935735286127,206.441061023929,48.7379771743065,231.148671112392,326.824629460659,30.5114817939658,207.588494311027,-210.253004679656,80.2296447090058,161.489365136307,-152.248163783386,119.184369059264,-211.181722198196,-89.6621689796448,15.2637473809266,-161.659824449264,-64.1445557774226,-35.1000331146108,-31.2987778425849,-145.490714531293,-124.648336803824,-82.0238229564153,-50.3108675427402,-67.5473880040339,-122.851945536089,-106.292521521627,-96.8456328878697,-69.2451913645116,-115.732023398736,-82.4667487871015,-49.4302696490337,-18.6077841059918,44.1124443315374,80.0966080352144,-110.246965628993,515.91631822054,63.1979389696588,240.233825491639,41.4117538266586,174.473104752203,255.900214221511,472.817987040584,155.023364255277,321.217529871533,138.7829985806,317.469171956145,253.05324535257,330.157888671518,232.874280789025,244.413562205475
-13.7570665741624,31.3682150493744,917.73820992529,19.0740462554025,21.0577923570587,-59.3175353513612,-15.3796116845886,-6.59955351407417,24.0358322733553,10.7083791018169,-49.530493184833,127.62746389302,40.4015697957879,25.9390325433679,255.132144602178,154.207583356132,87.8506467496821,151.970509444971,220.701775345895,59.2866129153895,134.953058847859,-99.6821554074987,29.5895632927083,49.856866252385,-153.344192289291,-65.8195112444813,-201.042895118217,-200.603326458404,-160.257293824314,-207.220825292924,-187.50213444059,-156.396219834527,-118.556386948999,-177.553984525689,-200.079070955983,-187.937855088803,-157.832017441061,-162.433680481073,-168.6053031547,-185.939104508296,-187.069140591658,-168.289362413351,-204.542454583448,-191.310897253146,-168.296647730415,-49.4150774590509,23.30287788378,69.9944965709743,19.6737324728791,315.433866297768,11.2835793891558,205.975299462862,5.55526180117376,131.978066540039,201.938584839728,294.927212856948,133.369375321536,225.933990872784,119.098620810919,282.526745625703,210.878961257572,201.834866903757,160.793211093905,171.448608910465
-87.6150900727827,-29.255425897041,816.843395360575,-29.797286006452,-34.8031707953764,-90.5671512552222,-54.0287570519304,-46.0120317637414,-7.91172339902791,-34.7350799575089,-119.667455357195,81.7179526935221,12.3851428496,-26.8072391335835,103.884103008629,133.850796178743,115.920553147522,68.5129151439608,138.671760527911,66.7964646030873,57.518382169535,6.38463375277151,-50.6049448285571,-14.9653497092332,-131.260233027552,-212.227404217051,-130.739465342014,-256.900870622179,-279.546386020085,-193.971528166149,-246.462419385375,-226.702271074771,-183.33773650426,-152.820586476172,-222.5453001836,-238.56540361996,-214.845849694309,-213.28703200293,-169.717932091681,-214.540549946767,-221.049313109643,-205.397956703762,-227.742121982764,-223.547625760994,-209.701615194846,-67.0428422413888,-66.781371221102,-8.61798807168154,-25.6433874766906,62.8282806644266,-63.0699215823165,9.44727363520365,-21.2772942916335,32.0284729860098,-3.21296771456249,36.1491459971204,89.2381091557293,21.7538727215754,116.268123511983,208.719359555699,122.734863258169,67.5890537220918,100.473582664636,97.3528348818193
-80.7288557164015,-30.766745023582,930.956949998105,-8.87794769554793,-35.6412660741595,-57.4478983601341,-12.5513638542895,-9.27450026674263,31.3467664963388,9.0881349963775,-117.559706365353,79.8161498768594,57.1146064778498,-18.5452015096428,-47.1668707890501,140.746129143023,102.395617041159,2.74830775992235,67.2875126086835,30.261844546005,-36.7611833371384,31.876198036294,-103.472786613372,-121.515041798612,-116.448515717435,-282.245150331581,-67.7651511527821,-229.259309482663,-338.68370504997,-159.01566938141,-237.566533386155,-253.318188175858,-236.209899397788,-109.584216712251,-202.752431137249,-241.862281080296,-236.498279875227,-241.420293387245,-149.12303514763,-207.798552407708,-227.300414291301,-209.870996747146,-224.049475276435,-211.645404822913,-210.369928096105,-48.4051292930134,-125.901761144113,-32.9710064386782,-81.6205596521563,-112.910294401828,-61.748666723411,-164.255606629357,21.8852437928122,-12.3877186608524,-201.730677299446,-199.651969443268,97.426318669211,-187.035149737223,168.489416072484,188.202002058875,53.8590791417025,-38.6124993579441,131.584614401149,52.1987593886219
-44.4706910835471,-2.30883741278289,1666.9374089426,33.1850734109416,-24.2808974981083,-41.5473047369053,38.1850613999049,31.9660939464824,60.3852069083641,61.3258420074362,-107.855942505835,42.5474527229104,98.0519600910817,-28.1017078161276,-203.231958097944,113.596154492003,23.6078294830645,-80.0000010010313,-19.8533147722766,-78.3082365943764,-129.979887833405,-36.976461933136,-146.461911153967,-260.188005523799,-145.258962499972,-272.161307412246,-81.1088864702307,-170.852347545063,-359.038944955886,-157.295245881465,-213.72971138113,-278.830332869857,-293.453078101546,-113.27412522677,-191.469647334852,-247.568704843554,-266.085302712702,-282.801930021467,-159.174136649186,-214.016949503146,-241.727800066287,-226.634573712162,-239.666358504529,-218.217928562303,-224.330080658585,-6.54745838801074,-113.061668822131,31.0661824282511,-56.1474716355011,-170.710723643336,30.7971055263595,-194.232358524691,119.909276600931,41.4805048393264,-235.180431212828,-277.440463218033,175.079052858897,-245.081477040664,248.20847342446,247.208465173422,50.9829952861547,-57.3761299865668,222.919039308909,50.2591089020106
-37.2082202478429,20.2156362066526,2787.87524645139,46.412102065812,-19.1690904209464,-78.5254819380992,38.7756697497886,34.3937603602996,23.318611985873,50.2875991711754,-117.680572197742,-61.2773950929908,59.594968387417,-82.6143603416026,-332.923173608982,13.9002943339962,-61.8244945154682,-174.311840279553,-102.289611509827,-192.522388902169,-170.726821052434,-104.380192503835,-175.868665678275,-331.991309855968,-171.904600354333,-211.133174324359,-120.516753027443,-117.798651013213,-333.742318377421,-158.269280097776,-184.689876729409,-285.50983447518,-318.110946962682,-129.57560054255,-179.258586146155,-243.782503145863,-275.013010022856,-295.894751198217,-170.133348362561,-212.720249845642,-238.30907104855,-227.125476959466,-234.646273328201,-221.573149591616,-221.572533586032,65.6554900935582,-49.7208605960322,147.554687533125,39.3529893393028,-122.472360943647,172.735512067691,-72.9008477289199,221.606369084027,157.338607599883,-74.7873505994942,-129.436550901449,272.065970148191,-80.7394767197613,291.79211936644,332.133882794899,121.319510702625,58.019991722535,286.590094834735,111.352595531269
-96.1600905956109,-18.2570931273042,3469.18126047002,-4.29857357896375,-51.0421449347135,-157.596837253835,-34.557063774117,-24.4539668114853,-80.9572434558455,-50.555357469904,-172.089137177095,-199.262015652699,-81.7799718444406,-196.671660620012,-414.120855366531,-168.816488502587,-123.030999380292,-281.18109352738,-189.904614552687,-257.442892763354,-202.211081468834,-133.293514348423,-201.344721686982,-346.535464587713,-168.745384429846,-175.994745187073,-130.999815997385,-86.4833168222789,-286.376915843892,-136.143032523421,-152.084634891699,-256.723368211416,-299.433182809483,-113.766437051191,-151.106461594454,-214.486767087835,-243.799057120159,-260.51238443789,-143.74670559522,-181.265413137772,-202.779622092712,-194.678006869085,-187.21706349496,-191.559030296957,-182.90786577551,148.380233598089,48.2392066936742,257.91684921715,167.874052588532,10.9268993481945,284.610229051976,128.283339523109,257.180760733465,245.385591982399,150.522545100832,135.756856823845,296.439416337582,174.574361285874,227.910280382811,339.999150964161,198.16906522308,230.765187893402,242.681703206092,196.136468480724
-216.275000078533,-137.42475768164,3223.11971042333,-121.138734208167,-142.058300994932,-254.162449747775,-159.127949756754,-140.890476305445,-215.915009693886,-207.331074388821,-283.665065280204,-319.052382650492,-270.410877869835,-372.046293120536,-452.012748116624,-370.092073223761,-191.915017391901,-387.17444406547,-298.993791616797,-293.949432104517,-286.402145909646,-178.091807205653,-255.169575472279,-370.952850760441,-181.778244623181,-203.165323906132,-146.559554979065,-96.7202392281813,-261.680980034307,-130.67173214515,-142.495416364246,-227.567152225796,-275.855871010645,-100.132212256905,-138.053633926501,-191.620466019014,-212.942465448825,-230.072106984437,-113.35382635901,-154.692084861747,-172.088519828028,-171.69699809814,-147.990144924434,-158.798038844863,-153.304432254209,172.935227241467,175.532221925202,292.611001198472,284.745516856011,197.32509079444,301.625724875754,319.452876669566,197.964942246206,246.643854533013,296.034603662051,348.087636589612,220.013126224697,335.467200601632,67.6750691334465,231.758017531073,214.986043433021,340.588187662818,94.0862031591794,233.125634019457
-311.709955896899,-249.653690363214,2463.60410784777,-224.583940213167,-226.374324400639,-306.867765157639,-245.950917703498,-240.7379551822,-299.529666591882,-320.667290600387,-384.163107161266,-361.570972387422,-385.926583205362,-521.871230721145,-427.831382470524,-451.44643805171,-259.57508564923,-401.51974887107,-366.444543309684,-305.912321697484,-348.848652200853,-228.708587290449,-297.560794755264,-373.530485503551,-210.024629316041,-228.78993499288,-181.131034846661,-126.305839229852,-253.261309776452,-149.19542372139,-149.215472073095,-212.425729093653,-252.844631504798,-109.715435481521,-143.657331844989,-183.988809674383,-194.75809770243,-220.102163158323,-107.30492805351,-148.898990775102,-158.982473903298,-165.575721260954,-136.72831603099,-140.372504936793,-145.570795668112,125.327233221172,302.072603793095,224.291752240378,345.755368820243,391.406546583746,261.201182475916,454.257096630721,132.685884414283,210.733439941685,349.716428092153,461.455130107164,139.13580429996,387.781146466155,-54.2791629356915,100.504635267867,215.399478200043,392.900729502257,-49.1982122982804,241.05441084019
-307.842174849319,-262.186715748681,1905.93050264708,-233.863572165168,-227.270910488728,-283.869961113295,-239.07492218061,-255.419602303173,-286.947173878845,-330.691536995068,-400.845531634384,-332.61062531961,-379.021992199555,-553.608490518461,-364.371999042069,-390.393454180912,-284.097481049629,-302.229620238243,-358.15389184569,-272.767322192505,-308.604901172434,-212.06355615717,-265.841909719515,-320.804746048673,-192.301971446957,-208.656400908517,-180.218410461383,-130.17578996654,-238.581338148544,-143.300759686754,-140.466405344586,-188.56445160473,-201.220904195575,-104.423893870899,-127.957395037962,-160.053000556483,-158.7736482095,-186.093741663439,-97.9246081618032,-131.239960079512,-133.082250365736,-135.045482009827,-114.883408297999,-109.003457825284,-119.996382880718,79.7531204648791,348.656314795727,113.711322408551,316.933684131327,505.760306153177,255.738945124444,503.635281002577,171.668571790452,208.871028161751,361.449683452626,501.916883318294,144.22937677175,411.555194342798,-42.5650421936386,39.3851664135241,258.445521904915,448.30386024079,-101.531054504637,279.326272480719
-250.187395166396,-204.926341193165,1725.18293642135,-183.928599795348,-175.207103759668,-251.714844570699,-195.393362745748,-216.044825772394,-248.219762064522,-296.288152667938,-366.212318347959,-331.244362502264,-343.188541380128,-513.359532306236,-374.167754741003,-365.033541680679,-270.722471875668,-233.406187570493,-370.696867996049,-216.75315808031,-239.372959008545,-128.384821370908,-187.719817702943,-275.684770910917,-126.235483557548,-189.955626775502,-117.655083708425,-107.078046639926,-226.529077616657,-96.1981531798906,-116.760047488874,-152.72250677787,-129.676832857564,-62.803288659015,-81.812583197469,-113.123910752496,-106.855085764054,-124.878082454381,-59.3513258097472,-87.3377697673004,-85.1041691658819,-79.3033383318808,-71.0793719758329,-61.3266355906995,-72.4109689297268,86.4966530760837,250.691197712433,62.7556279328169,193.947578176419,441.024393975114,306.391624551666,429.451889776834,291.271868019583,226.784714680488,321.182409675323,447.3213495524,199.592086177908,399.961550100123,31.4953293123248,24.0207849808452,284.884755331628,469.867035938919,-104.032099753038,311.270070136344
-245.925959138366,-183.781568718008,1588.56231156697,-181.795306196296,-162.186912381075,-302.563447142791,-211.129584514097,-214.656975730965,-295.309432860659,-322.530008130779,-375.224262293652,-449.298983708666,-399.514745718627,-535.084477982908,-542.349039994949,-547.158778874877,-263.515436231749,-324.519811287733,-509.192147521915,-189.865603229196,-259.461817858668,-64.4821645694692,-139.464100838763,-280.61045861196,-78.1430084099233,-207.505778540357,-43.6245725760845,-93.0343753979027,-219.033509163922,-49.4938492106161,-103.317095228729,-124.559186624639,-91.7756040351953,-17.4594909957819,-45.3573728899228,-78.6524399501576,-80.1095407295079,-93.1154490634439,-17.6462748498542,-52.6198278978309,-46.295619794985,-45.1928392123809,-42.3743937281259,-35.4692120689802,-51.0327262164543,100.522269253956,58.4704641705699,99.507315639561,37.8777077772544,212.061574898632,343.655335754577,250.742649733977,358.793142712704,211.913276402275,210.038969610344,288.620802972791,208.641097757648,304.442361083834,40.5485265467579,-14.1298135983082,205.614130360453,385.441628541606,-140.668099517177,252.828697578832
-322.423067987318,-240.291875417707,1267.13699750091,-263.984150571706,-218.157682650388,-431.521760213097,-306.138710680632,-291.759005297334,-437.17854024788,-430.938076483738,-462.86878541965,-652.141845432736,-545.538197317914,-650.103567490979,-800.27326098345,-867.742216393487,-269.128605380141,-514.226176075635,-716.441815554884,-195.232141658341,-350.263846948018,-66.2921350492911,-133.360242961458,-253.105105567117,-75.8354436322527,-206.340243332541,-9.45145327243292,-101.883456778423,-177.638363839055,-32.4490787122139,-97.1607217764806,-96.8673838037604,-92.5428924204732,4.72089534667837,-36.4380811719852,-69.4164582171644,-79.9771274319692,-99.1468508867257,-2.04036994910617,-48.0421426549131,-34.7639451758945,-46.333336077545,-43.7471036418741,-42.7760528137565,-68.6190177116099,77.8352876004252,-86.9967527705907,162.653021428289,-30.580506413488,-7.41948340026291,313.663524180951,95.0480497182914,300.984617420413,175.52748426488,108.06871786489,130.855598615249,145.46558270183,178.899319029929,-32.6861098888316,-71.3552585108402,68.1758860193693,240.5659134376,-205.574941249313,128.9859239255
-432.613496754716,-348.1440150947,844.211392255528,-390.986569387297,-324.804556538746,-561.054626028291,-436.215053120106,-426.769705593277,-587.774878721715,-566.780186637927,-596.339744188903,-819.428064083684,-687.474609390518,-767.480425406624,-995.945791034959,-1099.85047252672,-255.561961897826,-644.976619055923,-831.714615513843,-189.156359206391,-384.020825089307,-92.4180808918968,-127.258873780227,-98.8494101001725,-96.6950279274991,-137.781202432928,-21.1987327349331,-130.434635067047,-87.3075268477686,-42.0881011842814,-84.4235434095283,-56.7313960757647,-78.9744594990381,3.4749856260748,-41.2241248337481,-64.9338452889083,-74.1630857448887,-94.0574429895984,-8.56354899368177,-57.5372055327356,-42.3927913252942,-62.0958869625409,-63.2091580247964,-63.2116501727001,-93.8039053310571,35.1474356809306,-132.98341680535,179.56971880086,25.4508260286544,-89.5250186542189,210.258613009601,57.5234543031339,141.210872156038,146.203296694239,95.9783921434738,64.7731082887446,44.1551834841733,105.021260285658,-132.531399089502,-117.211517458949,-20.9621146256155,122.398562583835,-248.427673648896,21.5887304889308
-551.549459660908,-498.098378575332,441.517872457247,-538.813045495517,-487.267738984686,-651.84306069072,-568.772129770695,-596.780108339176,-692.355033484524,-696.052794123423,-740.632816081572,-889.303938225115,-776.770815031949,-829.682898288272,-1060.24576472573,-1139.65375176613,-217.419715465566,-652.524457393628,-806.525253207031,-156.5888604103,-298.288009816363,-93.8765806890408,-102.913471709367,118.622193288497,-117.182510234206,-58.7373854582183,-55.126425522007,-175.195137719154,-11.2015002926966,-71.4188689687053,-82.7133221489952,-37.9027445287051,-56.6086436248739,-22.6511067323488,-63.704466183841,-71.6464296152217,-76.9013901560669,-88.024841391709,-34.4622492505163,-80.1851115959192,-70.1472050521502,-93.1045714921739,-105.766592883031,-99.1217896901335,-129.575822875223,-41.3421723203094,-200.493285027246,89.8520645588233,53.5768365163574,-149.465603698568,9.19482153213676,33.0019346314809,-92.9274802376292,54.772359079262,85.6440797527372,-6.11431128383726,-102.732054224611,22.0820606095639,-254.540089718207,-195.035681899608,-93.2474493440529,-13.7513872089936,-297.974133215419,-99.2336521423805
-649.537482443673,-651.837122658316,98.0085530284957,-668.618668602502,-662.104759407414,-686.567577033401,-656.011213201551,-737.373250453607,-730.847689692835,-780.511737231733,-832.423736624845,-868.614173077625,-803.557845627887,-838.814474604516,-1019.48352747573,-1054.24082486777,-167.541525978814,-581.612541126678,-735.957876965122,-108.721254898455,-173.784423897669,-44.3360363146277,-70.297264145149,224.860334216157,-88.5389882775421,-41.4021902771593,-50.9568150634915,-180.399292357368,-4.35581677906482,-76.5095026432358,-87.6766802249673,-62.469238506161,-81.1316625418944,-41.5897443840362,-84.6720822739484,-95.8189866870536,-107.741661567422,-126.247412283767,-61.4268740227865,-106.496934900164,-113.009100217958,-137.121361348955,-158.177704543436,-149.746254579842,-188.766626582883,-178.320272085916,-389.757731260167,-112.318751123804,-85.454828250637,-347.486251230096,-256.017311053027,-126.436115158242,-331.655936215603,-164.119321886303,-51.5161352128863,-206.91553634309,-295.268603535429,-161.838325669085,-391.029556657095,-332.151328038562,-238.001147074369,-239.143968169821,-391.217171272585,-299.22389246796
-678.200600022968,-727.983302869677,-168.091353742027,-715.372070725467,-746.678925439456,-652.537985979518,-652.389161231303,-765.772696417952,-697.124631735383,-772.037009846877,-808.065139709452,-791.036649618631,-771.370048197611,-807.437764710073,-936.760450712181,-958.711882860604,-126.038897823788,-521.686576354184,-736.965586921149,-75.8185435223488,-165.127069459675,40.0409289120768,-70.8902594528478,104.711084170612,-2.47264819437266,-88.6097126653341,11.2641653638962,-108.685000959928,-55.4710741287193,-28.7436167386792,-76.1323810072069,-107.219934854685,-159.840174584477,-23.1344765429439,-71.3077061142236,-117.24503270058,-147.276465261754,-199.367320310488,-62.7134377431029,-112.768756687721,-156.886214227776,-182.081059682256,-189.316197058929,-197.731022296289,-253.005079202294,-316.092925859569,-621.039956779206,-328.530565776803,-312.34991066906,-617.143222654103,-436.778934161638,-369.86369088378,-445.33570193186,-406.438024305866,-265.364866240506,-464.764098407325,-443.17904693069,-380.115065217016,-471.130067550835,-447.764615939809,-421.134508277737,-481.375055928326,-479.586657968507,-526.987120743414
-640.814729389132,-707.884592017911,-370.127553926203,-679.054727775255,-719.969629539422,-590.675922928488,-599.836483901956,-702.048265954843,-638.621575383171,-702.685827841591,-712.222913542666,-715.043693839599,-734.165608131693,-769.484331678331,-870.954842989995,-937.139306765615,-127.724985267613,-541.733267797918,-847.365278333168,-107.04749606596,-328.172024529604,82.9385386266362,-147.546836903889,-190.436133415185,40.2370646759357,-176.96164570603,45.7465424028656,-48.6621963173574,-134.260793488661,1.42926609826709,-76.9184898323577,-155.348297203307,-244.541440674039,-14.3406709108709,-59.8481110877796,-137.529907698422,-187.144010374275,-269.814464540323,-62.4871799954059,-119.608647788323,-203.140787785937,-235.398983986897,-208.964263018275,-245.620918622698,-312.827792218441,-375.035429273221,-760.135074854418,-438.229834091673,-459.553278346698,-780.259005765818,-448.765411440601,-529.627511242526,-402.554561828421,-500.272142999708,-400.1866950732,-610.197789214694,-464.008346105497,-496.910903577603,-456.460041306127,-468.877765601513,-538.093686503472,-618.953859341965,-507.760047728745,-671.98073467449
-571.195930451784,-635.163710260673,-537.895369767294,-613.056089632325,-652.112681296895,-542.68132071384,-564.81997890398,-633.398158624067,-601.79910320092,-649.587024827754,-644.219549685427,-661.433875737945,-728.107133040189,-750.565332067208,-812.306847046171,-965.812846197232,-176.893389413455,-607.157191186511,-964.541183077999,-195.602339311965,-514.57782623705,39.3158307473711,-249.745254147315,-453.586110814549,-17.1294545883224,-264.425868266525,-5.9680957656724,-82.3269323641189,-203.431778069771,-43.6803231566209,-118.635204373384,-193.17691250126,-278.082641669169,-54.5730377978902,-94.1985189816914,-166.608202246982,-223.058774559214,-306.238467297098,-93.2432236453451,-153.057381744101,-240.184467607807,-284.91923447382,-233.566243625863,-286.53473189996,-362.359479162354,-352.394795054823,-770.227956159046,-402.651130780205,-478.664350695003,-789.177067778268,-368.549573776523,-542.83458390259,-310.296723003477,-418.299171009225,-398.24254717005,-595.696512319646,-387.938115739593,-487.417720666153,-378.682535268512,-418.663429867206,-547.466413431688,-632.195585039168,-465.238586190627,-687.442201391106
-466.084603918998,-531.590789295182,-657.790431370468,-532.668959582357,-579.412062247559,-481.733362167968,-527.624920786453,-579.299233608441,-554.315556148237,-614.32781585649,-609.841457870697,-584.55471197523,-698.225045287351,-722.714595521039,-716.694356161164,-924.509667000807,-246.786661171092,-620.449653422291,-924.521725187027,-277.411905296461,-546.560390536316,-44.5369883545414,-284.841087230787,-499.260076020259,-92.4284025576624,-286.065875058712,-74.5425566637395,-146.695128433588,-221.76646176995,-101.912122617589,-159.306939437667,-193.057781078282,-234.821871160056,-93.5241085310077,-131.806736373541,-178.221593738307,-218.594281713821,-275.130100997701,-121.013658333133,-174.860168060408,-225.781568257424,-277.043720936726,-227.438431049837,-273.062323292799,-358.804349908261,-278.634040909608,-681.541666771774,-248.221416612647,-427.043036706135,-716.282537881771,-275.8679023304,-479.785315213459,-247.730537760756,-263.439679656645,-324.780029241288,-509.528089554875,-276.946990047081,-426.338893066076,-257.415216801803,-316.102863008097,-476.913678431823,-574.846745885081,-328.295954279517,-599.996484177414
-305.471377515585,-388.378037950989,-709.133239607117,-408.587464262711,-474.23496890534,-363.020166596791,-423.139037789155,-483.998004083181,-436.32868659412,-525.801182257538,-527.715557307503,-447.90610125247,-573.053699297019,-626.483807233334,-590.891998348725,-727.275526062437,-312.628304230076,-538.515507284367,-672.520092053132,-311.612472304711,-427.342965239955,-99.4250748040537,-247.917159838802,-343.322834260022,-104.020415649414,-222.557217075682,-74.3823065564595,-146.601883510989,-185.843703780213,-93.9862447085084,-144.077939338076,-150.403203599559,-135.330808695475,-73.0074289988978,-107.730562298791,-139.537911174581,-148.118839823426,-163.275149383564,-89.4875276427445,-129.338485160666,-142.872181299634,-185.099595557759,-153.804763113224,-177.022472314792,-264.020498420228,-180.371241602527,-524.578799184109,-40.91785778194,-349.413122609313,-622.456781960388,-172.185170259334,-421.979541363846,-197.609480446799,-116.2897810063,-258.194157986328,-457.48403947569,-137.154741281843,-372.105338311833,-88.0409544875419,-122.805511575001,-366.553904958418,-491.241054411836,-74.6580563504958,-462.212692342791
-128.526533125592,-230.765349698236,-774.917482527107,-253.010223735585,-339.354966012891,-210.544452040759,-267.548751623899,-337.542212819323,-273.682231244578,-373.429710322675,-380.178946259525,-285.573831462481,-381.584041681975,-453.367934686648,-453.055114101043,-420.795811911159,-335.711689682553,-385.923331660668,-319.578035377787,-288.461556074681,-266.422065443153,-103.029858745747,-191.042482634721,-154.017407228171,-72.5274374779009,-129.610673486557,-26.1626375087864,-95.4380373526485,-133.688217766122,-40.601029167914,-86.3986831363611,-101.689742293985,-43.8820857743945,-16.7501249455584,-39.2597008240633,-69.3925988933544,-57.8984684645187,-33.3210500976181,-17.3653646838551,-39.1280750467391,-45.0288598831457,-68.7580729265498,-49.0723148715932,-51.7058980798184,-128.499588136987,-123.499599895474,-369.695848103817,79.2631217446709,-291.164078336139,-568.49505248512,-108.402834490427,-424.227229633894,-174.743037398212,-45.884822573146,-265.077576662078,-517.367023843392,-22.4816568796814,-372.154923689577,53.1705595237525,97.0794327332031,-282.746116368474,-452.333459366986,189.557970899872,-363.184604264032
-8.75004244771733,-119.119321205124,-984.693430118259,-135.213066634887,-228.244117262576,-92.7240747832246,-151.043754072431,-208.037199050156,-158.454982283953,-240.413824034833,-244.264559402171,-157.921679920565,-225.267886813292,-273.160236501172,-267.519191569336,-139.01168344691,-261.967847930648,-198.092522152964,-29.1023679848367,-195.936974908803,-113.229704284514,-66.0579745634916,-121.501672071471,-42.2382359304889,-39.2474448650559,-50.2796064115565,7.84375593637083,-46.2458057629576,-77.4601880328308,3.7482351866887,-26.8691428839403,-60.457194709089,-4.61692325122139,25.4954306689663,17.4709309186858,-6.43684700637458,-2.85403810259941,27.5110852997646,35.6806413046494,31.1407618475906,16.606698619797,1.129969201699,36.0931316765199,34.7922574663688,-39.9189089541591,-148.871787852551,-307.619770023239,5.80860141038158,-315.72264565441,-606.700586736418,-169.906747283252,-506.756798317837,-240.889523428467,-130.370902281262,-385.306504453128,-675.761344504622,-59.7542362660888,-468.768015329939,32.7756221765141,145.079149234844,-301.982223852044,-536.916367499334,267.13073870128,-386.24011458563
44.4187278451427,-69.398194928786,-1289.98867446191,-84.0283391502355,-155.923593104656,-32.9291102506237,-105.087630672413,-130.506184748924,-119.227740920424,-171.288637089947,-157.229934171154,-79.1856963148668,-143.496595108504,-144.041064148301,-26.8901636355934,29.1676500138609,-107.941415256801,-19.540307587697,123.616656749482,-59.7525125596212,24.7417388131638,-24.2947271372501,-29.4886428821619,16.7200653980739,-4.82107244658029,25.5090556139518,20.1049785297523,0.157274697209102,1.64795967041407,34.2353992621217,28.5697592020656,-1.37424873432091,16.9165143707312,50.9983826216949,54.0664368119522,47.1697840280864,35.1415903902337,28.6913689387616,62.4478837088047,71.9091217759116,58.1443408369997,33.1272651361933,105.864238789331,84.6371989565388,-4.13740340618385,-177.408226570559,-320.473863380122,-158.208028482836,-395.198781963051,-654.172042264836,-294.545211520398,-583.388730867587,-360.15119673525,-319.595279680136,-542.786163163269,-740.754116691487,-250.122367468998,-585.113740308591,-151.922447504796,-49.4407653215822,-404.622920620934,-670.799011702692,102.080818880191,-485.12837086419
73.8396810560351,-43.7860083120416,-1457.96011458255,-55.9027173976452,-88.6904049174189,-3.89273277903053,-76.6167853569877,-66.9002842716589,-96.9559612421766,-116.319892868352,-74.2256592899122,-23.0375041446104,-82.1021581761349,-47.5237138085606,171.869267413826,98.7005613080794,2.42663288256572,92.0406414407809,165.328905334324,31.2684230708263,118.578312261741,-47.7287962705132,44.5360878161738,66.1278635085584,11.2738828948857,87.6015828493345,7.57465955132351,36.3239098948526,74.285383377999,44.8686646979085,65.8903280650017,54.9034341410807,48.9478058657954,57.3179820075815,72.2447344917729,86.0800348923234,72.8109328666803,34.8017669842428,74.0375334989182,94.9390936260276,92.022092764223,57.8247300796515,159.096272162959,122.28887622252,22.44994638602,-130.784574638793,-308.049990984842,-216.917574222285,-422.575833823475,-572.793724661318,-333.575272787867,-534.036545357269,-420.81963553851,-441.437809810339,-596.782120039566,-518.049109581952,-426.972054912852,-562.653475747471,-348.902421705326,-311.979661390465,-485.629055502504,-658.282958149394,-154.162074045082,-527.417755887063
119.335681020273,6.63656097880752,-1356.9772598165,8.37562079006338,5.26025643364551,42.6402056637136,-3.58552957337461,31.818549765332,-20.9669135401984,-7.85918369899745,49.3315806113823,52.8872050710156,26.8294496791102,74.1603302371082,268.111408760005,142.775262765529,3.65084284946083,142.748927198418,162.347695050115,40.1240497360376,170.939147965158,-142.298385810219,72.9577318071657,105.550977582706,-13.228222176245,113.985730251231,-48.2796559043339,39.5813623884141,99.2161937055747,19.2732343444885,62.919930993502,66.6336863059105,66.0384761976194,25.6238561200508,58.373168419905,88.6538782021669,83.0881010484213,58.0692936305136,60.3828618188456,89.8114648769522,97.6800178096443,73.2394774186169,168.876622683048,144.856003452607,52.4278641708222,-56.7713505999052,-244.925201086675,-142.336625559328,-371.548017966327,-389.189847055775,-262.573109532538,-377.124526902863,-381.235894598045,-403.525323083945,-505.039722608752,-104.344956177249,-458.4711495771,-370.651907303535,-422.74763465558,-432.85535292622,-479.964576331731,-447.127786288668,-307.867575975064,-463.962558155884
196.270915596127,103.766145529443,-1149.54261844842,123.139542228684,124.992273122313,138.080123109322,124.525426780182,166.946084357635,119.058421883975,158.551810569538,191.772075676765,174.544422533161,182.291059091623,233.256963085355,336.147677675439,206.810871895981,-10.2254034495802,203.159495763637,170.869448273248,37.2350450453127,222.443746956344,-204.886987703144,89.3252366120109,137.861712954142,-38.8928410027708,133.009541923584,-121.775208309549,32.2689244756248,104.40071100671,-20.7523563440128,40.9929601272806,54.9819511935746,62.6073599366189,-29.3468201433996,25.7525468677754,63.3464147254265,66.5621754137713,74.6227416147627,25.3711437346984,58.758935077348,73.0434640905973,71.8563144034688,134.27708537808,139.374973562973,71.7996973356895,-18.9473273267344,-186.454554986028,-55.2970872605296,-313.18271714792,-239.575179615865,-163.007258328405,-241.047198208872,-281.78276033543,-268.794694788762,-343.549194663221,180.05333940957,-364.779718544431,-152.982170945797,-355.832749588482,-373.277664982334,-401.32819714147,-219.372303307393,-283.592972491949,-363.443738397469
260.207671684289,194.316207449944,-1107.89875292874,224.131389836355,209.832200154436,237.721273772697,245.220561754729,271.235842452861,254.279680788054,307.804870732113,272.591949829981,301.957078035343,309.52531787501,361.544843272502,427.609040388472,269.07020224073,42.3447225329298,287.112360576771,195.501038912907,74.2504229914489,268.674816717028,-175.183766011888,114.462337417444,166.043513682577,-24.6753099753111,174.220155852592,-167.471572065117,41.2893845013926,125.193321882265,-47.4471615723859,26.2978158236243,50.2594301459797,50.4072498484495,-76.8742098972449,-3.41045652211872,34.3220598612067,45.2133122312542,65.6163923941299,-16.2233161241855,16.285333033817,30.3322349961425,46.9088756150167,77.0453607125611,95.9989478756059,62.2025635396149,6.77693350635766,-161.244226275696,-19.8767153971565,-288.129316113737,-168.380855628833,-87.1699690026392,-200.638532680417,-175.578601899165,-146.576777810254,-212.580119550574,150.706493101594,-244.574841577371,-67.0325833870222,-216.097249210921,-239.54652670142,-300.255730954431,-172.25796372924,-152.288239131306,-314.393165433217
246.057079073299,194.190321088313,-1252.05813342163,233.743561951188,193.389325568401,273.854910263295,291.013719440685,278.285163357053,327.738874782506,375.366861915167,249.516063255421,379.02165487012,368.795240805646,397.790806435348,482.154536814417,296.708801085448,105.938526445152,331.463634951494,193.024696032326,109.683763510528,255.102304879895,-113.072070638142,123.412024528643,152.136935456236,9.63642707983075,203.913488565283,-174.728970322156,50.6458659700966,141.002399614007,-64.2309247319794,9.25782772729149,37.5597911592849,20.9369808193777,-110.703912840594,-33.3619830367324,7.06718054121874,13.9574962255356,20.1955109506952,-60.7782403864674,-31.4668562027698,-20.7666198964853,-1.57874670554424,16.2299918373598,26.872968945846,18.3776030009741,37.4726029658798,-153.053193450068,-4.34492929283591,-253.381616752019,-128.58990026669,-51.1911838426292,-212.325802669887,-112.383519839567,-93.6273236867893,-166.787272591201,-69.4334392550085,-170.366387089801,-136.086885918748,-94.2841601526458,-137.761094185717,-230.236925143816,-293.974206741768,-38.1225616837703,-333.443767469966
172.082189225593,107.814296628258,-1338.3922660071,166.718100262964,100.823425616276,266.351019075741,272.443692275056,210.502832929416,368.963117316484,380.128463860631,178.9751489967,423.621734492971,404.270941490249,369.167608584186,468.535389772126,286.917137836138,107.443726903134,294.678410586227,133.808496182847,85.2438856743592,140.210110174984,-82.4457826460517,85.7024375476834,45.6070901533145,21.4330909625028,160.456471965062,-161.691519773411,34.6408815693449,127.47385842552,-82.6281256902777,-17.7280793311274,12.3940787789505,-13.3018271010968,-135.212386408667,-69.0116255324907,-20.016075235493,-26.6956542600517,-37.7499517132044,-102.187872010122,-74.5367127615322,-63.681153488949,-48.3206259994006,-38.9006849650978,-32.3745068447925,-35.5785458768994,27.326299528911,-121.570129264544,10.8708272680368,-118.410058338374,-66.3269970787674,-64.9134751392352,-148.368848440659,-113.724837129844,-92.6003544051622,-159.215039227136,-207.398321221491,-144.657140581876,-225.388376771719,-41.4342374647581,-86.0427915131889,-194.042471891257,-390.424502489438,4.71733971717927,-341.249046232119
107.487331788305,12.3385631927935,-1256.7702864489,90.9650354907994,3.12765035630888,270.2039992013,229.34922526649,126.585769354689,402.589479394506,344.29983699324,116.391885618721,472.449845667923,426.193114948127,318.487930012887,448.362303866878,235.594163479055,63.0591848928908,202.847554203134,32.1260416794692,4.06348884343329,-65.4771702614848,-77.837432324249,-10.2525294556357,-152.284048612567,-9.99693559424671,18.0502678246525,-157.158311376267,-18.8832914302803,79.7941899314569,-109.569859011554,-53.6818467773322,-9.62749312453817,-24.6240983668452,-155.156035630631,-103.637355127726,-51.4324498275805,-55.9492843641948,-62.5586276015904,-133.08708516621,-105.950160316912,-95.383867332125,-74.4640491000527,-94.8780894478499,-68.8599438390589,-72.9544672228893,-49.3018138955069,-14.9394932335096,-41.3393589890279,152.259171620762,51.1540185149808,-137.866424333989,73.6286083047486,-150.077629333343,-107.921571063995,-86.0041013143315,-122.665591458443,-134.353667891937,-188.350739866122,-43.7007261666821,-43.3117401103522,-134.007776030612,-325.816286380828,7.90815845580557,-259.597759546512
61.036658686704,-53.9349162563646,-1167.13066830388,26.6006655877516,-79.2066659920618,273.454559149845,166.578523550951,39.5400293503055,388.085842958757,254.472013813796,51.2150559486211,498.372483049491,386.086043346825,242.41330572948,472.106428468293,161.153488379023,28.739414701889,130.982417172235,-43.3095328829636,-62.9514825062368,-254.241683200062,-64.5283141135221,-116.721695024595,-352.665795463175,-47.3505846257369,-168.26822791379,-167.408039389024,-91.9244050477974,-11.7213233624884,-142.647212987201,-107.932375622973,-44.5308197681195,-33.2327077583615,-180.330146568553,-140.173073122767,-99.8972870015253,-81.8938294870718,-64.6564212956303,-161.30568047519,-140.204835824722,-135.165608255881,-99.4009622549195,-159.569263028653,-106.57879528628,-103.908232798046,-167.967293999917,145.396899355072,-247.076965228654,419.58580791721,190.064693097782,-276.284498436186,342.444680620785,-196.113502268666,-155.136625800999,44.2238334159073,63.010184668193,-137.582491764724,-58.4650999817541,-69.5019551838943,-1.25426088155067,-39.2555116089306,-179.676761097059,-7.37591384668985,-136.248072877727
20.5714690657221,-78.8257911272449,-1142.11978626589,-13.1251776439558,-120.312852241625,258.929788662466,110.610081466597,-20.4624829461095,333.524666643081,166.691931274996,13.1475600440633,482.981545485312,318.361171464756,180.06968716278,529.632499975051,148.492395074205,38.5653804802251,145.236628455994,23.6299968871638,-47.1531345455283,-259.861790107062,-21.7239975915965,-129.264561595596,-403.260685378606,-6.40460071714247,-266.442622867987,-148.503996874922,-114.701827365576,-115.624687097908,-147.61226145025,-158.372228299074,-101.252722844363,-66.0252934922639,-196.201448407975,-168.644808905232,-151.878002891316,-122.659934813884,-90.3973095945623,-182.722892817044,-178.267462593184,-181.409714219277,-139.516842235053,-212.045336206641,-153.975178722392,-148.261515837399,-262.994233211081,243.955563292623,-483.821762957005,492.381044313153,270.558993119378,-388.321258527408,462.837894882348,-223.614467030559,-210.087951785072,123.193738864909,161.430068694981,-142.052918379877,34.0423254937416,-79.143690458613,22.0163100784525,36.3956949124576,-74.6220189182465,-43.7942017307289,-59.5288707519896
16.0389381914073,-37.9485813908712,-1054.34389588039,11.9689486868337,-64.1110948979202,254.363127752675,110.161789728042,10.1586926891085,306.703220657694,168.977582511127,71.3832584684927,459.678594801546,308.219302737298,205.45925901935,566.739826140272,228.92577510576,83.1965948399369,194.716241560652,232.284623425743,11.1825079849486,-102.207910215013,21.7712762353509,-51.1476844835098,-252.201982286108,103.66762242148,-222.751006479656,-84.7374480643826,-58.8412994732685,-169.418544515919,-105.894346950803,-168.286633747365,-145.173729211906,-102.188947043751,-178.67198547177,-167.482949630919,-176.891479756181,-163.069427466285,-139.676730531957,-178.051091014214,-197.617387928598,-213.306970214037,-180.637362625783,-226.85153046736,-193.224278780134,-199.001261576707,-265.062549972377,205.745537444411,-482.367782838129,377.177553871314,249.893727977203,-333.768138167499,396.541239288451,-177.359165785889,-166.409706556613,127.729719701349,142.192369894001,-91.8177431375567,68.7241565482288,-24.0036758923059,46.6980508595815,77.8061878916025,0.342680701208046,-69.4684163131772,-19.6704453215187
53.1660283451531,46.8988688766023,-927.837934042077,86.8518338120919,63.7616542917534,259.424840466312,150.34628763786,115.41257450019,307.514884687113,234.046726244708,193.23890411215,435.467474596174,334.537579638155,290.698349496235,518.936994455755,292.500414284327,124.183605934908,160.574312285032,370.028956039923,23.5633472222341,-26.1268187607809,30.4896200278784,-27.7968068240252,-67.3358263242636,154.929205388447,-165.680952391417,-35.8883707109581,-13.172258753969,-185.813328293273,-67.3421365984991,-162.368726971351,-161.210870776377,-124.487752007419,-149.230027460556,-153.738286250773,-183.761822583037,-187.674652380357,-181.221589805345,-158.368614591901,-199.351366556416,-229.504764144207,-203.621258878028,-214.398166268706,-213.493410409303,-233.98722713873,-205.113510639022,94.3187063919536,-258.509167211932,242.693231568835,141.362240361285,-169.522325370117,256.397220104757,-67.4709830312405,-24.9435090881044,116.191940693981,63.7256837368833,13.8850197154644,80.1285931302886,92.0035720885083,96.8336889949757,104.918665799441,61.3818272021407,-46.3635074716201,17.5372857369015
118.612108891907,141.079266833883,-911.695042457887,177.883597949928,195.282240665107,270.028512842764,210.235676499025,238.669191211267,316.811143685734,307.289153903855,309.573072579746,412.19985132325,357.649434578276,372.042136302415,408.194842881522,289.985927443484,165.970310900773,87.7276493893981,320.55506902875,31.7540907404359,-85.5229390013243,64.7886719432921,-69.7514691433222,-3.30350571936458,125.892179784124,-182.12798863831,-8.11547741509828,-21.8652172774872,-201.749679183493,-51.6044503416791,-161.080287745506,-150.277808759427,-119.482793467114,-120.82412532819,-135.564310518339,-173.619706901324,-174.758529635679,-168.454460169289,-129.714502618281,-176.338980416574,-211.405443886449,-173.95134917202,-170.527742915681,-183.046968411178,-205.37931552785,-137.062220555057,73.3816452351957,-46.154116776608,234.15768632338,41.7354881894138,-31.6526990131218,178.567902647921,65.5767854799244,135.016096346102,141.63158594909,-16.7973352619135,159.628514480096,73.1876258493198,257.621960321046,208.02933936586,151.975724521606,76.0657644179015,68.0587445482014,63.4699841927172
241.553999351736,278.105837081346,-789.28678170222,319.405435554163,345.152368891475,331.297877612634,330.965040909477,394.265784984824,376.925564154226,429.518364187651,449.88094749573,425.64920408021,426.74402061175,481.378598693241,328.722636621877,338.231510737543,240.957420972012,133.15096961419,273.529196139346,120.263226681929,-47.6071951965343,184.138408334547,-23.3907810860489,24.0649634869517,130.880260345886,-166.761683973565,63.4388910450604,3.21766210969015,-177.424320119416,-2.38254784733214,-114.374132799555,-94.4452193814741,-43.1314856353701,-56.8377116060255,-70.7785402027692,-102.853538041362,-82.6856845470045,-44.93517410663,-59.2790278716594,-86.9912524767999,-113.045749869151,-50.6475463021031,-54.5534855669131,-55.3095100041565,-61.2047059483039,20.1111997076216,246.420410119145,158.854107638973,379.412190595596,97.4641263788303,150.377777369872,259.31459236942,253.472510520789,362.914219607212,265.16781354699,4.51533596557303,408.738576778473,113.447721841486,499.823596878601,462.664051683022,304.75874326984,113.181755632795,330.182490025564,183.307743723837
416.861734351921,474.687951153182,-50.9239814890727,511.343276770243,530.884934761178,433.101261699101,493.973020471004,582.093989760958,464.684934830193,594.458531745728,631.832595389657,442.759860784827,520.357319271166,626.515367012427,288.975963030611,461.992011748657,310.465496980339,265.094791974105,363.914005399525,216.182850362555,134.57060775306,294.042891033524,101.644036949074,106.153421356233,181.512731637516,-59.5395974372513,152.830295936511,92.232465694358,-92.7291676465933,86.6308358742109,-7.24746979311147,-9.69531963209859,103.108628477489,42.2976501234781,41.5377524202633,22.9545666514744,70.8685998268966,165.196945926211,47.9889794366969,56.9074902787861,52.4531205236043,139.669755503704,120.570140116849,141.35671602472,161.242258122797,307.302068840255,506.191803024458,424.089132750961,539.803247727192,318.570107546193,431.449334788351,466.756430428889,473.287460367049,665.92178362724,486.973390341244,202.563377709733,720.671132977389,295.764538002594,729.409975807057,809.729484051766,597.651760642479,293.18131710007,648.937274122417,433.352375884365
539.284102609453,632.761783045101,1308.79599473537,637.082007824785,666.819359684499,470.590420400161,571.703457592857,699.765812051231,457.833772782978,655.879068510897,752.967383814301,363.466423905637,500.74646275503,686.71457422409,219.342948196636,491.917871045062,306.736237063978,311.60648108147,415.382417087993,213.377084357342,240.308731514829,282.915699679913,145.746378706319,136.094833384112,185.434856463513,34.2150060501943,169.016497147302,155.081776938391,-8.21110960942436,149.803801808586,92.7537952750548,59.780601234825,229.207640968684,121.113782555056,136.067690989635,129.465711407144,197.88223414798,334.747587930035,134.592688054597,175.678003978097,198.362224595577,297.607337688886,266.943632928838,304.458071960862,337.362450984988,524.161305725832,642.736894636224,528.01833706275,521.885847712813,527.015022782693,599.862034678132,617.411410675042,568.808999456575,788.836598311362,648.69905985892,468.898299380765,822.117686885417,556.546805900209,707.306386522209,909.201289229551,854.260185521558,566.826783282101,699.589219162597,715.913987869396
491.328933690134,615.0579586233,2455.57853645285,582.458912644297,638.968322601153,379.722552765696,479.513391077274,639.348478499933,314.569448661434,510.874417397667,696.694026066159,186.07294683101,328.517727930679,556.141571729497,118.670607481216,335.343337539207,236.686976189893,242.410495380293,275.287655159933,151.904103630911,191.878213651008,185.196163591989,90.0105208679178,47.5254616129668,125.634402360333,42.6641391099734,103.491424075757,136.252847285926,34.4325339906181,144.211608078767,123.459802962136,94.8430612720512,242.426944873361,133.993130653637,158.92934459626,158.984400604466,225.389749762383,344.569287430206,155.468926225404,204.9437887884,239.255784436576,324.373882587555,298.768558512652,340.342683803994,361.183625908663,467.625552545404,568.372301698094,314.913958846225,298.798711990435,535.453800924215,480.699589123906,526.902844242607,442.720976486674,517.825166923861,560.413715835238,566.845013095282,514.549034308577,649.700003868486,335.881870390045,457.300841465351,785.26984823948,697.409247495594,258.181713581715,805.414860665746
276.73979753126,404.932882452278,2549.07788387926,371.469979855815,440.189301801099,216.040656334426,275.39361499421,417.016754322472,137.254162866044,253.347460891027,468.688581394955,31.1231155167933,125.782425153369,289.662522180024,51.4127158497628,115.547027091007,149.23968704991,160.511908030934,77.8991630376455,106.642905082954,114.475709662361,85.9555807511735,29.8634727953357,-27.2647968069319,49.2051909005223,12.36282758593,11.6182497812464,67.0875278913181,47.3768354434174,78.3177672667882,83.2039541929404,85.5398744431351,136.417521761499,76.3003543860465,104.218955025003,108.387979485101,147.124390187664,192.876834367987,102.251665066353,138.305005353052,153.727229674785,200.286504003104,198.19185571415,228.975693787891,225.920232154384,214.93118021073,362.678980485694,47.1763324604646,44.1944771060158,328.026524992979,226.253071064277,214.5736001152,205.77442750903,72.7810012776094,255.987778472376,404.242686781482,22.353722592177,426.848795202714,-115.807305588623,-277.038771464984,355.176725932244,531.159188790848,-369.748780548497,586.304047626142
51.3993174962586,157.056378209744,1740.11419999385,150.208912851299,206.358752559376,82.9737859263886,89.4349177464375,175.021785789163,30.6404725049935,60.1100397382056,208.411626763408,-21.3121500875141,5.84681646281315,48.327566274664,39.1871650584958,-18.8998375672066,63.9790248228292,116.924141984366,-7.83156663318636,65.8798118724836,69.3892074222449,16.9041388534064,-3.60843713672637,5.26395873494894,-12.5795419890867,1.36706663726004,-60.5029136060655,8.6573500677019,55.7132934527799,6.14290615777777,29.3635458440407,45.5713338519407,10.1258376277123,1.07738836945832,24.908782415181,36.544903206885,42.3615720187317,19.3562610014501,22.3186773130548,43.6481514707059,28.5513802298355,39.3175978138621,57.8392973922342,76.3425391348115,55.6735049680258,-12.6566487390763,207.911116255208,2.37093326577318,-40.7415783455387,118.34083365762,77.5075250290275,-62.6184743719696,52.0290544921526,-133.356318838311,6.0440635970803,194.426331493797,-223.410664048203,95.3694637499746,-265.32125533735,-617.39102552559,-58.9328817512422,228.909099846051,-581.799942388631,249.210728931783
-18.153143793098,52.0289277807638,946.472557121158,52.5437949880768,100.650699135659,35.4130235508444,9.09495401337744,52.7269256372182,4.18258234149249,0.434522646372701,68.3098504660713,-10.766963209068,-24.5257136945482,-58.4606328107866,43.2950878549135,-59.4758837554882,-14.1460994291761,88.1625914644347,-14.1934344403221,12.5839072237547,26.5208769280166,-9.58080889783875,-19.5075405235527,60.3931323417524,-32.1570225604573,30.2343690184719,-78.8226381145181,12.5528110600075,86.1750894892185,-3.02328551165196,34.5091608377955,40.2271862618777,-14.3517960981768,-16.6829679871145,6.74043242724495,31.0822371129918,20.9195737448208,-18.1434046745461,-1.57514418437645,22.9820225213579,-0.060383462660953,-0.644314967475796,17.6391132576615,38.4745548976293,12.7767708297936,-107.944534307285,245.251298938484,74.3179505167332,72.6812757902345,153.582191981095,57.7855940390653,-76.1189673858943,46.0506147326675,-35.6733189163651,4.63562657726269,203.601768485711,-120.733302795952,-6.73120051869537,-71.8875428432557,-334.07304152037,-89.7452067379546,76.8334851722085,-220.312108082896,94.9345229388653
75.1833374191739,120.201129894215,718.157674312452,94.1315167345035,157.347573312926,58.158673393667,32.745866572166,70.9226947690601,18.5494575567484,21.57214698277,73.9836526118424,-5.86581590225363,-11.1455172158183,-51.614270252941,22.2190976297426,-84.5545128091551,-63.5965591893675,59.9886219801861,-34.60375655148,-12.4683430167655,6.80027581220526,14.8509900456335,4.41280513959761,63.1668850211868,3.01894274714905,98.9324056219609,-34.9853360124805,80.3826547801133,142.251944524295,58.1932298559779,107.203651100382,101.553973469477,69.3186254379005,34.0630709295438,71.7721165698651,108.012826212245,95.2837172583389,77.3730218857483,50.7366617630238,95.8126746792479,90.5999673831995,90.6418267870715,100.246162277507,128.040111800172,108.643275429606,-101.302448476094,385.845476757683,60.309682736209,214.001716951795,373.622805031939,72.5011308240248,95.1385783153257,109.173013652255,106.787017697731,151.478036444731,378.485096876216,65.2496101210384,144.563167194972,163.994862978242,96.3244009898636,159.172551694281,119.301207333085,270.357225270473,157.922365776214
188.057043424329,235.624578356912,751.826703632731,176.142148310045,260.12871845169,90.1332893002038,84.73143315326,139.177781785614,29.655017871491,44.0654216308474,119.574489247673,-39.0644967235661,-3.32291111219329,-32.2227302448034,-47.1941834967189,-155.117518017336,-69.5860850185471,35.2616081881814,-79.0932261486358,15.9484112114696,51.9480056721937,62.2170072628804,75.8662426305602,60.0652349856054,59.0348575280808,176.805280125674,33.0461509018398,151.373706187339,184.086573095003,121.895909998828,177.848671754895,165.996585034413,148.499025001337,93.7871809808517,144.290788603121,186.015193096525,168.285147179657,161.394171645868,113.002489459842,173.237809839425,184.417092343876,173.432432418823,189.264360235089,206.678795276103,197.415601254628,-72.9567162629803,407.45210946471,-14.0169906029229,222.346550776251,469.780061186082,91.2158060317701,189.135530049079,155.948821518876,136.741769598954,227.156687997846,442.333131555106,130.779329394608,290.270438301761,204.368469628798,207.665901394245,324.30244457593,200.413036432229,450.255200320845,247.137288095594
185.095520512523,253.82632670352,558.16199290461,176.816764587351,269.520462083671,58.795959240127,70.9672325311968,144.111824008419,-12.7192689783131,9.5826882382505,91.2847010646561,-128.948726306565,-46.481240357341,-76.897861334895,-171.139250498278,-283.050240912764,-49.7306956787688,-5.08605612104045,-138.548185101428,63.4311239423339,117.702298735657,92.8716451907797,148.208023047192,88.3228665216558,101.450976480561,209.08987701951,83.5714696124046,172.574609329214,174.96538809532,138.289477595018,184.305092095918,169.529193034352,147.48184420891,116.958297868008,155.449760138769,192.717379047036,166.756830274747,145.279456906728,132.010718881623,181.49480545848,187.727995085559,156.299348983988,194.411365052724,187.637850190761,179.906442473297,-75.4111016865969,264.373831127545,-49.1104696994016,123.644939256462,329.219271136776,105.627226735949,117.697306200843,160.526916129411,103.305584336673,173.933086225386,308.586085494893,105.13421693823,285.951148917725,87.4379328366678,64.574146374441,276.269932496397,255.647929545878,311.146464596834,270.467802218931
45.4494959642591,124.880818368326,127.396197410532,48.2316179444487,138.344446719742,-65.4121132826341,-51.566837733086,30.6703950254747,-136.760039345347,-108.192885991697,-40.8233721628086,-275.706260451684,-161.443100381766,-186.002952811279,-329.536544531317,-445.743260039164,-45.8899595345337,-92.8602761530185,-235.137345428057,77.4707223949623,113.567763386337,98.5736232620475,165.305169134915,85.3056255616728,127.994263909068,162.541329911967,110.640565219203,154.265587993837,110.714147548715,124.533006131404,131.859104808322,117.802065994422,86.8666297361324,110.384144397827,117.821954399173,133.779520834184,101.349891042374,63.9862917508943,114.438923632301,133.811341584971,118.280131962692,74.7291640394641,135.474943080588,112.021741761548,88.7823365879356,-85.8575020580038,87.8677952983947,-55.5634865623144,22.2924975801859,116.967668501152,82.8837819282906,-1.82450010121617,125.90436838931,61.6863445243359,76.9527022423277,118.267606876087,54.0890155881679,189.071280532365,-33.2967014492176,-69.3311457956351,133.757477709057,286.582017137397,87.5908737469529,247.480735818326
-156.885344540088,-97.6349391278824,-283.076760693317,-163.035718974155,-83.9270338971251,-230.741055310667,-243.917689202131,-168.324416354481,-305.956989728398,-282.401543186276,-231.55103992891,-429.178424558518,-318.072015593595,-315.353560320732,-477.272024065952,-599.793228218733,-87.4211104247874,-219.21781675853,-363.755652876643,35.0514776239613,19.0476790895548,89.1172823351726,119.511813718665,-3.7341094902807,139.043634611222,61.6520871893471,121.340703186219,131.985849900457,5.24870114781687,110.517581273449,64.1005590515373,33.974835413486,-0.65202342974997,93.1691451361586,72.629642509598,51.9550886733379,7.69288471184035,-29.4749622842063,80.8805932523171,70.7551763516466,31.9533691288013,-15.0007876311955,63.4727957665134,33.2440850726255,-17.2540547693156,-71.9509565660717,-68.674825185991,-83.9937345215158,-79.6239814751355,-55.551482717256,22.2030748321708,-110.45538776639,59.2889252327429,-8.37739121701786,-35.8636614334501,-59.6743227944809,-27.0044022657517,43.0181703397207,-105.017769259285,-151.83048450946,-21.9069820123899,206.114760032943,-75.578255615124,144.642430211676
-329.293399626165,-315.984537540173,-615.716369951088,-366.194371157335,-307.60875950337,-351.732927125286,-418.47638076931,-367.075253500248,-440.415944774104,-441.754197387996,-407.009232203108,-518.380049822948,-449.21338759017,-423.146063060743,-562.501559242739,-693.023817976616,-148.77942324761,-318.803628926593,-463.490848235174,-31.568604210723,-87.2058430594519,71.1094671836754,57.7533757504063,-116.82197559862,132.200102751992,-23.4321406796697,113.689562985419,115.694112283551,-102.928545633549,97.8540202747994,13.1769968055955,-63.8489692650399,-101.471104934403,70.857439866653,34.4889711595329,-21.1233534148205,-86.2048626621345,-121.22127403949,44.3233038072674,11.201874665456,-50.7183864647498,-103.829157458694,-5.49905162680408,-50.0427703410787,-119.42911806095,-77.7101855836099,-255.171949367897,-152.792042680282,-227.410912676701,-229.779600588278,-44.0273045960306,-255.771750530087,-21.7441449150971,-112.690123861298,-196.914114987747,-271.325812459377,-122.834601357222,-159.931558713899,-168.631027135447,-248.660190450636,-195.038914903378,-33.3701928854522,-181.029316689745,-67.4153860313639
-433.324973760077,-466.424406091676,-944.132952724287,-497.474337553599,-466.403268947131,-403.18216516677,-518.707818489141,-498.865988796168,-498.223300035248,-533.617223380397,-512.363109026787,-525.041951755922,-511.544543687734,-490.633313009017,-563.164884313156,-704.475641510269,-181.573033915647,-339.030827634098,-489.411361688358,-69.8595441175183,-117.72433000332,42.6598699568914,23.302823359745,-163.216009176396,100.659990691805,-50.8189635263518,76.0760905517506,85.5919626145634,-170.14367655297,66.6841196542964,-27.4562014080131,-146.077579208048,-199.773031895937,37.1858232944969,-5.5190682140955,-80.2273420062964,-162.431238513922,-211.258686204272,5.70005498301999,-45.4342783372442,-131.044876299003,-196.359515106759,-79.4058069619503,-145.470895697789,-211.646195034016,-165.787957200501,-463.891670300851,-269.943606347399,-387.12749353018,-427.252970713929,-120.467550972881,-433.105086228972,-110.650479620214,-212.110799457708,-370.936617693272,-501.291097815825,-193.208198267761,-368.950421161205,-253.051387026346,-332.09093736344,-367.888349096475,-314.275739053712,-276.356169421481,-318.303523772612
-468.912310095468,-525.794886888318,-1182.50719910957,-535.96856769864,-528.175780407383,-404.848826879776,-537.93887952188,-535.54141891398,-484.921570296383,-542.825276198088,-522.391812545279,-471.630765340267,-500.805529437308,-502.909687712638,-489.144459379609,-650.982133177985,-168.442029137759,-287.120514825615,-443.977342243788,-60.0977580741878,-59.780929616755,9.73908739175574,20.7130374785044,-134.167521882295,40.771557074326,-40.7146619993644,12.2393005025086,32.9677132314597,-178.106883866507,13.3136015698787,-69.0560816025065,-180.424519911692,-262.836639154811,-5.61796601649617,-46.8947716790304,-121.383489005186,-205.203870420407,-275.391462115776,-36.1319908490667,-91.719584964505,-183.371477399803,-259.987804768223,-145.929631147702,-213.722775455166,-266.165972062279,-292.920267281766,-611.707007892035,-394.135713304961,-480.000515163311,-572.812065183718,-220.546548144226,-549.988867098099,-211.483179712075,-273.249513839089,-454.053222302133,-639.836083230782,-245.981596812927,-477.414548468389,-343.54438100492,-357.416317406872,-462.12928601527,-477.406284152987,-373.82810496638,-477.516291086404
-416.613558110762,-476.043256691195,-1219.26391353988,-477.248123891584,-476.370552611195,-346.155225351709,-476.449455747523,-471.996538406234,-406.07821809296,-467.934608128717,-434.779545177839,-360.361608223219,-422.827067530072,-439.888448357406,-349.753029804072,-552.57592159388,-105.765893720866,-198.209712348749,-334.990555524776,-12.0871850252009,33.803765686822,6.22487085369149,41.3629397214475,-66.245483537311,-11.3410919658786,-19.7910817481028,-32.3281650227704,-7.57486882129378,-123.906306717021,-20.4044394765192,-79.6225819121943,-144.082693409778,-238.304334692064,-24.7708291132642,-59.7003094178542,-111.536379706606,-183.580366065064,-258.92349282726,-52.2945870363024,-90.5601949940692,-161.824519636685,-235.512765928524,-154.521920962309,-195.557915351491,-238.705711750017,-335.081988427855,-650.721576049643,-407.807544214546,-477.713906351892,-583.049855563259,-296.295367594293,-531.171563232787,-306.430564617067,-295.08812154537,-394.374630298782,-597.583252397579,-319.439510488576,-422.614835323267,-416.553712928886,-378.917866507313,-401.911230610247,-457.382361446353,-453.183465415587,-439.347852227836
-281.34763818872,-343.689631965127,-1194.5749156943,-353.742746528869,-348.58983807562,-224.775278288479,-360.089387504887,-354.216323719114,-288.930186147307,-350.151670789823,-304.837927129481,-206.854935070085,-311.368073000883,-329.541428232548,-164.75201388487,-442.424288268839,0.195661298845453,-108.004195036891,-201.461195027384,51.4153547600152,90.4606348338364,55.6567861981675,67.4012983301236,4.2861088057947,-10.5414714628066,5.80194792249166,-14.5564544678418,-0.172220064472898,-32.5215869165117,1.33397875273299,-32.9692108904483,-49.9955147155179,-121.415786534807,6.32635070028761,-23.177276600473,-35.2078647801944,-90.8075845908607,-150.929943790252,-14.0859806025653,-24.7730453486625,-66.0626602286637,-120.553394472203,-79.5736248321408,-91.080005687863,-126.49630625498,-248.42654687646,-605.399093751971,-253.793866165339,-413.124392907403,-482.522664905966,-304.037171366605,-415.490272314612,-375.799892737869,-310.189790314459,-279.073901497283,-426.055749873609,-428.63695015899,-276.977765896625,-478.050870428331,-498.833308694727,-257.174718723826,-312.157226038913,-519.321198617088,-241.470602614034
-132.620760741563,-211.729347541071,-1264.39608614316,-234.951253528944,-236.027534853893,-95.2446425535582,-248.879654377034,-261.404372761933,-185.484658086896,-261.662587246029,-219.599049673022,-70.7224438366126,-219.584991099426,-247.54713053335,21.1216192916614,-364.215269996225,108.069765524763,-38.6058068390852,-127.47053447101,105.693819415872,72.5047862346104,130.086881502664,72.0181480265351,41.3491465067582,30.2058496719659,30.6072648203911,48.3012469155483,41.0461860560083,41.6879057022109,53.9216610997729,36.9195009703646,48.0870825958612,6.27677676892019,66.1105646525093,40.3784954731444,60.7893575604819,21.9985259846251,-23.5770702759189,57.4492856793745,62.3795712847366,48.2791397416683,11.1836609822303,33.8501152948863,34.9094076999945,9.74052229643625,-111.515764541155,-503.080658754352,-35.5353420885324,-321.021854033544,-370.999428259393,-268.344389223189,-318.421156088847,-406.614306303788,-331.057284146456,-237.703582595177,-294.870372888915,-516.149519377522,-199.661827050173,-504.331314524634,-668.031932560284,-211.943769696419,-180.738915154721,-554.933214811502,-73.4735460932238
-26.415771277941,-124.910149067987,-1231.6607169186,-151.152997493044,-176.415076889274,0.148676208332176,-164.024679665526,-206.866062607734,-104.561454135485,-209.162013326231,-183.41818763388,18.8949607481511,-149.793994589653,-208.932305030185,170.251573080627,-313.851775097809,169.756845157872,12.9098730954501,-137.770681092642,135.949049698055,9.83743956099774,176.281173824798,53.4226676197143,36.6128997959778,60.3706363252188,52.014064661271,101.715208508708,73.5543862294683,78.8570860610913,95.2372030916576,87.6229055887038,113.873336360532,77.8822326921933,114.510398431713,97.3777331601196,125.273530940801,104.489283815902,62.1770818714179,118.789388438443,124.452907163907,135.91104031698,103.994449055825,132.942851620933,132.169156175343,114.58110994063,-20.5907902124137,-352.970546466276,86.3685489817622,-226.190098878195,-277.928136490987,-233.944108285315,-295.627800556933,-380.98262188541,-314.808596000678,-276.06025023442,-305.6580722869,-471.545999349539,-253.167369672672,-406.960372744427,-648.74210664559,-295.476969915264,-167.117117169914,-469.222018208173,-67.4887135394972
51.2676885046239,-50.0591007182085,-825.667417615054,-68.3152303409928,-113.376801924849,85.2152490195644,-70.170406056174,-126.380062370196,-10.6497419932045,-126.63592759517,-112.653545696092,99.6456094807001,-54.839576521057,-133.742824612742,270.382764411936,-241.498897736451,174.71938167559,57.2643281206235,-149.943203359081,135.821553674222,-39.9738690905503,167.75422040904,35.1822906120656,24.4017708720302,55.9530122411571,75.5781783768136,114.885459971817,78.7393589518831,111.895568810783,117.178934336896,119.262962042093,158.542526905752,115.97997891266,135.741051253749,133.903710371438,159.397147734459,156.024980965447,120.908433987257,150.476728929938,158.56812746437,190.599580070331,163.275029672369,201.65663524781,195.146867471255,180.793113717697,-23.6345013805227,-207.795920034805,34.1001317252256,-182.666550878017,-176.936417782268,-224.980488205607,-306.061390756685,-312.857709570587,-248.881870583985,-310.165370340891,-380.050587243925,-282.393659894352,-340.155403677034,-176.735430086161,-343.40971444629,-334.516531685467,-248.560716441216,-237.409536587079,-158.19234671516
121.456494706806,37.3305197730519,-237.326374667064,29.854364571862,-10.6659353664294,178.688384368431,41.1068603728037,-0.160686418053646,92.8084674884409,3.74515804595799,21.9982068744983,187.387380536023,70.0693428675592,18.3223586645609,304.719793364166,-137.204343676727,138.970388228923,89.1778556411149,-89.6813891282312,106.705367968816,-49.7745747623267,120.300169033388,24.158396700153,34.0548917911207,24.2218938351058,93.47369634748,93.8294954421432,66.7453516625609,149.97824937173,119.220850715465,134.098845808002,187.065983485405,150.118849648604,128.728997462897,137.523585834623,170.693525452186,179.163608318517,164.707393671629,145.813440624344,163.466049419331,198.91095815202,188.15275378734,212.541069884357,208.059977096749,201.277381012738,-118.092671953247,-155.178677978208,-148.323945641506,-242.133047613848,-136.05509837093,-241.345411347884,-310.118624804121,-245.050196302013,-197.889319800177,-320.639653636302,-373.14557825996,-93.92982303397,-354.356799725392,43.9606155800861,5.03761323104056,-243.467227188793,-316.184112895092,-0.470461579372522,-212.397913132916
166.111309121715,107.663211808303,47.1872266760981,104.306460704032,84.2352978899337,233.958533064616,123.097923849443,107.547478600754,151.005219579854,115.544671841926,151.254748708469,223.153713320484,166.501426840612,172.030371533817,255.064163459152,-47.4356560149883,87.0046167190738,100.732850997708,20.5792067246948,73.0183968611319,-16.2180545024692,76.8575447651005,20.192556744494,60.1528016098634,-2.46415062954453,93.9769701897292,67.8433466654614,58.0156064149342,161.514018551301,99.0882365403085,118.480975202573,182.571831748174,161.019473283936,98.5717784665662,105.601424635866,146.915182930527,162.209242757818,165.567259709006,105.071084361073,129.311622158676,147.940243708615,160.680186068139,144.880295790399,151.089605384698,163.67145221054,-227.18848402035,-199.313917485418,-316.699000482107,-354.807257596564,-222.130202209804,-242.701040997483,-299.184903590513,-177.485888806936,-187.961000251115,-338.4425331875,-221.284413809143,-19.1998822243247,-278.247970329639,134.125676207717,142.175175054318,-121.067548319493,-270.088305716497,93.3369438962709,-177.167926177457
187.447614534009,150.203397667951,-98.3126861982586,140.52846521379,140.539873637282,216.450201286336,158.238470290441,168.400051714872,150.270053326658,175.527714790421,232.249004806591,170.624328999791,207.237006167218,264.960494352105,160.355868251589,4.83537773968025,61.0580317456563,108.820308547186,122.870183084198,77.2870534838955,59.1187581018151,86.0861005679619,53.6213208638367,95.8972600268015,33.7234533929763,102.888337603121,81.6020108476495,84.5872069334628,156.379388509064,93.951296003202,99.9052439915791,164.351456129797,154.641635283298,79.4551779131847,83.3993165913264,115.425901607637,137.043021468049,140.736264213337,70.4824001921499,92.9095572462944,97.0686436557396,120.174982327344,68.5736628478246,81.0863245578707,116.102720674822,-211.304079554148,-202.189918238706,-305.045991982959,-366.53020811214,-266.276759470092,-155.707926710068,-220.297577734215,-62.2951990688868,-132.759476768521,-309.006997191454,51.2080466054047,9.87555661512435,-107.674110233634,135.683135976389,131.283167057097,-23.8935144053927,-73.888982627505,72.0657970141961,-59.3158635628657
217.152229203367,196.133578136308,-363.158820080879,177.622412586609,188.510455686398,167.274863007849,183.251705888187,223.946435077168,135.356536072663,225.559257225293,293.130834506274,83.6287216494819,226.581829365304,328.377201888208,85.3233760715269,27.1746702045143,73.877836600986,117.217711391333,178.56322087785,110.999087418956,124.625274803145,138.972283899128,121.175022417051,129.952008580887,122.816809267818,138.290325283035,135.165015451062,144.589172690048,171.202656902587,129.264196603963,116.142649255162,163.583736795142,163.288554126021,95.8512304870747,103.990735963464,116.61459031894,141.107222292561,142.515171692851,80.6414109167492,95.692953163079,107.374222489331,119.790942750709,59.7856156685597,67.8071028188383,115.957486523266,-28.0412158421522,-43.7884329413206,-93.3158734661056,-196.443433301307,-56.5565710275199,30.3709626867949,-23.6794026755723,98.561935142508,29.2510145489423,-132.584020796909,350.179222356941,96.4219388379314,150.801713994361,154.548727275172,164.319296289724,97.5031715690236,202.191692305053,69.1526441761984,108.441930022749
249.208262402522,252.751901875726,-535.548929205322,233.113339855968,240.098878217953,138.329151372054,217.245417788303,285.787094207172,132.396758378632,292.018298851933,349.42949005189,28.6842859698499,248.686703886594,393.191981933055,32.832918591465,7.68631481519388,66.9229812270028,89.1004093661341,167.464947456716,98.7671253170167,100.639166504277,144.305578726431,140.728268997452,133.513717396837,144.996471578757,155.624256216975,149.909398434028,164.448218725842,183.42561969992,144.622775382357,130.088910188586,156.545423063087,168.699594324993,104.759859036935,116.270628363149,120.466341936802,141.271273065234,158.30183195693,93.3235930005725,100.950142109405,122.033932054395,125.055919330512,65.5825981684447,66.8402616199371,126.288958932525,164.642861695552,184.816657736962,127.495485024875,35.9854965679978,292.955291615131,202.013857034361,209.005074879725,220.643323125303,209.971068635784,145.806453959906,525.49394112191,206.769982468315,388.686681480346,212.271807920566,260.903888079463,239.337470951678,405.405933300149,132.083519751603,255.405314958065
261.646906650873,299.854766895017,-688.186005630482,284.230146868248,278.91315572092,138.582673020409,252.307851058501,329.235816605853,147.100033058309,357.236260725417,384.590845776357,24.7848646919323,271.228419269689,437.566583497806,-12.098509314918,-50.1362893007092,6.93667482540527,32.9290137045763,126.848921344211,24.4968806216935,25.3608756333014,50.7847379337427,83.6386866040746,128.762989001941,47.0631970327703,136.152181207387,77.4561214823126,100.404622683417,163.891340208945,85.2035642185008,93.7957279722107,121.68586875373,143.943696948045,60.4293172423121,70.18342396221,84.9892219142823,105.647936407465,147.154248962391,53.7599586978165,61.4495234762393,71.4838691400161,86.598108752583,12.4589007861152,13.4445172428246,92.7531183642838,203.7906478397,284.622203776155,173.322901257707,160.249308038167,488.938594618189,243.683942480556,332.108589104839,243.366135544522,281.005278119416,336.077726355902,491.264803508347,249.798854240525,467.88994442247,258.553936508639,329.965768116798,330.036563521255,440.065952174315,204.094591436051,320.965723069334
260.952746504766,322.331953376064,-864.787394888956,308.872947738793,295.840968377959,155.644250201645,282.892180631975,345.845861203998,188.769386120648,395.582337172988,379.791518022725,60.9659356905659,291.131299131672,432.94848752598,-11.1210354725245,-96.4071550741012,-45.4125615657572,26.7411806068215,132.892390078749,-20.3576791657808,46.0059525081577,-66.4425019061252,47.6881368638614,188.116850064752,-62.3352168289321,139.22601095006,-25.7637942306976,17.0862413515207,148.357547407335,-3.56270272204336,40.0814324252647,92.861434252489,111.940137972003,-9.2428194271188,1.29523719533138,36.8945013936582,66.3425575093295,117.274988467166,-13.3330761463407,4.05948315883604,6.27708596347249,37.0529613523632,-50.1120758005811,-46.2453871904942,46.8493294748545,123.311844789781,208.526948387936,85.5718162407454,156.826250482469,433.215572143896,170.262526860135,310.235861581626,191.496694216421,226.759505078623,327.300531129446,316.805168579386,210.62754952382,376.133334601604,254.702951872993,339.537211287238,337.048520187615,345.920018116436,235.844557419711,306.491368191024
238.207960309315,294.073390875211,-976.062919595146,283.6038796724,265.066054946059,170.431093887266,282.748160743497,316.725584187155,227.34288603724,371.416110329709,312.343959532257,110.272844202252,286.31349115835,364.924295836079,60.4136493257188,-103.875700554221,-41.2470600108023,85.8668902742159,185.220548337384,10.036471191269,179.781615659513,-120.730258408962,87.1820274768328,294.506570249377,-104.764482314238,173.732482186039,-101.088479527014,-29.7843076675246,151.227713924373,-65.957755574893,7.35699989147309,76.7903564861278,80.5465735474488,-62.1956842358954,-46.2897740175205,3.30290407441801,37.2449600926814,76.4749663678265,-62.2634214552037,-36.5896618455667,-13.2110335312078,9.05093770251245,-59.0776704391251,-59.6680632179446,20.8887037529412,47.2618332862302,83.764749517236,28.1179936671461,121.349354400474,236.213836708603,73.5700029264222,216.835167667292,107.322469516247,115.33065007558,187.518961350814,127.596967466852,119.986250486821,204.596634292266,188.460431709748,279.155965214801,272.156887793042,209.087268520932,216.402164812386,243.969573729511
173.828937580362,201.883111700311,-994.926179679325,198.736347677173,168.424844517392,168.225586724375,223.126622342721,223.668457022865,213.304270102095,265.291259337137,186.933749319072,148.413245544312,231.739500225242,242.95064600507,155.607703487931,-102.777907616232,-13.6292295418104,122.162520444748,197.636762500694,38.3577458578189,248.890833031955,-128.404482686762,100.159714112691,315.562409163058,-150.961980809138,142.064142684559,-161.84246444065,-87.2958904464387,108.394379213079,-117.63316661329,-37.7115444606147,23.9118698894583,19.9833163025518,-101.709867882908,-88.7234643324025,-43.5588766002238,-16.2161661279745,3.82199965174186,-96.6460808133937,-77.3901436090119,-32.8244621448023,-32.157620919985,-59.5587614488943,-73.5106122729148,-22.5255622081681,10.663414874512,24.3456051151539,62.9543008231826,111.527633561213,38.660982067324,12.7501102292964,116.393427544457,9.83054375283514,-4.73945093178827,31.097232013017,-16.3179280199589,-14.1378636569891,35.1604329233934,61.89269165329,101.564182198785,157.991115454274,70.2089788679768,143.673721801532,168.068808526849
101.399883612223,98.8897683615877,-977.599380174831,100.250238920151,60.0346953603029,158.451883083954,132.91567781666,112.672528845174,157.485922617294,128.767331037176,64.5120092149633,169.839817081965,150.323292881159,116.718480183969,220.892133978683,-112.317798386097,-4.09597526060167,82.0317061821402,122.103824077013,1.52263602290537,142.676133447076,-145.906248588501,-9.59142213971026,177.079194047188,-265.343955578219,-11.2572892854288,-222.666803546788,-196.746761023082,-17.5283255330442,-179.271909228176,-122.884293837209,-71.5118213524293,-60.0333746450389,-134.903368180533,-142.994733608925,-115.49633357423,-91.8076817330007,-79.8541109483928,-130.732225269131,-128.554306414621,-98.7027258104623,-100.008251704459,-104.279247112805,-130.681823823008,-93.5147475944525,-24.3707120119357,33.9484848710565,121.491657008477,108.21736732369,-65.3452492465852,-11.6930800873421,35.0060038278274,-80.1175054205286,-113.46842601148,-84.3436427687279,-105.913326720281,-173.330935016844,-86.542485808478,-102.549257604873,-170.943824479774,29.5554660230377,-57.6440262445768,31.4977326256187,110.92015303972
60.5944391294415,45.2093407287988,-945.209393684001,38.7754714255459,4.83368665605686,140.201998728151,60.5796058445861,41.0494911358391,97.4139223181842,31.6557465570481,-7.53256134463037,160.782600495494,75.180704099384,29.0974076249984,233.426533991802,-110.316664472198,-24.7333684630145,10.4374092267224,-1.03952992787766,-70.40496652274,-28.4471445234581,-189.760423835721,-186.184472017996,-41.6545378183366,-396.563790804856,-210.194186764774,-264.397821373413,-306.290682675366,-170.982847617061,-232.07885663245,-211.407204051151,-155.893203042734,-116.993677605072,-155.191585785444,-188.655112423244,-179.232518414602,-145.265600346477,-121.288764050471,-160.019978664481,-167.883276910588,-163.462059553054,-146.505207848674,-157.788172350906,-186.916722467957,-135.602431413721,-74.8394163698218,55.3597599182149,117.063885336189,72.0931959702314,-69.9368823765748,-42.9354287715795,-16.5361265338396,-152.808553232033,-187.334387453061,-136.088461720728,-145.818630672003,-293.961850049404,-145.044685346546,-269.653990108985,-384.172343353986,-87.9378557724937,-151.240576228147,-85.3543333428381,65.8529470757179
26.8885385597759,24.1952986381283,-930.350307192967,2.70330191511344,-12.825659488338,85.1676264720389,8.33800314772453,-3.91143469540965,34.4000079046889,-23.3961304972342,-51.820615967217,103.977622735381,1.31716116163249,-29.3095498180256,179.852529694691,-77.2188147264449,-75.9793644579397,-40.6133914870536,-102.782261764931,-138.463321288725,-114.787235126529,-252.963514799664,-313.718462624502,-211.518641048655,-466.959460080328,-339.180873291582,-278.558732906691,-347.658613665084,-270.222054159411,-252.396786156287,-254.71852237015,-197.121311731107,-137.845117716539,-161.410645400241,-204.756176927256,-206.118369948988,-159.364788452392,-116.160811841204,-175.037890256317,-178.985923896613,-170.594501101314,-147.66266232289,-167.992701882991,-189.677066109777,-123.971234916718,-122.282393392658,47.8362050259407,21.9261783317484,-0.577810795484789,-56.9485459030261,-121.348719783478,-47.4699659195222,-217.640558330165,-214.897917180058,-125.384977171959,-159.951579831455,-321.398973149832,-166.178498707393,-389.345116863144,-403.513131981839,-187.183267072873,-187.611472253225,-167.126259713737,-6.25621776323838
-45.3992648360354,-28.5705259345214,-1034.05795633607,-52.3448381067011,-56.5109099590158,-7.84049821791312,-48.4822783220944,-68.0322842490902,-36.0682418661449,-77.9984299766739,-118.017250138178,15.3990116246758,-78.690826308935,-91.4358518885264,62.9342181260103,-28.5682423838759,-143.427399706467,-89.4116073430305,-159.645531809043,-214.039989730692,-129.143697020496,-336.465741911411,-368.849569081579,-286.915683949982,-476.168384166022,-366.672522737441,-284.754280176403,-328.828292584713,-291.356567307188,-244.861280219546,-248.571416668562,-208.131437535295,-140.110798391047,-157.640882445613,-197.698000469006,-201.602822096129,-156.789018436875,-111.956145140157,-173.024707836197,-169.593553768566,-144.321450140193,-142.853855908058,-151.184499238484,-165.297539859125,-109.853760469035,-170.892248876312,1.40581096994467,-143.758845324902,-90.0032833306591,-106.748820857904,-247.783728669304,-105.190976957818,-280.376769237737,-240.303940606322,-122.761581053351,-206.094043247443,-293.262091306833,-237.04761976511,-415.90999582308,-298.17043830546,-292.128286298446,-222.970489341985,-207.496877570127,-163.35359244136
-167.820876871113,-150.727819426673,-1184.45941867456,-151.085341209347,-164.419061572494,-108.548361198327,-123.739170835765,-169.339140453535,-105.952861929014,-158.039051175323,-233.730890309432,-77.8560564143588,-150.535414379849,-179.382938135756,-98.7080930315046,-4.53636124423526,-214.686479327027,-189.331772283326,-216.086580587728,-324.257403185104,-190.511114874952,-441.004680027872,-424.888707936162,-322.307634059488,-494.934875136311,-370.21722950373,-316.711629934456,-325.5096840697,-288.470822613497,-253.951261809852,-243.466487992837,-226.059386547523,-165.242615496756,-166.481331876742,-203.504413708795,-208.765566033313,-180.326434330034,-156.821530708868,-178.580767567855,-177.553234773209,-155.768136042723,-178.281233401649,-165.496665913862,-183.22043398346,-153.681841553649,-258.586084472867,-89.9190786656558,-335.529882769225,-199.57803952739,-230.017777887335,-395.878339663985,-250.324774403358,-340.444964648154,-331.742457181598,-234.413741707069,-356.153087829794,-308.313386446752,-460.108015988139,-366.315908365266,-266.75939658529,-477.014207859848,-406.322291093092,-252.084159098043,-464.652579421954
-302.524213165536,-301.660081296211,-914.041929844376,-266.498110027763,-304.572746469776,-190.865924611263,-198.8950209353,-277.723420827433,-161.713023902514,-243.976716099022,-373.259581390339,-156.029405967119,-186.692410743375,-282.014257154024,-266.390072860159,-7.53549441789724,-282.849268526673,-325.786421631537,-298.506329211999,-443.461341953633,-319.304692030844,-526.509093589605,-510.929579830731,-366.597456756921,-556.586335917238,-419.918098370294,-378.995911950856,-379.928822273564,-318.74146439938,-310.942472512317,-287.666350609189,-275.580760721099,-247.359082509864,-210.603685583249,-251.28036536125,-261.617178974163,-252.256412557988,-257.211293364113,-220.608137998719,-234.991453492643,-229.693818429284,-255.235826033546,-228.843047308666,-259.185780622818,-252.290930285863,-362.241147317018,-197.915123734292,-459.909267146757,-303.883996183237,-361.582388184817,-492.843945998607,-444.508750304554,-360.900441380744,-453.978983931944,-437.983074835091,-579.826687243477,-362.420496393482,-778.361740336829,-278.920411688657,-340.300462219199,-735.13180601609,-744.261626871805,-295.391859950942,-828.853788791722
-393.278916719514,-400.962562808572,160.08355265026,-346.543006889431,-402.782076014863,-244.80362289943,-243.147525285149,-346.211701294475,-189.255724813941,-291.866565952036,-469.932028419348,-199.292814412884,-177.513617088793,-358.413747302808,-376.85861428268,11.5125588714248,-328.005890410782,-411.509073636742,-357.720782031114,-500.398786815713,-411.829435474868,-535.61785522518,-557.065632043258,-401.767370064268,-605.33811104338,-484.646513852504,-429.802058373447,-449.453038743598,-376.166768525974,-384.839671678855,-366.400396369893,-345.297800320778,-365.064603035191,-275.433483540725,-326.371880032872,-340.755185158553,-347.838412828868,-378.381427166589,-290.949202672965,-322.087956144191,-328.045466055949,-349.349305828434,-314.160285258446,-357.966534330349,-358.888280548788,-392.553954142656,-259.032425291826,-430.392312064967,-320.416207534978,-422.91801683016,-448.838130100499,-542.178852834265,-286.574384565323,-471.857797020097,-561.051616349933,-713.507568700583,-328.561247347543,-951.694728651011,-144.937385198326,-322.379442850372,-885.940604120756,-975.172412772529,-228.952603897312,-1032.15107376756
-433.3477945029,-432.685493727029,1567.64437012181,-381.811639816765,-434.737142969917,-283.1710383742,-265.028464426102,-369.708504798056,-204.194537823599,-295.365364059793,-491.703207832865,-213.107592024955,-168.73307682128,-386.405619657844,-397.372584096027,71.5448767622315,-337.508519161627,-407.777557077083,-357.306693751878,-472.18412755409,-417.453789724942,-475.682174476031,-518.820701097687,-405.393024310035,-594.010232679792,-504.769780422243,-437.620972488513,-481.196940825905,-422.086100390252,-428.573268423091,-427.382227426986,-408.213361058912,-462.604928352488,-326.601326722385,-388.434603414578,-404.455560022263,-426.649576991022,-474.419734883768,-354.397916239468,-389.974130473648,-404.651824541491,-433.53925260753,-389.448703557718,-447.397331453971,-438.688515158545,-318.037309347574,-250.437067973672,-278.03688576713,-225.997624339759,-392.084608481284,-277.833875378339,-461.090882296184,-150.787839990464,-327.684569783555,-486.153680138894,-640.958762129978,-155.073982290503,-823.279943051237,19.6515886744569,-87.5356742471492,-769.132446819007,-879.813594279896,-6.6242241878845,-955.2652605919
-452.423496886992,-438.601807203732,2258.22187907021,-392.121083631023,-427.949788912139,-313.300426847205,-288.415965134947,-369.88064883077,-233.661104816922,-289.388083632347,-461.215988206196,-222.678750148742,-207.025010904298,-381.613900893551,-354.381938766336,141.320888220017,-318.390558598982,-361.489056090156,-330.104845671773,-404.528280392643,-396.512395184939,-398.64504380698,-440.889579941126,-387.602418176181,-543.733419663746,-473.280253085733,-406.214105005222,-467.649030249516,-423.989472890352,-424.305281594671,-432.020202564807,-432.633774047392,-492.819060537085,-335.829585592941,-402.185451589805,-420.545061142314,-452.438310485987,-499.424081914853,-370.572607640476,-400.832260804651,-425.722986148407,-462.782037748416,-414.285873443519,-487.559416697294,-461.982437360184,-185.284193488495,-198.826140363829,-113.247397510656,-104.57829938035,-273.413408695525,-101.025368975148,-252.821771462965,-67.3456499801853,-117.356188357484,-262.633489472772,-408.712942134547,42.6464815710004,-475.707652841015,114.448020559721,224.041208571635,-432.431386324458,-533.143345987434,226.357356963935,-665.606137355217
-451.509788413325,-429.598330753652,1836.33052888586,-378.638867042296,-390.627276643722,-314.45053987223,-299.729291362059,-348.979191501062,-262.110004065748,-291.282211576657,-403.700931282212,-226.702310409784,-263.196021285786,-367.001526834794,-276.451566185172,210.480328897499,-272.857058297797,-312.140308197342,-307.891228240149,-334.255300447442,-396.412815707708,-320.113607024119,-371.784938473256,-361.400913578846,-471.92982930701,-409.897497735222,-341.961308343546,-415.431508944868,-369.976811234828,-372.590648161972,-373.34201192211,-392.272665404638,-438.971955493181,-292.8027556506,-353.607949533898,-374.298768694138,-403.048399377864,-433.059641136235,-321.425423734111,-347.580812944605,-375.330687526173,-407.391244380255,-364.666896292508,-446.674850177882,-408.013367114904,-42.4297759897498,-146.801554187081,-14.4269979873001,-50.1753032272809,-87.6322407513929,-10.4995535030114,-24.4776471956791,-86.4364220763456,10.3834037888476,-28.4350604790623,-146.431255734892,119.974579264719,-94.2799262396862,53.8470584530065,350.098731751876,-62.0090102909467,-130.872930364258,254.280321893994,-291.208133017884
-427.02055619625,-396.677027092914,1017.15437364651,-346.406868909164,-328.001228470652,-285.239747470939,-282.497696460985,-312.164933362287,-262.459513021926,-291.533156854823,-336.459112021573,-208.546104934645,-283.656974547994,-353.724699278443,-170.85627352705,307.896250594467,-203.321734817204,-248.641572397325,-275.757941171815,-261.110512338023,-385.515680431757,-227.827404537717,-306.952841435165,-333.102814472968,-362.990012441161,-325.100316180868,-250.674270718078,-327.832043373562,-285.489746980554,-287.454482840088,-278.855871765715,-307.965188587914,-340.681848019888,-219.905381035327,-267.507932028268,-292.187546752489,-310.513848048354,-322.801042353362,-241.0318845164,-267.11699032802,-284.415576676604,-312.773727552903,-280.433494978792,-358.929966014647,-316.363340608869,68.8138402974953,-152.681510374168,0.871165330312617,-93.6939324119771,62.6515690226122,5.16424205350588,115.793176327719,-133.104272230916,-9.84171018517709,85.7442581041551,31.9452167203398,58.8729322924475,181.270444136295,-115.767553160904,176.582111703001,174.446197175232,214.372222260895,12.8965555324977,42.2263768522041
-419.505087329941,-374.204641331691,609.142551768272,-330.447825691035,-286.82275112253,-270.247126839208,-264.765459890162,-294.642183679854,-256.379500397842,-296.749496619495,-291.729375470586,-182.306294344838,-277.443023777294,-346.615993728975,-74.614140953202,441.459486217699,-143.904338741749,-166.490661310805,-216.728788224513,-189.038615408735,-322.576478323469,-134.93466641556,-223.459190934404,-300.525675378512,-234.523146996331,-228.143540196613,-156.437875039533,-227.616250079173,-214.892371798949,-203.939357393258,-193.974428020032,-242.76527643131,-273.90838527648,-158.077066402653,-200.508184043814,-232.861433976569,-250.275084509232,-256.217013169845,-188.441121253151,-214.59513755214,-222.423467406483,-261.108166868513,-229.894563938574,-297.554467112984,-267.793020038018,77.555198915908,-254.6689519032,-52.3961822987161,-214.173247588048,43.8309055878703,-8.91912497001031,91.1949749921093,-121.830393111695,-120.794188101627,3.95631104646165,65.770943293218,-49.9707458270876,269.40615847036,-261.126921387046,-151.860162565818,201.210905160141,425.454082021237,-346.142054577713,220.041328983741
-457.340478325149,-395.124847643954,562.351824345929,-350.482672159549,-294.222690518248,-296.4356512772,-274.316232160809,-312.518612808725,-272.899600337673,-315.771924610583,-284.42822372087,-173.24143477071,-278.549461693947,-338.598341636172,-42.660882288698,577.828154541791,-123.812905681579,-88.6644156345451,-132.466051008759,-123.13962577445,-208.843935062132,-64.316739382223,-113.238361288011,-230.369743572683,-127.423259311259,-124.04534487768,-77.824918713264,-139.344850212485,-164.979256080965,-143.49301901571,-134.782761212766,-212.356111853239,-257.076266863722,-118.606727467682,-172.03572150903,-209.92576568123,-240.776673029409,-253.033154388704,-172.397842324757,-196.346568643435,-213.512641742673,-261.237230196123,-223.307557174425,-277.137963395784,-278.244168434331,-60.7502470456688,-408.967536922038,-147.87250687064,-359.313583857192,-143.937659436931,-52.5581701216827,-84.0512743962045,-76.4145044777996,-232.252189818361,-236.952779088167,-32.7072100691586,-136.219660513753,157.379036835577,-307.995370087919,-390.321764351303,51.3177199151131,422.64834680403,-602.942672929821,193.191145542767
-500.842875126977,-421.994700957667,388.96033228996,-376.092702770443,-307.394947551923,-335.922283756717,-292.026250270997,-328.14388765599,-296.527599768355,-325.488188125044,-287.13860158435,-182.487213230933,-281.103837749775,-314.337489931713,-74.1816126257978,688.141217073119,-114.983021653139,-28.0438126903655,-26.6369947777654,-46.1321847901458,-69.2152422800477,-7.39120053036658,12.5934880307669,-92.5897623305351,-37.9951255821761,-13.9689920488626,-4.91319989218783,-60.0584099065644,-104.802916564032,-87.6615501570146,-81.9422426139524,-165.225417589733,-230.645002173353,-78.0978265358899,-138.802907568854,-177.039275697949,-219.506543050416,-244.439270826268,-150.340599177381,-172.060799865485,-207.703714909794,-249.272065189504,-217.174388158146,-251.744414758232,-282.888205504091,-259.333424742806,-517.861233279829,-239.626039849936,-458.765418249448,-350.770764730978,-128.061616208665,-286.613889066268,-70.0143232522118,-300.391972419803,-454.052712534186,-178.472037818876,-193.235823461595,-51.6635808761479,-289.740554919109,-436.091128071347,-144.838196108397,236.308747769878,-650.467999478202,28.9839252828148
-500.730824219589,-405.222974499579,30.9820790338257,-375.067211835043,-289.730148395239,-361.113026972211,-292.963051047936,-312.89531599362,-308.854070963069,-312.180605506226,-286.90491795466,-207.351880037766,-274.245224960004,-278.587298594838,-125.103446443673,768.681211418923,-86.4048768100674,9.69562513107087,78.5538445075624,37.0810902464264,54.2983817549481,48.6781857595181,120.020093759443,61.7497124449357,49.0098634493537,71.0177269675083,65.7854238360238,10.9223197105793,-35.6385969517444,-28.4813135980356,-35.6773088421067,-91.6172919560583,-163.963206694522,-36.5336083175783,-86.7030335703009,-123.246365301439,-161.056825794241,-195.576441169292,-117.392800230673,-138.540390524477,-180.073081083632,-207.621735776057,-205.400803555542,-215.793456985673,-250.11917824404,-347.783248528196,-532.222416208368,-264.829464724487,-465.031604049829,-450.245663163765,-175.576668050819,-381.34779084296,-94.964662148802,-309.7660300194,-472.704749545243,-271.677168714675,-222.503210235092,-200.134656855401,-265.506582977682,-376.379871778935,-254.607928316237,23.4899522473832,-539.239620606326,-136.002047495044
-447.957064331324,-347.462136595471,-207.982843881256,-346.181143525341,-255.62421330121,-369.445148291296,-273.569936866206,-282.702362249396,-308.803954823597,-289.817965860874,-291.083841190511,-238.520869116161,-262.180731670942,-236.919898877287,-166.304650741045,832.813268790215,-54.1777645629322,18.0915117639254,155.607797489336,83.8119604581995,120.890109194962,92.3407342576766,178.526711239516,147.939411101708,121.562963609694,98.9113491175427,120.913784768605,65.6977783963756,7.57837501074501,17.1601650461865,-8.76628416636208,-40.8876483383605,-86.4954823120228,-15.0106978513998,-48.7244322536388,-82.0863571350264,-106.009243327621,-137.431041527889,-101.790134076206,-119.464261351255,-156.550041934026,-170.008082275353,-211.299627629947,-199.211599465356,-208.255557808105,-233.417179608102,-470.528922337293,-178.349976641703,-369.183274813021,-430.743678036868,-105.664960790285,-327.79457385803,-60.0868171320372,-239.70755376045,-318.115320505282,-262.14713962656,-191.789305556164,-210.496755017245,-229.782216209092,-306.877383581173,-242.124379404408,-79.3321942638035,-374.50089915006,-196.798619402398
-355.254675044181,-268.561769129328,-287.436430956721,-288.411003513123,-209.722841947463,-351.2685585938,-228.660982588252,-244.114344848868,-283.551170593831,-251.6849800252,-260.285433356109,-241.344988577385,-229.091886457729,-165.340331420948,-187.560912479319,894.572494244366,-41.9495377534562,10.6022670001308,208.227963673485,76.4745843726809,134.288282432625,111.775547486179,193.655939960079,163.700085774118,169.8245301069,96.7776677122165,157.797528452588,113.127595703899,19.7022796243596,51.8705948506929,16.8047333993218,-21.4172006883612,-19.8546524558228,-2.24405185772283,-20.2007260813209,-52.5107033977735,-66.6661449669761,-80.1986622809539,-85.6255837566956,-94.3342961240139,-131.162066989292,-129.815409446743,-206.599453592672,-182.552987090027,-163.248512490313,37.214122429693,-360.115552138034,10.1560602743635,-189.962633713349,-335.583862380591,103.21129628942,-177.131502199012,91.7397909415422,-82.8336224177995,-124.216619383303,-160.099415686122,-68.4536972077754,-111.344075575181,-136.836253140851,-207.638575852868,-147.431378489994,-53.6410173386953,-215.346028091339,-140.409677020985
-251.306458807158,-179.660404870288,-432.442634959966,-201.265778207311,-130.523190770613,-299.181539630371,-159.570524503871,-177.145641977173,-227.207027569896,-177.220218740475,-148.178693857095,-199.535423643747,-161.19463816179,-58.7041509416232,-186.870030615476,932.785034880621,-57.5733919235504,7.43244049455708,243.072454509603,42.9097814833711,132.760689120365,102.862187330213,187.079574522494,165.78841045095,182.963201655184,105.918113123914,170.793930700231,149.347771073959,25.0486750206075,79.4416066020667,53.6850750787445,0.0419163716287425,26.6995196820893,19.5959982376991,20.6161425685195,-15.9386026339299,-26.315336276088,-18.6326832911699,-41.362598185707,-39.8606474439715,-81.0950578950618,-67.2232069074621,-152.158326826205,-132.16379964386,-101.848450624739,322.743156298081,-232.952789913556,213.488135463242,2.65150129284245,-226.970748058207,341.331304333029,-26.9610862914617,286.453506849589,101.35936965489,39.2017888652968,-37.5340702001206,93.7318432739156,9.46674210297044,-10.0659374315338,-65.9817916466071,-40.2776540038014,11.1883900340947,-94.4705024591815,-55.4652763829011
-173.670919224739,-102.065761206592,-641.228049656476,-117.12400000425,-33.0704187574802,-237.505150562305,-92.4843754388729,-88.9647473397092,-167.17440083756,-88.9106465436155,-4.29942917844928,-145.840950341142,-90.0243827011753,32.7467250307903,-172.04487117962,907.527441490615,-95.0333816872446,8.99552137893235,247.736702474469,12.551023955225,139.432508301911,60.5729280358186,166.308206764761,175.346013345548,147.437544764257,117.942301853512,139.754438162412,145.035513818375,38.0451329567408,77.147618560439,78.7397663674945,28.9708508858224,42.1823452576555,30.6263810039006,49.9591324432613,15.8445516918273,6.64012034336212,26.1504891496397,1.72123892377243,14.4208934510916,-23.3153577534569,-6.75138202343142,-71.384028397864,-63.3353238342205,-38.3415559249385,487.930791505481,-120.39932595853,323.847188717501,119.941477773482,-166.594276305274,449.999304148728,32.453819552706,378.199970895122,202.906462999639,134.91727155226,-13.5091347552651,167.130891153841,35.0123007264555,65.4313669876268,24.0655575400595,-10.6265726132177,-26.8816431322462,-47.8001731251365,-65.1081160710774
-114.388569959334,-40.9187209410055,-702.016396229054,-61.2029619613498,39.4280452450806,-184.07391875345,-40.764586689579,-12.4127780589158,-119.207992351911,-25.6963980807397,86.6144133500507,-102.308456610851,-47.0069123752961,76.5527029980691,-140.527262618073,851.356607144255,-114.5569881897,16.4533039769305,241.306112929079,1.91506984424246,155.476384380557,8.7528971344828,140.735860062354,184.639753367143,96.1348632668203,117.212633081082,77.75520555555,111.503391629189,66.1658066592162,49.3183528714544,87.084741099354,61.9157192404978,56.5712247914468,20.2103623468468,53.3395055371592,43.0605033590526,35.4013577734533,58.2173770097465,17.4510189067016,46.4681568289421,32.8134839227054,43.9178071415904,6.78905911690853,11.6991354300242,25.5779971609307,534.461850097919,14.4012654357737,354.957139851681,184.817997462954,-125.882146990616,404.068782376053,23.7042623614077,337.274504749634,215.235063280871,159.835046271636,-124.056383908504,139.486215998745,-65.1792791845647,107.856765897078,47.9280866083704,-62.9734803180006,-211.336098262894,-19.7814645606062,-166.552647369952
-4.70035054354746,49.4700723042933,-644.157492879173,9.30028667623894,102.358574483602,-98.7421686932653,32.9804802786297,61.119434576385,-44.3398323513365,33.9275383448129,140.204125767161,-26.9225360210615,1.00617619560131,118.867117887792,-57.0558445849067,876.250677936095,-56.9259802326593,61.7237154762401,289.385801632714,39.4298482870356,191.817323987935,19.6821955827282,148.566910300805,213.979210767408,105.13187245678,136.321223992947,57.0095311989938,117.092786675679,123.491245542293,56.1949173207015,118.994858824042,124.026763652239,125.568578330574,32.5812785839797,76.3993809967476,101.491285362024,100.908870365813,124.381242432085,44.9759551757192,92.1572654700972,111.779094558029,120.78159497571,95.6650320606279,112.634192160253,118.764925118143,558.63228121839,232.774118199474,423.761803468562,315.580338341896,2.67265443123854,316.845051168029,84.9846101748746,285.649576302366,279.176074306597,227.124568284277,-207.545206548076,182.001785870624,-121.122139481567,261.755952288435,199.250167557636,-31.8406920451085,-359.706742504541,163.080612854953,-183.560011536171
168.850608766762,181.937128532673,-686.308635277363,126.953646536171,187.8311815376,43.0582382228275,146.112947365141,146.496593664684,73.9228356803159,119.303097392656,203.8976257014,104.770814208968,85.898983220199,189.224838060503,87.6502017888913,1015.06144649745,67.6249366122593,151.854962014698,394.300740882717,126.41318613945,237.631280106238,119.823325486749,201.514503698679,267.259798581564,183.850367496788,190.136407369854,112.07188210491,175.276798291997,191.512147046186,116.286830578576,178.519104155224,203.931346106243,220.684930030331,84.3919250847873,134.890306494436,178.517363449653,193.519041315481,212.94588068585,103.439329690215,161.685304554616,196.486297614349,203.98957053388,175.76093480728,210.52060842768,217.715852769446,551.992204379151,451.61607242472,519.242809110207,486.076645344849,190.297313903443,235.934206257165,239.032800335591,281.063923331014,421.106386338911,391.995210503975,-110.392917161619,365.933454321503,20.6345809292077,533.609491174713,567.731040118649,186.981398058737,-271.640925174316,534.830978422056,-17.6063843743399
314.567267616738,286.699047791908,-689.40417329036,236.11133968937,255.178150230906,178.356297220409,243.460957965449,205.324032592816,173.328033239101,191.983199342319,251.205973623079,225.407932953923,165.329393539711,238.366312425417,222.293461289375,1157.29185199418,159.922371248698,217.029743927381,453.150811340857,188.190813985159,228.244041143924,212.115599077341,230.994131590689,282.08787329357,235.42267216073,219.303408809922,166.14957631705,205.102505883578,217.427680440386,155.893383135918,203.946867495444,237.253648360158,249.426045374721,110.75425376891,164.795984573628,203.939958754877,236.425326215277,248.178138383395,135.180261456693,193.136340435839,228.537861961836,225.420620368827,193.925183790142,239.330491976946,254.362833576449,439.256303731051,502.493182095224,495.057533212413,507.632064249904,259.159024597126,130.702564688557,309.305479110345,252.245978184917,447.948135472524,487.496245488366,55.0697576883993,500.426160556664,225.344793682203,700.872055471181,890.938849748415,423.926876638266,-28.8134468306615,849.691005045322,181.562897730303
393.610998861822,340.496201570347,-168.853763510054,303.493224919971,284.416632816824,267.585241542239,304.916571631906,239.914655293483,228.761686326182,238.799622617944,284.571774149981,288.410861832033,214.669892662849,265.494637184223,289.842353618515,1228.89337112179,174.214085274371,216.105628279521,427.667193885824,174.269482608532,148.410085339114,209.180515218895,192.107259093331,235.532846793991,204.217756871951,198.212930023976,156.12547440148,174.7325252276,208.015210183685,138.74550533046,183.206063518924,229.897412651309,226.939498765583,89.1276385017842,147.525863391815,184.460575050599,226.91942963376,240.381610967439,122.910124443064,173.788247877306,217.871723775334,213.306172587925,172.529746779065,224.60550323742,248.353892697695,282.558408092753,408.059691529205,336.664492701754,353.550770713954,210.590465132,63.6919025342257,226.320703041,207.043176871832,294.738943293627,395.445577118993,118.268784778289,451.624784100076,291.946036406298,644.543616057575,908.720809963814,491.156247779477,142.557696642531,900.994233000579,265.0043970188
464.253459396946,395.839927525686,880.051933756609,371.455670152769,330.062515361376,350.753418261091,377.317914718339,311.909207651616,290.254691297729,308.652576458905,363.913924925198,336.560269471614,274.988534988089,337.967856595585,315.638922729408,1278.56564308548,174.511717454363,207.638941939966,412.756118916419,141.938767621018,85.4266440599779,161.827384555297,142.966963801182,199.893020448756,152.320053556858,184.306277249337,128.355485877456,149.386442226354,221.381234869347,122.113677288652,174.541022953653,249.325691970394,246.767473031008,84.1345226425057,142.253264997444,194.163643198438,242.520961499167,270.433986869081,124.231017825636,169.56473779982,228.624052342455,248.190501823035,173.454611854907,241.664045496718,277.348722418961,193.349752914775,349.576441657364,177.162869277734,213.600962198875,251.262420090138,104.170925841129,157.128953670098,235.459027099374,163.680640585534,256.955111797773,139.190696146154,342.723759678094,260.383491660096,501.582372954757,707.277709060498,436.489401411398,180.457646461131,751.675996026778,278.472339073252
525.004106804065,443.649325410092,1674.75178305564,433.748272301431,391.279040945036,422.013309367695,447.546290318407,398.696263236443,353.961297140414,387.439899832123,463.784391768585,384.860283972661,344.953596654358,436.689313295369,321.768262981569,1336.4827754379,205.28939936657,234.538114741455,464.008137321112,154.787821497323,104.071822947832,163.659280558127,141.812496097834,218.881441634242,144.031363242213,197.448221313733,138.148775117724,161.121912426368,246.80598404809,139.065830073836,188.351721025746,277.575438293345,292.11151651909,116.02186246494,157.800054869865,221.975519528159,278.26900164859,316.291847563546,149.727881781602,189.73539562396,255.858633076055,295.630260691917,179.786774541158,266.611990989406,318.753159628237,143.806208830106,364.130642597001,77.7562440531754,178.288514583563,413.267557132931,162.357737215266,204.859344169558,295.135402446075,165.043258003114,224.038287993248,244.683095440141,281.723351193098,263.141535087165,384.599969760156,487.790824637256,370.436547391322,171.758626652129,534.349202953082,291.209483420299
507.557750468881,422.269226901477,1588.66585762962,426.528923385245,397.002356474294,413.725761982014,444.191369211732,410.608884540587,356.242187329311,401.237873033922,494.680814637025,381.316249400119,365.876596692852,471.084089057189,288.532388832122,1356.66989964272,240.380404283063,258.302617570769,521.28674710314,198.432292638926,167.377573377223,227.579354271273,174.154573746906,249.617052510103,181.375656394068,195.859485028767,178.951979738149,177.953673577767,225.905571094784,161.40474844456,183.369925956727,246.070286603416,271.692347325647,136.77133114109,151.062066193023,200.407777455708,254.749642955065,284.937724459916,155.207022627586,181.151631137722,241.270804439587,269.424391864922,145.072291145323,231.13249792589,289.381111404136,62.8838710326906,335.020219863261,7.09721301387191,156.265555391905,497.599870000795,129.199847494256,265.126328081548,254.39549924959,171.010720898328,254.886901908599,397.863686509752,199.626004738303,301.585045945679,246.70421941502,289.192957799505,287.531330744069,182.83715157997,293.279604793518,273.036618893114
419.832581155593,348.830391281521,941.812009750111,361.083502707698,345.852318561597,327.862929450825,372.984228779229,356.409674642595,294.442679580436,356.043851582359,458.647213958073,311.950767643534,331.799500334444,438.384419641261,218.527469403628,1313.54126854151,259.131319469633,240.963502246823,525.483045508375,229.40119281648,202.240108591463,301.376666431671,205.915970888835,249.927878549335,242.814515825265,176.45618995817,228.336372822127,190.236300819275,172.168091066953,174.170044788552,159.113015182803,174.315933846733,188.44574694872,132.80574661423,126.884421695436,143.082897639425,176.604765918706,188.574031470854,137.72628348802,143.864994026142,185.979335549882,196.525395245188,94.8245258142824,162.600579256892,204.033475805182,-36.6242128007217,233.197855574585,-49.9994060680461,82.4140329176531,412.925074948007,33.4911245221849,238.092889451307,106.021267174805,95.3020188242968,251.736739568841,486.147057491626,47.0350210143507,313.012098225262,62.4250842447444,90.6608716614186,161.681172291347,212.852640804511,71.2363999789174,197.677807374123
358.356885420032,313.402773044185,432.287910991669,327.862548513909,323.667431689773,254.179833673376,326.625412961351,336.964073707354,245.308352599267,340.732052497608,441.176786602928,242.706789503109,304.613951253495,422.396501897817,154.603130133834,1246.52577919221,272.255194062446,201.892461225102,495.57889630267,232.057355524545,184.726404620991,337.728006943893,221.506496428791,241.036923839826,297.507258478662,181.529655736743,272.666637717896,216.071107636561,156.917064156821,192.396147396683,158.298754729791,145.574945618639,136.916641848049,140.24863808158,130.018002660872,125.507097454797,136.986533229668,140.519260708142,139.132715591364,133.380927345855,156.646529550658,175.745440821927,92.0443789843012,148.017049691398,163.072474933703,-127.323991958595,154.555314130472,-92.6554804479279,3.55341849071254,294.041195774625,-47.209995127761,167.496031550309,-37.1602140798107,17.1056023077415,214.197300719444,476.303107504373,-87.3010209247855,294.021788104615,-79.3264903809108,-44.6159463111941,49.8032660334485,233.778549920291,-47.2872047735533,117.6720237057
371.545362565235,345.283063258276,213.639506295285,356.778114570944,362.095682844742,243.969942532761,348.48159217593,376.980624071876,261.160724799556,383.792581771452,463.646043997523,231.539279224694,314.209509473784,444.145289696199,124.728299439622,1196.81095800373,278.235009571191,178.744486409182,478.592870458191,214.812533182075,157.344965856657,316.269150336605,214.475733075837,268.986316700709,304.21523206216,221.584745287175,284.906959618866,238.272242685275,197.266733568501,211.064820935981,189.19708114418,183.529796528988,166.836311718502,165.364480062474,164.176196613036,164.540256757262,172.315043879317,186.130652730322,167.999731809308,164.32108785342,185.369477426227,223.571326386037,137.299361677814,198.220239607834,203.318629024754,-225.757094321205,142.599381395327,-142.699932008385,-23.9086989807551,264.462924019933,-97.3435824940264,131.929982292453,-106.297187072672,-1.91799388577478,187.819248001659,400.520716009096,-121.95298823908,264.595911067853,-105.561278772659,-59.7718435880598,19.3251401305974,222.129402382649,-33.9994691209917,89.2928715643737
393.992396786567,370.570866872238,-11.9986491951246,378.201209901832,384.045054518179,253.214025077906,373.730360211814,390.572974797334,303.687710106463,410.342614415943,452.661008639734,256.314896461388,323.883980373382,433.198620221766,120.908022075582,1161.52881927984,258.545848230522,185.416316183237,489.659349991944,192.987797705256,182.920458345064,242.871678657584,200.415880358399,344.4178406668,250.301522568912,266.435569571833,241.034270051977,218.266317422439,243.805740236803,197.162732568117,206.151620721972,230.661363700993,225.152337269964,166.537357942246,182.979835711905,199.911437340293,220.302784496821,246.57759068373,179.50324044204,187.373520420358,220.887143143594,263.592437513361,158.212053919928,234.156320904398,252.382437386628,-325.767615536062,134.577686594101,-208.590642539038,-3.7356342142483,272.545103287523,-134.193665892132,133.949891984302,-126.236555712686,-1.75868266717778,176.287558129577,295.003592282881,-98.1164615778541,217.086845466768,-65.516400302919,-12.6433938930664,51.8252377567951,173.023626099747,34.2796801047347,95.6016458482408
346.256398533822,319.595496368286,-337.242798847163,332.569990827172,320.7069312377,221.809533169062,329.424631291451,318.787773525188,301.791364998808,357.085344093861,361.169319298273,260.379085627058,293.660632380328,349.559036411221,129.165717961554,1112.74951400246,214.287047541506,207.524792686813,506.311716450716,175.665191046961,263.50600840237,151.717561455663,203.427555080515,421.912782627255,168.822457380025,282.090128186975,154.600740975345,155.562274327764,251.623704500209,137.197693295133,172.009688625617,228.82301067992,232.97638952492,121.627500200089,152.53804907206,181.473042450957,216.206252379471,238.37469332779,139.846951095251,161.222738308722,202.520844326148,241.262255909383,111.969579128558,201.494972602863,239.652270437816,-357.385582072752,100.765992827271,-234.706275393216,42.7351957053777,222.158310963643,-144.017929444084,141.604180520328,-133.316072655022,-4.64282227256077,167.78921072175,206.196484301719,-85.8069453145772,162.363769526265,-50.1558238827891,6.28647310622361,75.6786839419075,109.413734868524,63.0497386568629,88.2141138304183
242.137814432597,215.821114949571,-570.533949598671,242.295004518955,205.669977072285,155.205535566476,231.351354909261,205.071198096455,246.428073421171,253.744850059325,237.679208195388,235.72222232578,228.487649375986,237.181337158111,148.454626562764,1026.62292692887,172.991388830427,213.986244885007,487.792694980779,157.120521280891,311.909883140324,87.0757985200087,201.797859169101,428.668750420461,92.8966857060807,241.965855433218,67.5075059579979,81.6786346824548,207.15592488978,61.1939507320097,102.481108126879,174.726240068075,179.060863076124,63.1691397882002,88.5325422338801,121.337993349117,159.863695128777,167.972775714549,76.0366867352778,103.15810181678,141.701132599328,176.837804381043,49.521893229443,132.428415696478,181.639293173707,-272.012404810578,102.871724600576,-149.130886836049,111.336716024135,135.984975892639,-89.740030134186,156.138246238919,-116.59712815773,35.2889267083828,173.634389544256,184.029173654016,-68.908703627129,136.611868058037,-56.0555399818976,5.40697922462986,60.2835808154062,65.4222470441558,42.726761233076,55.3876428112739
158.289936870782,136.973515856655,-622.675561643727,170.520945877868,123.403545607503,112.065212815888,152.301837405473,127.573073848279,194.060908526142,172.70079552571,157.759319243201,224.699536937747,167.54737159194,156.617010877437,185.952909364526,900.888019865162,162.134130523298,191.58267079251,407.412131424448,138.344980383999,256.428001030146,77.4653679110651,153.35963128269,337.343115243531,31.8954690256494,146.666839239772,25.1394363180385,23.5582284082669,124.474437299145,17.2912177964907,44.1943178629124,104.231649657094,114.588602093638,41.2130020963148,39.3322273565908,66.989138288862,99.0890971144667,99.0225335181159,47.775037493844,63.6464825638548,90.966784979715,120.40394379172,33.2832848249108,83.9287034466303,132.625271654815,-131.917177458687,167.708772162452,21.5069301390275,179.792009744942,99.5451882640181,26.2520022866154,184.252094159992,-48.0926312341473,136.510775971733,192.187136887395,218.895827265198,8.78388467293103,134.165458701273,2.58277482435684,62.102533886872,40.1182784902278,37.7413467231231,42.9243718939519,12.4994673760844
117.179179056743,105.773299362373,-613.652040429198,134.114864679193,94.3249875840203,107.720871052016,112.552753095893,95.5713302184397,165.264623604398,126.641991576906,122.034802591499,228.134671210223,122.856384595887,109.21478979145,219.862941437095,736.118995164233,163.979907562616,151.752870280223,266.101590306987,120.936452839522,133.25291005909,96.6396037691187,58.6532429803732,187.214311796459,-19.7866376254885,30.0199172637639,31.7226280873634,-16.1692421774071,30.1147123218561,17.0103231267019,14.0243486159495,42.108114083988,69.4841242262396,58.2421906743556,29.3574148447053,40.9414822205525,66.7832941871745,66.3497551078747,66.5114428573524,61.1159586723459,68.8357028648707,94.0531503919382,48.7248735802581,66.5174627077943,107.925399637987,-47.7565562624588,222.588597893271,146.991027873669,198.496860178402,115.935165068081,130.761697368366,192.442133122196,48.2577861921264,228.934990560344,188.747259433541,232.440966751823,125.655261668123,113.262818716314,138.73046823243,174.230591963973,52.5471089376544,-18.7870571162284,92.8421846988276,-36.0485006436686
74.0641570657583,74.1478630795376,-668.361403063256,94.9694252367985,66.9831814521089,87.4544615577214,64.3472774481252,56.0657228305155,116.232226602171,70.9674516626404,74.3570952272069,186.415772129654,65.612299376806,55.243886314575,199.980517122601,526.937294338408,127.311387392482,103.446346938177,94.6559081769054,81.9060112486385,31.6804614503658,72.9246685959811,-41.4396686707033,37.5119615552117,-67.9045462800379,-64.9296224946009,38.3403577027351,-46.9040908524111,-49.6862783086794,26.5311732777152,-7.72046508593069,-4.81852686302388,34.8702936959958,71.9744978895451,36.2827731787209,29.1823551322543,53.8399414512771,56.166509231678,86.1405505951267,71.8058768106739,64.7188403257892,86.452193431944,56.5073313390834,63.8877511789582,96.4187080614261,-33.0809705699362,217.828145619024,147.717444155519,164.527195736919,123.768009229777,152.631699188678,164.149550732731,106.696362388805,242.134020357602,164.089745369338,195.199234251227,198.58572886207,95.0631531452302,244.396682091085,245.127593308337,106.593942996123,-86.9817998505361,130.476320748675,-61.9318701403088
3.24916248880053,8.38453815891988,-829.176239005381,27.6039950557593,4.58476795143985,16.0373212490381,-19.2721440430679,-19.5123914244447,27.0115674998633,-11.887705876975,-11.0682918858956,79.7931222587034,-16.582194824231,-22.6974132277146,109.27122253254,281.002726420902,40.2277956114246,38.2732295784973,-65.8791293317064,-3.33722255056332,-21.745045733546,-29.3480813183214,-120.339560516286,-79.1835597444967,-116.989405373736,-123.388934356849,4.60758874795811,-76.9173149135659,-100.456551116449,11.1933429376784,-36.9581847270211,-37.532344641484,-2.13713291138343,56.8666000895169,25.8771296681567,11.2301989096868,32.0141214895293,36.4855123196111,71.3013328518276,65.0591067943921,54.9294530855218,67.0440884780067,44.4621046855793,53.0472106165862,79.0938696756013,-26.6942098768232,179.699380829468,60.8534848984344,119.264944401811,92.821732724438,85.4823021259259,124.106649044449,84.2402243260941,180.816229119321,151.379133450273,158.1247544199,176.383306755129,134.169180807054,220.482824964928,206.860868814992,183.884805704988,-73.9693032651466,92.789180173624,-6.9212442713024
-79.112315800673,-77.9865919721274,-1032.47429212766,-54.2426458065084,-83.0279669252233,-74.1057496108028,-107.264900001094,-112.699532809265,-65.6487137448226,-98.0508229661395,-116.710213549463,-33.160305751907,-97.1185862701401,-113.437985373134,-14.7195289025695,15.5717289662859,-52.3862551996662,-52.603022674311,-207.642274817916,-120.896291730175,-80.560071777519,-169.863616194989,-194.746491718632,-170.447698631982,-177.260988742418,-173.839799603571,-60.8439519406954,-118.210556737853,-134.308067864455,-36.1835631009897,-76.6940894243983,-74.4115396868119,-55.1023111076639,19.9387575941953,-14.0887506818003,-25.0809016925988,-20.0963230978917,-18.9416817401768,28.7117558426027,23.7484925993127,5.16257959336821,7.36517159667851,3.82944565085583,0.170712987963483,23.2105968890515,-32.1568051312195,119.071266315134,-61.1145372142328,57.2821156461352,21.4229372858865,-44.315323529901,53.6496235105832,-18.1314306108461,64.0665302654651,108.030156285008,108.578404484026,58.6144555758674,163.213793454758,82.2482532089665,69.9601559126632,220.182237003107,24.1515893592948,-15.0699823663726,117.773627063872
-143.760310326028,-154.403163349027,-949.903354160652,-119.171688523847,-164.517365419566,-129.208661827175,-157.221098004664,-188.341353031581,-115.460959119294,-156.787437466462,-208.148350899702,-88.7416035103513,-132.337377809142,-194.325623106514,-114.761706700239,-239.150035996139,-97.7342598543487,-141.795117913121,-333.847552534805,-212.630791802227,-170.278667699439,-268.298766229354,-270.208906256971,-245.904073668078,-232.166012114696,-232.659210329064,-117.163873974608,-164.566080805346,-164.285193710364,-87.895437442005,-115.620530496611,-120.550776673017,-118.668980773022,-15.7051659556604,-59.9950579351508,-68.7652167412228,-85.032689301179,-95.6634267484584,-7.9865207618506,-32.4477463844589,-73.5957251826738,-75.3134449385437,-56.1133358969776,-85.4800549484755,-66.6248185723182,-91.9333239993617,26.9795276161728,-189.898843326164,-41.6196490716386,-82.0718884584201,-186.981512461039,-91.3205036550307,-145.936600335149,-98.6479045256718,-53.2574330929669,-46.602538253949,-98.7593696374663,36.7285101878517,-61.0495085948492,-101.424457506036,144.929359534231,85.1486026841063,-125.758071646866,214.625394653904
-181.578732379668,-207.738174225393,-162.284702826582,-156.766827760571,-225.932001917286,-145.420121021996,-175.743087191795,-231.439783062445,-120.581651938672,-180.563256965848,-268.925677840708,-96.2788194635918,-116.574126600874,-249.004000492799,-166.438884547672,-446.885239815919,-94.9721609403689,-191.844563797538,-422.18722128793,-236.709125863234,-245.191198345671,-279.95798412522,-311.303614047879,-298.380705354226,-244.414423104215,-276.771614728029,-139.79754598223,-192.569592902118,-189.886286775143,-115.789961621943,-144.936241705689,-158.939372095699,-172.485193905256,-38.0888736709363,-88.8292577259272,-103.024184556531,-130.72533697183,-158.507455289626,-26.939371504538,-72.3327893611816,-130.550954426724,-139.559821893981,-102.135741059657,-149.569698447187,-138.960754303873,-182.761238674493,-69.9594156276082,-281.445346467072,-139.944632413234,-194.751020833272,-268.436399309314,-280.054691323467,-215.920596866705,-254.618170495644,-319.991163039961,-318.119642120467,-197.974238320258,-249.161208748248,-114.429826913443,-216.928202366792,-38.2818520027454,23.0116692490909,-155.561052443193,203.197540944463
-195.066870254565,-228.316207238648,1185.2990064555,-169.024131516653,-260.533357255567,-152.962932848799,-189.184959338465,-241.513340262342,-112.717926064077,-177.85480271523,-297.087538172928,-101.587457976598,-94.1645670050343,-266.084494437701,-178.505493460394,-584.719100116583,-80.4248223835516,-193.366602715886,-444.627293354257,-205.172043616669,-259.097757904602,-224.313033114253,-283.49365379094,-313.276287079517,-203.610322594882,-273.207718792688,-132.722047419624,-184.246119645031,-199.171753033555,-117.148690165739,-161.871001939857,-173.879427399219,-202.956065179859,-50.7357863098386,-100.537359328567,-117.961101413326,-148.489418401281,-188.426635194189,-42.9650786414979,-89.684366803682,-136.722288281507,-163.215735622435,-109.76832624361,-158.392325454284,-152.659088741597,-222.336601088629,-111.017272051922,-271.344199184311,-167.175893396946,-262.67420185479,-232.898004687026,-390.012518113019,-176.224659287966,-305.881265316855,-526.78666914972,-536.234914680774,-164.41020816584,-479.64500244543,-61.9257261798052,-183.061169008115,-207.292907093875,-88.142823994436,-51.1325789510195,112.10103771071
-156.250795848707,-182.060132156757,2216.22373067291,-127.423298610295,-229.531446716192,-140.865853535908,-173.657172795585,-195.296235529979,-94.0893001370449,-136.79111812486,-260.420673834404,-97.6694914743718,-81.4383190458516,-224.533265987897,-147.022741336974,-645.023928597054,-60.0356129532141,-147.152614458654,-397.167478364216,-138.338345903113,-212.165926268751,-134.991078474592,-185.061122945084,-270.944245591526,-123.377170392518,-199.047183803123,-91.4002258392817,-127.340423082638,-157.892850550231,-83.2393672768321,-134.996947832319,-138.874526796463,-179.016606129059,-38.3257427953923,-77.3330392413185,-82.167700213296,-117.476104364183,-153.762890379869,-38.2919072889373,-68.9625781088762,-80.8235198597851,-121.196190810209,-66.2428724265145,-103.619171656001,-90.6538463951466,-140.483296044466,-37.2095799766812,-122.81964463482,-73.4951768618172,-189.05953846173,-78.6317671540032,-285.354221395833,-37.3854472519904,-183.436045160586,-468.173038903282,-467.795020387074,1.05127358728571,-409.949336956385,60.3413375327643,30.6576061387838,-185.181574537933,-72.7598941164489,168.309503949537,74.4597868378101
-50.1458378872441,-65.516993959475,2214.4241340358,-18.186356631742,-116.233118325856,-81.3300216842535,-100.466316855612,-84.9121733714166,-45.9123663748432,-50.8020973258048,-142.163370832657,-59.717522965098,-50.202058568655,-130.172475533241,-72.2160659206398,-652.812676308763,-25.8908106347603,-72.2270237464189,-319.548818257867,-51.8815761693531,-146.301375564937,-38.5499458672387,-59.4803739082674,-188.257083779707,-26.4525799675571,-74.7709240121926,-11.7865582943124,-33.7030707376689,-52.8790673946386,-4.04548052963644,-39.6136418508424,-39.2988657178173,-71.9799954232417,18.1008296396419,2.79519047281456,21.3142987070081,-14.6716462674983,-31.840405247565,19.2957446646261,11.4626821575552,31.8663402297164,-1.18149800182974,25.7862866437937,5.7812596973182,34.9302241426456,56.0048084049739,134.62585661244,105.394615069496,111.463443415212,56.4691321720542,130.531455257018,34.1229836007654,132.252948350086,58.8747321241744,-128.661742748513,-93.1489770087482,203.952151503004,-39.2768853187537,180.441112714362,289.590996777362,72.9292660456911,153.302790628465,370.789190882721,198.625928188296
72.6525809373706,62.946382859847,1500.81506229922,108.49116605449,24.3912581298804,6.02849619791951,-2.67282745414823,39.3249152043562,25.3000692883343,43.8287181266494,0.832370885207154,-10.8383965943121,5.68908038725365,-32.0213358368229,9.97788614853991,-656.130516589589,2.02985420972649,-4.54926868795172,-263.808719330287,23.6085454801296,-98.2064268950513,37.6643139184797,37.9923540757091,-126.476460918566,67.5091852023913,42.1587909019939,80.7905156448514,65.7807238488182,68.9066329816508,98.9692237589587,87.7319461237727,86.893768406626,83.4197129627062,101.286456966872,112.934958018455,146.259617033413,123.650984254541,127.576530553061,114.078690013913,125.675832862207,159.207571636876,145.862037721629,137.465648029538,127.452722244747,170.606873992261,289.424337620396,294.331982222279,299.631011240662,289.983028240222,337.36608438132,311.413922055206,389.263794916727,275.164781457533,272.388466793713,270.170859462018,327.861737927088,330.301601376953,386.612618611324,225.371995802635,377.143505641625,406.291406106782,489.287701664352,396.242590092931,452.233773698264
149.232916005001,148.36094333983,967.618421792515,191.326325941586,127.064339387372,71.4831638251612,62.4795363740756,117.577116990141,89.6933636860394,99.2675462443855,95.406234839233,13.2836212987735,53.5266418983411,24.9544089124398,61.143176160821,-677.649694532352,2.01816240446468,46.4961879551768,-235.876404527166,68.2420930744298,-55.3828275833316,84.6179967793462,101.61687353399,-109.329898156118,152.000189439856,126.066846609416,150.727654104193,156.556465798229,151.09949755224,187.654507365017,190.334238574436,180.576886237638,206.360673607999,173.074341191099,199.251735141658,233.851483030749,227.03981890312,240.30543805324,199.294395389382,216.324145921826,250.733448742617,244.058364087023,231.213624092222,207.089062748356,255.382119311924,484.982749709469,359.375277385429,420.479128348706,402.328435306959,488.963723513412,437.17347149468,604.143261580145,399.051189377512,376.794143242451,533.447201458294,557.318173972285,363.904463634284,654.65756299248,197.998776545027,254.320265360414,619.452055835193,763.164774952439,233.411429994788,695.791120530532
173.124913778415,185.913562877472,902.772168364978,220.486435686444,180.668052332196,96.4110551040447,84.277046588701,145.468120652522,125.689635358435,110.717064674067,129.072375704245,14.1254431879236,75.2092397308243,42.7914923519124,90.7018623731904,-696.553325456543,-2.95215072706648,108.203190447344,-192.201949223475,111.015768411862,28.9053486289049,129.329417974282,179.703659152379,-72.4428768316478,233.383554799859,212.943398500154,197.870128528581,247.909108139656,204.136960238914,254.788513412795,262.966853879365,233.265695046296,267.211123106716,227.055965732257,257.336060375733,287.956262101453,281.247861642617,292.550177102057,263.328707535704,272.912424809142,304.044608683463,287.839941140494,302.818654902478,244.242836280686,287.342742677832,622.62855490311,380.494422122436,521.3858376553,481.120215571718,519.784072399147,540.509638954235,680.316669878177,517.694747220388,435.596251075247,679.278286679637,619.745823270928,379.560102210868,755.757082835185,176.507936456173,115.537300121903,669.046738033731,889.434480603064,45.7585780616582,814.766072592855
184.632273087495,202.488706385231,855.795190853661,231.091091661242,218.160164279578,111.269605415457,102.76003585528,168.364086637759,144.885775054661,123.130321130308,148.582377464515,21.0094729286414,97.6009060622666,69.3677010155873,146.652218583851,-681.424477322504,45.4084656642193,207.425505466708,-93.8732343305696,206.480681639477,180.653381002623,211.591451139778,310.586773163785,57.1272698278485,330.736786360021,342.113207948262,263.165130695679,353.951197555385,289.262758194749,331.533896103759,344.425575355765,295.021112934736,321.135542107959,295.909897200442,335.664554826528,358.144534138581,340.233119413058,346.808655313919,339.435131453702,343.620635557336,366.729061379418,343.051796178421,383.562324152695,301.975607750542,332.265122527156,717.048801035209,457.670982173071,638.069722492871,581.399041501597,557.330048574101,631.520907650289,719.939125397244,586.150410362028,519.577320102616,785.655308924912,665.890979400355,418.142281246748,774.134273018589,206.479067842585,122.799697942501,634.883559396163,892.451102031078,-12.552678680151,793.25850058586
205.096101002326,212.128597295669,547.923263153056,245.706611505005,259.928063428826,136.325323609416,137.96590037036,208.143856774325,167.916099416146,167.33078502091,188.928720045989,44.9825502497528,142.038011769345,133.574192383555,233.267409192901,-645.961768972345,153.050603651689,318.340570143333,25.4987561216637,344.900396454595,344.07826912114,324.363135319545,452.944588376021,231.839877884938,440.408907416501,473.257340741803,358.23796011835,453.837159127037,401.948827373124,421.363385892648,433.864585612935,382.636038234549,399.65664491014,377.899496122394,433.22493685557,445.358061666058,425.209347429447,424.839979117092,425.551964023423,436.708074512927,451.287172113407,430.78494820623,470.32504470918,397.754560669637,418.731355046573,753.231059047891,566.480512728115,714.487949230877,669.917801278408,625.235998404993,646.874551803475,737.371357317103,540.690272225502,565.49793521899,804.066015263857,719.001191515343,419.465855903836,725.164395816382,225.010395418031,192.236599266364,558.860907501336,809.210523916899,36.8154053328799,667.077806109044
228.633660576558,217.64378392756,240.410572355161,259.25864863849,297.310175669618,161.479719555073,170.08043085409,242.05874288799,200.134953119866,225.072784914917,237.092712538151,76.2228727852706,193.063304039295,208.997311527215,301.013851896498,-632.099336624346,257.254425892202,385.871897414998,92.5167653934772,447.637849245304,426.066820433696,420.867372393826,531.981824818868,326.206933086517,531.438066768152,528.913786358709,446.635344956071,510.013071414369,463.900342169227,488.403909090364,486.162601802979,446.23998586753,458.846835355474,431.226834345277,489.77305736953,498.839702415705,489.659137703048,480.539554367251,471.930497157969,496.377886006545,503.881519241097,492.773932308006,514.906967871467,462.294902985368,488.02265902683,698.053380250708,582.178576465707,680.146855994561,658.558856484171,629.342907791336,550.120172994136,677.452494148999,400.839867172998,486.464340161139,672.296448394082,694.764135122202,330.813064428174,594.511483952182,161.894402312674,164.663016316793,432.420155308204,661.90474032177,79.9176671995172,494.501469195197
253.396304549893,227.032721228722,117.438022618564,265.889786445477,313.711714316762,182.730526046027,182.391067119634,245.000883288713,233.87456684386,257.680244772336,258.802498526174,109.184303229867,225.75041059577,251.017607328227,329.632021185276,-643.325351952399,314.088131378642,400.591369322501,97.6106811920443,472.091969465232,417.556333010702,477.705382477999,541.304261957425,306.626890115963,587.788711439414,508.471641531212,503.746374114015,528.613191938819,447.257746584555,519.322255193204,492.041086854279,449.607964365843,468.001843363576,449.366527340163,491.698389644557,502.069274355627,498.862109814473,491.035959393798,468.71196101744,499.24132315853,494.571492900143,493.17100248405,500.482908039501,454.418497182953,495.034710505456,577.570014984177,472.081255951607,560.012732117945,549.01309076875,539.179905399938,417.44769108023,559.298385983897,266.822666275568,337.272970651162,474.596994997249,587.951293350588,208.915383513958,441.145484605794,57.636083586301,60.0997827782089,292.470486073004,504.158664373649,80.3955466813695,352.177083073544
268.637145930938,230.519864961862,-45.0057073589273,260.485265232997,294.783738842826,197.803048919834,174.481389401049,209.672903780199,250.79899305414,241.372508557921,229.142761348987,137.842384577154,231.0688088476,236.341209724131,345.313691842058,-645.093139340484,329.349749386334,398.219777009445,100.088784594244,452.208668805386,394.829002764107,499.525493823642,528.916367207236,254.723422529857,607.591437995994,478.282236885058,527.107583888831,539.013805614184,402.863775598735,528.581781625586,481.599653180351,413.85301378811,447.221741314259,454.922738705232,479.355978386642,482.122313561812,470.39359479993,476.010194790521,453.62610582202,477.414548099989,462.701915643531,466.038613959242,466.760234243439,418.75876136145,470.55688177258,466.572032303892,338.681809964696,441.674883630452,435.254186139403,422.826043059701,336.133460520786,455.603754114137,199.263373100583,240.788222854216,339.848215063315,482.968792573777,142.155874857347,343.447208366866,-5.99103756560919,-0.184266766363896,193.41456927911,395.364334782052,66.6102842828581,269.859518878257
266.299984761273,218.563451881213,-343.271306691258,248.909281776532,256.350508034356,209.159832547806,168.322705155157,163.233682383977,257.05993939055,204.955941978268,171.740388528264,165.279160201445,234.53093333941,195.295301790897,374.970136945326,-610.895327075105,332.451588817948,411.145160630334,148.875957506086,441.58405020441,414.225005133095,498.16796765423,526.215828505553,242.492075015238,595.592415508789,477.767404121157,519.995633233447,544.60542136944,383.612228766293,525.865285878469,471.201779435131,382.943140089638,421.450683464135,452.7292346303,472.415026481199,462.889346260108,440.440341302323,451.594344506887,444.945102267833,456.327128500369,445.16066897713,448.175579365859,453.335618626048,399.955896995844,451.87562593669,407.363608888098,274.920430329446,370.240482170853,376.887793731544,338.530674818014,309.842891385009,392.108563676498,188.257472424102,236.457670330356,297.823187020784,438.293414758697,158.631264530525,316.694628939419,-3.48999263913669,10.667622075695,137.408204537643,350.750016157999,51.7714941857819,212.415814423393
265.889453180771,215.349831727685,-502.612600429345,252.210055404907,243.003120051641,233.923844275305,191.380813096332,153.121075385959,286.517254391575,206.841066713726,151.493097467072,205.423666040291,265.962637163713,189.135264046291,420.362901960466,-556.483779581076,350.298186538762,439.175143252908,223.442969084622,455.090007229859,453.048604920404,486.572697935974,529.132175644337,255.672971887199,566.701690099055,483.373969641471,496.629001176384,529.925555054554,391.756902845427,507.942156789426,453.636885527725,371.587091339878,398.687251628995,435.820034063388,456.690757179141,446.134075803702,419.567039101529,417.673593842098,427.879773292149,431.625078784944,425.353903696761,429.733178314646,450.793458897068,379.287745295809,423.857683893266,383.474061216715,273.305799650994,334.825748083406,353.365341792963,294.767669774671,314.439720438571,353.625697205334,221.875999047807,281.52716673335,309.073258727995,452.617053599464,237.539414250979,335.692507931529,59.0088098855572,47.7939967173939,102.9040115916,349.063989252818,52.0746574462448,151.307926345727
288.935402144521,247.407891737502,-455.444710944656,278.975141435029,273.511131784963,276.499417533077,236.675960722493,190.623439086737,340.946669513622,255.945879749423,195.127776946433,256.091235015507,312.688795827941,234.389152238538,470.873806020784,-525.442438973622,390.153629886476,463.446338989363,263.68272131861,478.848090960081,463.446590955858,482.584043931334,528.95113058687,252.512793498858,540.656886980656,468.293738777766,481.651155439157,502.883486272369,402.186302605221,482.171330643394,433.99525678415,366.811292173973,388.335730178857,415.391126496277,434.001131863587,430.73708721726,402.687287674766,386.984084776122,402.91795084405,404.941485001265,390.069605184754,401.572746601928,432.914691249072,337.781922303496,375.137515221833,366.823363574366,287.571067849571,335.206400725403,334.929919579347,275.624624994848,364.350707249586,335.019710568376,303.593751595136,349.041032448932,345.95078738918,492.847702915353,354.417021959403,375.146175328063,192.875845975177,127.288141642049,105.317515845225,365.424555884042,125.222631611748,113.815314147608
321.662002389982,290.532487798135,-544.302305442749,305.228227186858,305.426582693059,310.180573052404,263.616580318748,227.245537893212,372.189917436063,295.122768710808,246.944720574322,288.880933900186,333.373130306839,276.762050112617,508.581427723117,-552.261441009432,428.881925410971,464.994552749304,235.79190136095,493.190867737648,430.553658637106,494.679623211161,520.584244905278,226.420832299396,525.618936689522,442.721272986155,478.178085505557,483.263156377317,399.654320358891,462.928098495745,424.592533537683,357.768379954858,388.514752695662,403.731916304823,420.64924131148,416.794371355137,387.959281562656,373.069631270786,385.395199988282,384.122662979505,359.43941472053,377.31981535646,395.298253553474,296.071984730238,333.533359009538,340.127820227767,280.79285578793,369.65908291599,306.535250697085,224.231538403083,448.282342206693,305.757311518674,391.775423694271,429.695388966552,372.278961154099,474.092055061385,475.344045079786,379.789737784406,373.77251924884,289.078472375634,162.773580351536,361.277056610292,297.265360463078,127.74701009432
339.441518391275,303.394526337911,-771.098195163188,308.581664192221,290.673522624111,316.245652751993,253.717267033069,220.47562725706,354.402005743864,287.754081543937,250.631621316537,283.568147311933,312.160771113947,266.463750110026,511.287543961281,-636.902832430919,427.445281056186,429.768536760951,148.623190339156,471.769697665368,356.651624048031,495.117243921982,484.900202592824,182.934987233685,504.737346034534,416.092957188334,457.155228019667,458.424981789329,380.788346684098,439.399470679885,410.272424840153,338.755556977391,374.715381884999,385.532542431793,405.879282988193,394.153448780285,365.575399139767,357.111675098514,364.318783001542,357.079666980006,340.255116174191,357.53443839602,353.063712310366,268.110446955757,312.832568095589,295.937828944729,226.586266989285,387.664356177414,242.911390374871,83.9496970291789,478.495542336866,198.23586891753,407.794211417159,474.125949318338,323.806411463807,304.143182096275,538.272943706148,287.416467179929,497.240276410446,470.424699759793,235.125278762056,290.221704638138,487.275521290093,162.24536909204
382.488427049149,332.744405823716,-442.598856133046,338.254481786975,287.01612071592,342.599519578921,269.510537636705,235.092216192977,353.919676629546,301.960410079056,265.030979718933,282.442457360387,307.288891669388,265.164913657501,502.669278524327,-710.203999891756,396.487400788938,387.485863943845,68.6105555412278,427.641778387096,275.43620377937,466.089240562261,432.414672782837,146.3772532907,476.872089952735,403.367744369925,422.151117233699,428.914923755622,379.645777246485,416.475459063186,397.627474462704,337.950274335548,370.292800346203,367.171362212322,395.021763341778,386.061432218683,359.485371417761,353.632208640807,345.852200811896,341.840009597416,344.679137707746,363.117181178395,355.148211657049,275.754155762576,325.593449498825,279.608364720904,180.44389947762,371.136472697649,181.0216837685,-45.9566769553243,427.018402668921,54.9215604938091,370.625762366052,465.61191413935,225.513028135008,72.0871329234785,530.326972880624,169.357814446748,512.577628186099,577.874845113906,297.458450364793,191.702218964049,611.120539489275,202.687908090168
503.721085926257,453.55585209641,807.486190492458,455.410003064115,393.849755791509,439.322192758672,377.419193087511,363.167420432398,437.319713255354,415.024095587033,382.016349269044,336.160189413489,383.054059232058,372.886001345619,523.74141074296,-695.377650504679,387.247391568565,387.071446169857,74.4169589773362,412.89796915215,245.95263492791,434.986270232103,409.244707480122,160.095099679922,464.577387590241,429.6080352443,411.82621466385,429.571751834246,438.468044014175,427.670707824329,427.033993971778,398.185263468861,438.112416729055,382.816738889258,424.881676460265,434.649835963647,420.381725512072,420.359841533524,371.036808489329,382.983369101167,402.031204601199,431.572905934014,432.771707662637,349.044762899386,397.858598063992,348.466669159928,247.095706679849,374.863205315642,217.496043884397,28.2444229382881,391.759131148171,42.1905466386093,389.044774807969,465.779437777697,207.04837294662,17.1695410095497,518.031895598659,181.48967525897,496.02631202083,608.60064598721,384.216972161439,174.366756276646,664.020649439018,281.60407419864
634.048147919047,598.253868002732,2141.81784548191,593.029241327219,557.571306508945,543.266025417817,511.215770284641,536.70555715069,537.922241364841,556.824881005392,547.286369528488,395.466873128214,483.7169989903,536.371466864092,536.92544331359,-638.152751564538,398.5634912176,407.686999878038,141.368230088948,429.758526251363,272.166851507414,419.613293010139,415.412670024802,211.557717719645,460.048634627324,465.919488512169,418.297415343391,450.136582268313,510.503745466785,456.450784756243,474.912393563793,478.914708197802,544.498411550537,412.128342946968,474.973985835046,499.664577687339,509.955302411108,526.192018359908,424.994418721874,446.318558520374,477.390461722286,516.471045219872,516.256057983673,440.813624488629,487.174514727296,454.321719361366,393.699283928371,412.854743344238,338.601345585381,291.135477328726,428.775739131161,201.481175953246,470.364451414104,495.641923935568,307.701470797097,203.460051439542,524.446095163468,319.702990623038,494.567084653091,585.118525785503,477.492178331193,250.276738003556,636.916978688728,372.964822995297
655.39198432316,632.280738098493,2445.83536521167,626.907217834356,623.364604903442,553.625667084691,546.1278954248,602.164710279689,547.609192581945,596.74911614837,621.101504655955,376.442003410428,503.104103268897,602.882650028921,482.847109333855,-646.698440549298,395.175874001197,394.375454410044,177.49156248782,437.789507332982,309.150150653569,417.12880670606,417.376852739699,239.228917452974,452.66109899413,457.543986677503,411.460235133043,447.16777412228,510.331924601879,456.213874471682,472.791788129392,489.033114608288,570.726559036872,404.903520494164,479.862523056459,498.392384693303,521.751070751361,558.125428232546,438.889044453782,452.823922688105,486.430120983818,522.251186126182,518.760286134175,462.582179680649,502.295656807291,491.894904426959,468.062495133597,433.331287789457,414.999792770235,504.998748318903,467.920655147726,379.544283586249,503.713893032132,501.129122567343,423.77691915669,450.94825224972,490.740230834348,437.229153591018,455.698984599966,494.928307355599,495.540994170922,330.890507462728,512.114713328523,402.029300594536
576.676252286706,558.719312907915,1745.40978580557,560.028604364203,564.908528703184,482.334715916062,478.140852396665,548.000675544978,476.787208573118,535.989254313254,578.035784371401,294.712468733779,446.085281615935,546.732594339225,387.026536647761,-724.748157979374,382.51166254864,348.356862344266,164.667444016861,428.111461258574,326.55924124406,433.011499651023,411.667975953034,225.173809459156,467.801607361467,416.927595566551,409.508722499696,427.739687081132,448.849158154888,436.463631074383,426.89134569774,423.525601295524,485.561351719539,374.193906797803,440.503507525855,438.318706680745,444.717000782024,489.774971153416,400.987569090749,409.714093502191,423.59552016541,451.350930673637,463.896403656183,419.473933013177,439.519413441462,444.657547421475,429.337798053699,416.705015018159,397.684739247795,543.38979501268,437.742783034251,457.911891697273,433.050419749594,459.765624088118,474.46896816387,607.610765976434,392.09922769056,476.43469915841,352.362689417628,354.302356284807,425.578839071486,378.98241345647,350.220405521634,364.339755569437
502.551703995411,487.094756467722,963.067173646583,495.214184938259,494.499980473399,419.071202546312,406.989936366937,488.090197736983,412.767537227636,476.251555255151,511.820632986274,231.283945511096,395.446891840208,474.840343414373,309.522860554211,-792.526120869116,376.746361718554,302.380409806441,152.755872144284,407.704567523856,306.699757661,453.470923530181,395.451735791,201.995198742828,499.495522406243,391.285812046171,429.81098713047,420.754742253839,402.261532418955,430.110278440954,395.817090501848,358.225582156783,382.894953500831,364.146726300754,413.059207343626,390.307344035914,372.735108663244,406.796728409057,366.335040296883,381.351535386595,370.054861393721,393.777202660782,433.198074940486,392.769751434621,385.188856794318,365.089794855273,376.559798568012,380.256429878959,350.67782100195,506.786403876071,350.701770515046,456.459565484002,309.199845873324,403.371295251062,469.866142610275,661.067039856297,278.208125819478,480.262136794136,238.679348905211,229.515759677538,335.615987712149,412.714006901565,244.831640113196,313.385473119023
478.239002109244,463.722008332374,589.951991456886,475.219063891041,474.823923080247,402.345411547769,385.550572715002,474.510810792277,396.507814385385,461.914592691061,478.386364460641,223.031998356334,381.710357766333,445.914504432127,265.355880925973,-813.532026804485,363.171189727007,269.413720809801,164.574116747043,371.651734461068,256.667478330354,437.44749355031,354.010892551971,198.901729577443,487.728875720509,383.491394607658,433.294898332001,408.485141095616,394.291840785985,424.200588933177,386.524162698803,334.535020312819,342.972548371606,367.778914391857,407.126373591322,373.960676305516,353.443410313873,368.952256083901,359.82708385062,375.46423872876,361.357330180456,385.915451959001,438.757938072132,401.026288124541,376.483303475136,254.370809286242,342.885595602969,304.251263351129,297.793525722201,478.901518354293,243.353567096348,401.692401570401,191.565469873684,340.182170059807,419.185692440199,608.312483339875,188.481634824149,439.535309281029,167.496316089988,164.181468980927,262.398946199565,399.016815036238,215.344266351405,263.049007700585
457.852342692197,442.241515107612,334.50908149959,454.385977590737,452.927904829573,399.446543533479,377.410746463536,455.315200693262,402.924331332031,452.319520705223,437.505142303387,245.313931115442,373.152854899386,416.693772859718,244.829111013935,-807.91595754891,330.48506006508,255.128296356483,186.883977380096,333.164295252498,232.34433431647,371.527369544906,306.555412916152,227.300413652209,408.356595301762,372.340496336159,381.263674133971,356.62162470729,388.148571938925,384.244483001082,358.553575338524,323.454701148101,342.429145739828,343.575355628408,378.248861821889,350.369660371039,339.314327773947,346.736024067977,342.582858429721,345.457353602762,341.304523538733,373.874440592904,421.090315318189,376.765283112579,354.463714535166,84.5456419910501,246.645062092109,160.320627530554,198.235084648211,394.492499332567,122.223560080871,273.873265726317,91.3393441849811,244.525860261098,295.747182247165,423.35326191611,111.909594217186,300.860675240772,130.354935498148,133.813879729573,184.905347982941,281.262298510934,212.946592835398,185.040049537038
399.637128878023,383.116957700942,-66.7132044894001,396.030994650466,380.014813357177,379.904598391756,341.892969097332,387.367343993913,397.659986779497,408.834133627905,350.77001400358,264.694213434303,346.768009416275,347.764762031964,249.210125284301,-788.013993604915,300.157483166196,268.251509827273,214.559352181337,320.683982208771,274.415722745913,293.344894033035,289.789818917927,278.367482486141,312.495240505361,353.723990146568,296.460136510149,274.639960499431,355.525540333215,310.82733024877,297.3444202939,288.475689913882,315.978239076884,284.821872239313,308.398743692107,292.809809352561,287.009929300371,292.807181634927,286.147987620909,272.804876383705,266.867646620259,308.614175322051,348.233131298723,281.690631176384,268.008586109642,-83.5443580011725,75.3445310558331,3.54451958679956,71.2020787491766,211.59511039475,9.17202717818442,106.512241589663,9.0936663719178,132.749120194601,121.091748371162,168.266304665644,42.3144237911989,95.7874950967749,94.3906560403953,97.5612901800006,95.9286292522728,89.8328066444581,198.549938403307,82.4126784880652
316.212585259059,300.864037085647,-427.733085584822,313.876656436538,285.030020947688,349.694538942554,282.439865490676,293.563723716807,370.561612506719,334.371966738012,248.28358516501,270.130974531118,304.830906894652,257.84446855041,273.632903088601,-753.473612930338,290.525099480174,288.054991241607,239.824390422359,323.787467152914,329.050388326136,241.127129027143,289.846387676323,303.053928354074,244.95657344561,316.015332073937,224.197566511794,195.050754675252,294.200161174579,232.361680755412,222.53799396192,227.773998234869,244.581296197046,224.324382765333,229.015795068819,212.170283711499,207.821142887722,205.961941459035,216.453100780502,188.651371548406,167.79283454009,202.847477039428,248.381018032612,156.088296829216,141.964234479387,-145.41174047587,-59.1501806149251,-67.9969205669587,-3.20815598322632,21.7280738043587,-41.9108434269297,-11.5328997272737,-39.1017722520687,66.533386151919,-18.8014522540692,-25.871430918721,1.86517260178866,-74.7937701328418,55.3938391620436,59.2868379730359,16.7928213683395,-86.4166175155152,165.253429075942,-8.9802201680797
222.235242899722,212.755836433021,-581.176358028511,218.667212496636,201.195323551118,308.977879231417,205.990051193947,204.196171960492,314.599245653001,238.301957096399,163.840935251529,251.604688804763,240.368663516605,166.632205326532,283.166666585994,-736.320082113652,271.844168042684,257.986460262658,216.575980040671,288.795390698143,290.176333229077,204.939661484649,242.005097042584,232.574201669548,175.558217340997,225.021422346733,164.453403325422,117.989299232128,197.580338598041,155.013509555613,142.625136978323,147.227490857046,151.299288998979,174.828515337856,161.774309592088,123.89713654355,119.760429103727,111.805213620466,157.194803960397,118.369863872027,87.398319250997,94.8563554976235,160.724560711153,52.615968604273,30.6827205109169,-103.888385186844,-87.5798704469441,-37.9375429773531,-12.5724361897575,-84.5166520246171,-23.8402490433518,-58.0706025044018,-49.3041257516325,58.9080365477334,-88.6737659244822,-120.325786034378,-6.16287911825375,-180.288910257929,30.825661382441,41.37359566299,-54.628336044976,-222.084784393018,107.921508529593,-92.2866399931187
118.99066805932,123.770178133676,-657.657146572681,115.373267807428,129.083439458261,244.792656649343,118.408456332971,128.46282820275,228.292671851032,137.050971624872,94.3799841939568,201.897902273737,153.118328590928,77.383123929341,250.772832244288,-770.873532673467,209.544169539653,164.510748993613,113.264236580293,200.802499941766,143.940020178125,159.767705637354,127.408994199163,72.9486379291955,72.3502787357384,89.2130263224689,97.1834476579678,38.2729254341607,80.8230223593747,74.0910455820731,66.7438690495388,60.9154388464981,70.1522735036591,123.940406091136,105.717000599426,48.2844153599039,44.1763405422602,39.9688011691619,107.172580183111,66.1152247681858,44.266056886289,18.9219806193669,113.575449683525,1.31796106355193,-24.9680230998481,-36.1956953836655,-50.6295924532718,35.5632077081471,-2.9221308161578,-109.963225719618,20.6906763228884,-72.7723720634554,-24.5709334212972,71.1094404397685,-119.830331197448,-167.150759265113,8.95946860615081,-249.198053341424,45.1209344563663,52.9178015830827,-112.197674408963,-334.553466220221,44.396367271799,-182.777759504972
35.4450718450771,61.4517593661882,-780.493712046743,40.9079189441418,79.658699725831,172.29555018612,49.0838056502705,78.7908794851167,140.726242031041,66.2502027654612,41.9526516859329,141.82484396332,75.3378067936716,10.8461623767216,194.10915280878,-831.690954120211,122.828457605991,72.6942555337923,-20.8223884873853,110.683013861765,6.66604845286455,105.488141846449,13.4286399871564,-70.3661791586434,-19.9168527111083,-13.9908496680013,35.6952326077947,-10.4564173067835,5.48307332561666,14.9238282739069,28.7872989667864,11.6465999968726,32.9939929917,78.5736664787601,72.1089483141179,19.8886088611843,19.580827261825,18.9042637838924,75.4203433346091,44.0442440204293,38.3538126069097,-6.8792100389549,109.501068959808,10.489643042133,-14.2782138655534,32.4004714034539,3.30726223820635,105.963799067389,28.5430566507366,-87.346850185946,70.0314752788054,-56.3064117291834,38.0436451831541,92.778784049088,-107.145063528246,-171.078767142883,58.1967272059059,-249.948848909389,112.36693850119,98.4391441069807,-95.6402550661327,-378.975317224316,27.6168330829491,-226.580611659189
-7.56125886367135,35.8632510968011,-938.076993818011,8.13962674740274,50.5295224134576,110.714475384104,4.08155667059529,46.1818122312955,71.613655298908,23.6082677207387,5.5646270561077,85.1956344372834,18.6609290584596,-27.5196962681902,125.055544174044,-880.939290098194,37.0309705249285,21.0701328622031,-120.591595097736,37.7085889281118,-40.3626580039336,27.8514826334929,-56.4050286299255,-130.293889393512,-69.210725822973,-49.5704547622359,-13.5319306498818,-18.8647993601112,-7.8416943510472,-12.0479938220056,27.9239787986981,10.9545692916461,34.5199125403796,45.5621758635416,58.6638025437543,28.5370873604236,38.6520559811223,37.2765393838043,57.6916256852505,44.7907104556516,45.3837379051337,-3.12506343739013,108.510272029777,44.7164053696802,21.342411310152,92.5303950438878,56.3936585312547,136.207224157858,90.5275819500461,-47.8617615448445,94.2316595168821,-3.91111700432806,94.22225514341,115.567725003817,-38.3779528654985,-113.480019282962,112.410396682978,-146.941287910047,178.431156524903,145.788553246427,8.00290713932589,-300.545726891369,53.8656372510275,-165.68997819218
-40.6048507982888,3.46970388522087,-1121.36151281391,-28.7650072327663,4.9503263516043,52.7286237512266,-44.5061627341232,-1.16005029317123,8.84981791150524,-32.274313129422,-40.2728245765529,22.8276657239829,-39.1435483642875,-70.2108518428063,29.1284771492074,-920.129917216543,-48.5162495335919,-31.2974175757426,-181.901889481272,-55.3896715168001,-54.221189485039,-97.4086505414128,-124.084447147663,-154.268099752782,-122.957680768805,-83.1309048078253,-76.9634979852713,-42.6387254784486,-22.7600991833879,-43.4693067444595,9.50706582673464,9.77548833573994,36.5702052925685,6.6666833782504,33.485717654954,16.0311824942168,41.6936841203641,46.7338743020575,26.407802486108,28.6873550151988,40.2053875304223,-3.01784073610859,86.2867781071609,56.4513958333453,29.3602120131702,90.5244988343157,83.9046574171154,87.167827771631,121.102981520574,-29.8940456336417,35.2152321205707,25.1594129386316,67.7961793281555,85.692264300677,14.9556050300669,-48.736671886889,92.9333627550163,-20.01280669889,156.613546940535,126.431378788995,104.890107171118,-145.288637291462,44.5981397558947,-34.7222535390196
-88.2071888710106,-61.9910401734053,-1182.04666497813,-90.3569372123615,-64.7741934485116,3.75797203290491,-90.7129853686259,-59.2566654763568,-42.0957948705754,-98.1780355474864,-103.264911082481,-29.2263644090299,-85.3355547630147,-127.90629036813,-72.2403772654557,-942.101852363705,-109.028344453114,-109.348267608599,-223.423967798158,-160.777877101996,-108.392519968032,-226.499251218672,-217.230067487032,-198.04433906749,-203.826639626062,-164.149397104841,-153.425609760154,-111.143654129951,-83.5471702334107,-94.1724611615745,-49.6704398840523,-21.4478660139864,17.643802447242,-40.6952829626951,-11.8871544981377,-33.7552809223952,4.93628767716044,23.3751828227814,-14.601729967783,-14.4460582054548,19.73671812385,-17.5389885484955,64.7530971640803,39.9073179204023,3.10196979894967,5.27858413923045,63.2536621718121,-30.1304933547309,68.1834252706045,-48.6270865143009,-96.7717716280908,-24.3575813679214,-32.170549166702,-20.2164756601442,-28.1588540922932,-47.8512014273329,-9.65770011307312,16.4513586342729,60.2975484609267,31.0117414367724,115.270017093496,-12.2734866374427,-22.5029807425431,83.2974600257301
-137.238588975232,-137.252436357247,-729.245537140042,-150.349369331561,-134.537057982573,-23.4484538429849,-115.109099176378,-105.051191757364,-68.0642812790092,-140.519827598748,-167.808253014129,-49.4490666668945,-95.4025420431166,-180.499389581717,-138.10964831268,-927.035747921055,-117.13976371763,-181.302914297074,-250.668949216483,-223.169392018976,-191.188324503114,-281.060485013849,-293.789601186155,-256.639619317257,-261.864566465011,-253.384398530135,-210.412782000554,-181.984438706643,-163.303678288391,-139.13729150934,-118.935160560951,-73.0065140437189,-33.5549743431989,-79.3915535384487,-62.0206744067827,-94.2743577925101,-55.2755416403889,-36.3321179973792,-45.8872612484987,-62.9447254988921,-28.6961584051756,-65.3358832284743,35.5200105488541,-2.11404835674062,-52.3821735896269,-109.82346884246,-2.10756963345524,-150.479538604329,-33.3128491896967,-90.1632672591241,-209.387273009099,-123.084665002544,-117.696729129303,-142.239108012022,-140.156969190044,-102.601050105905,-113.791842397374,-44.8662847018107,-12.4739319784172,-66.4080822628688,47.8471894316175,47.3557329907906,-74.3048672903921,123.57683418118
-183.709434041566,-205.573451986896,356.971472036125,-204.407299356421,-202.868318120654,-56.2113580140522,-146.642177565278,-148.378383803156,-95.4179431948373,-170.241572544542,-229.488166537488,-67.6962759801995,-105.417710719336,-227.586278412334,-181.277662232449,-895.460800395369,-111.880488084321,-228.056208369121,-273.334032358776,-238.724405182975,-259.049148438318,-264.302408268103,-318.161723316147,-307.19510770196,-268.720844525269,-299.88926168637,-242.417885694825,-219.981705404962,-228.170811301983,-174.534993200849,-175.100276162973,-145.027172873775,-128.564772590419,-115.627447140718,-118.867324353313,-159.538490221438,-137.676036168474,-137.562282918218,-83.2373403430025,-116.402066889226,-114.93953955255,-161.756751177025,-33.5232395417919,-73.3484970024592,-137.887231845785,-192.462802903787,-77.4262004106179,-213.410885057087,-111.901457463496,-130.447586615933,-242.412531505213,-189.030212019231,-152.695994980195,-203.827943263087,-217.523779363263,-137.33829833346,-154.158771638005,-114.761082611341,-22.2819944555173,-95.4773550015106,-47.2200980785287,42.9124461849937,-52.3076681312802,61.5532218103149
-217.052487315266,-246.473496742065,1453.68159982012,-243.848773202035,-251.374003117964,-105.430373318445,-189.711374590542,-179.311355674945,-134.280208259179,-196.682135247619,-262.975974513671,-102.937964907625,-139.486618149382,-255.636645349713,-217.644540129834,-862.714340547825,-131.699781234323,-246.356253321174,-281.608612274661,-232.981106976512,-279.342732527304,-230.924841741042,-292.390341840528,-314.858480718812,-240.221098197702,-283.085221339797,-248.993644303561,-219.971134656004,-248.925016782828,-198.055914491008,-195.804932226475,-205.717501219644,-214.846784598508,-147.556792377917,-161.524770763656,-205.349742310422,-209.061328179865,-224.860365520998,-122.525159415452,-160.10428945777,-178.538354525924,-239.609553319192,-87.8780449132019,-116.799763540874,-193.658140199376,-200.850627476151,-93.1747216252996,-188.193318445571,-113.988882195761,-112.667061193567,-200.662486061104,-151.998578902119,-155.947617777041,-169.252473097317,-182.771444551045,-75.9455124888121,-117.477919636332,-96.0990096430063,3.17620732369067,-28.917529356677,-93.085605605513,40.2373549641596,39.7699757725803,-34.462714097557
-199.850370594267,-222.499562625631,1730.73748380875,-227.156854377792,-233.419202662848,-121.652890053236,-186.029366061575,-152.25622529467,-143.30140396477,-185.470110906321,-224.701010664501,-114.146655008484,-149.702366144965,-221.81801989534,-216.365739986147,-798.915673161093,-146.413554000571,-222.543733611829,-250.05341565008,-199.289674791482,-247.198242428228,-191.539865803214,-231.099370659625,-258.875610435528,-186.189872181255,-208.905813624525,-213.241502716555,-178.609740954151,-201.038659457079,-182.156271226959,-154.574557147415,-190.397883015881,-208.718926354223,-144.835317309909,-147.065846726077,-183.013552833335,-201.901646796099,-216.119147156969,-121.153034275096,-152.560049738107,-153.362420139052,-217.617010757373,-48.0709667582071,-70.9811311353891,-152.695199750512,-136.024111158452,-25.936754777319,-104.14492183031,-50.0648809109033,3.9898456735283,-122.657617017688,-21.1652920303791,-129.005112568571,-74.0709795226621,-61.6333494133515,63.8624218460632,-33.6073636934258,20.6861154702557,36.8745745232788,91.5383995932247,-31.5593114139616,109.714755682278,147.108311681964,-40.8493511279614
-149.027611524655,-159.530527136182,1140.0106239858,-172.931500783338,-174.815593578798,-97.0873614690321,-139.53660031361,-91.2939171167054,-123.798908305686,-147.344833004317,-147.633919130842,-97.1788673239646,-125.788137261636,-153.100659337758,-186.845619877834,-714.19101792111,-144.451040030565,-183.366014940108,-210.313606899568,-155.305457131558,-217.102920438713,-149.043853019566,-176.441008501953,-208.70294433194,-128.272931121602,-138.419910788297,-162.012070413846,-126.663341523499,-129.650346645369,-142.967988143028,-90.0884607466646,-123.916064543631,-141.885110211615,-121.932340257678,-105.9910255784,-122.579020056205,-140.780091677324,-148.738388155134,-95.2048925956197,-116.923757421196,-92.6647576906864,-149.679749313351,31.2748636386343,2.98301777641599,-74.7242022875243,-73.0245411720645,21.6115349826174,-62.0095223899237,-20.3493501257187,133.800478352098,-82.2506779849648,86.6418524480209,-91.1546944615432,-31.059947915929,21.5280308304859,140.010428043658,10.1787813047114,123.207324710485,30.6607152231605,123.12968778911,75.7345965472901,211.37283083101,154.922101061475,55.7466542388208
-129.412338970308,-125.061433306813,452.393859957372,-149.605766855895,-145.606340818164,-90.6914075709471,-120.78039736467,-68.3350281295992,-126.796635520048,-140.541761818903,-111.299427265998,-101.201568124314,-122.461814949853,-129.889899787259,-179.96267078599,-658.250654151042,-159.442883654658,-169.998840095921,-204.37419678397,-143.62036870922,-225.052870435352,-132.543598157639,-160.370356937714,-229.070282812541,-91.8197124385619,-121.757467442269,-142.113529318674,-100.544277648164,-100.363425882303,-125.747401458288,-62.449662767775,-88.248203033849,-108.154771233709,-120.889369556549,-98.5156112450178,-96.401430319124,-109.235967606246,-118.216218885868,-96.5420039123785,-111.642657845085,-79.062348904778,-129.744114597973,47.5391599732939,23.056487300956,-53.3281922502086,-57.4830981811851,-26.5046568174348,-94.5853852879242,-73.0923046960995,163.108308800342,-106.596932652835,91.4329696282336,-69.680988549222,-89.2283168958253,15.2323145434323,71.6890434274984,-38.796902168223,130.143136446054,-47.2643269616544,-19.6376750052503,123.261896549485,248.277148755031,-0.254535012321657,156.471484814017
-159.383548279894,-132.464731977415,216.383541144189,-170.360371817378,-155.278026578451,-129.269418937809,-148.047075968489,-92.3820412867843,-165.183198676045,-178.03317316523,-135.059971251027,-137.932423456113,-162.344313230005,-167.127460726077,-197.789286285252,-628.075422168209,-201.049081492167,-169.236316007548,-202.738872599729,-162.7395200873,-226.475483092621,-157.009792964297,-162.833505534384,-261.710161831283,-75.4873050683934,-132.433782362595,-159.188280778329,-99.8360919243347,-114.861205616085,-141.395304418747,-79.0488476137614,-103.990830505403,-125.549449798965,-149.15883544227,-129.49099586505,-123.293732073315,-133.112475756087,-143.360924152274,-132.525416584729,-150.128910961713,-116.040946165288,-161.774845312437,-14.436786077174,-9.29120232651464,-92.8451759683218,-47.2952950292849,-106.444366341424,-114.603527988764,-128.556965755095,95.1961357395457,-128.346065671287,40.8313505838563,-46.4410720224225,-154.40321800994,4.29467994116413,-49.9177900032133,-120.242333812397,83.2080562856521,-141.568384091447,-218.969862404626,93.4777712289651,197.552230362911,-220.896799754351,185.563944765115
-225.525244563864,-173.754939839843,148.430376470096,-220.680234817765,-196.207258982559,-197.899263284849,-204.126684796092,-144.78424125295,-228.871895438877,-245.02524504315,-204.568170247072,-191.294525681916,-232.997291630132,-236.154711947947,-221.840186355035,-598.192312581154,-263.738588424883,-173.052870361154,-183.066277996288,-198.681488936296,-205.825990145187,-220.935308168056,-180.616936134866,-251.872642204614,-98.9457240905126,-161.082466887952,-218.639703391668,-151.405140683425,-177.128691923783,-207.762626515127,-161.248727851561,-182.402622999463,-206.491152552179,-219.531680605393,-215.447075255241,-222.170363681753,-233.277055196801,-238.184322553145,-214.03666995251,-252.44299650647,-222.395146977142,-259.361023265935,-160.434102484415,-124.014210028346,-207.505942413025,-45.8271296404465,-193.85181803407,-106.926808705755,-166.605178076781,-47.610459085245,-129.819295886672,-46.5494129800128,-35.9897887544373,-175.906910890245,-5.4790607293838,-163.402894613347,-184.262867730055,-8.77087286635562,-204.401389233069,-338.845568870152,-9.56057475662027,63.7057476155168,-379.102181187721,98.9987693646213
-319.254568102537,-256.361998309831,-180.466322899753,-306.135566286014,-279.182691817341,-287.498877957251,-284.990706253752,-226.018490330668,-316.746291027779,-334.294648256901,-304.494950166707,-259.432231107597,-319.450505008136,-320.620334133942,-261.80152525622,-575.995321901284,-336.561593562459,-213.827067491699,-178.232075489609,-256.258565716322,-220.405833950529,-305.638455575573,-242.26667212254,-249.119124266715,-189.515973822113,-246.494527887013,-320.227117598145,-288.072419643779,-307.635372414893,-337.298098967708,-328.576617966232,-337.217639864527,-379.183710077014,-332.312833665526,-374.010195026685,-398.73588684331,-418.597751450056,-421.332864295901,-344.321768784845,-420.055381243624,-415.243170652622,-449.018875242608,-379.452909468242,-348.713779922627,-417.351574656868,-114.707129556018,-348.952395312959,-164.467096196393,-271.576613936855,-273.180914446967,-195.203934372676,-223.832898280944,-114.6266622081,-241.367967178435,-133.524825902128,-325.771966367529,-278.493469916504,-204.364785272416,-280.329306337625,-414.551375708646,-204.843159891,-156.952289933629,-464.781626408373,-116.410040810582
-413.456651343417,-352.693894907805,-616.819994169625,-404.527822743695,-373.074765105172,-383.15470157796,-367.767328588305,-311.834581723151,-404.44152764519,-412.460114820077,-385.412032073907,-330.021665319726,-389.089710107081,-386.110227354589,-316.454053839269,-561.51014062797,-380.282384090798,-284.93730661343,-196.086232860499,-317.282639150227,-287.094766972649,-361.94775160487,-327.817182350547,-296.193765194136,-295.839821433883,-373.069631198629,-399.403533715219,-443.553767114636,-454.408560188175,-463.233077788172,-495.347736084389,-488.86566139237,-564.248893261189,-416.388897904037,-523.725881195159,-554.20586305044,-586.865135172984,-599.445814840233,-446.276059349068,-552.344849089482,-578.700119439927,-634.053902079005,-535.436467638637,-549.249592864705,-609.018797955314,-235.444236019333,-529.945205880298,-295.030012370574,-434.067993881917,-503.587625887663,-352.823025782962,-447.244050038867,-290.451780864669,-401.776633197877,-384.157329974389,-527.326321960821,-433.729243910178,-459.084844994629,-410.253063304097,-528.81566968926,-441.065117759923,-400.649934341573,-526.110121218283,-372.77441030324
-462.188330781319,-401.036260114136,-827.836369997522,-453.049245303553,-415.1291790058,-441.443265778171,-408.666909825964,-352.307190733819,-445.301413661857,-433.890781029078,-398.450576772354,-362.508466120888,-406.07419360265,-390.382266084721,-346.289578088465,-517.387660692296,-362.111780335488,-319.947863607476,-189.919127354983,-338.721584303931,-339.3719877953,-348.529010500475,-373.394779476582,-346.970371768821,-323.774691921138,-461.135620964365,-385.561856097499,-506.177986386957,-527.494730481566,-498.118722533706,-551.853091998815,-531.794591836037,-630.366596778672,-407.856446326069,-562.444966486629,-583.756941528002,-623.145070080921,-646.000753785665,-447.032784897318,-558.515037214872,-588.102223061759,-678.163448688714,-511.389018023143,-567.454174788841,-639.105657498739,-323.322651039389,-616.939157608989,-401.393294903829,-534.472096871738,-612.27622899239,-504.411377125891,-576.713223324382,-456.352098046347,-565.743384193895,-590.897716159524,-648.345898714354,-574.570689581599,-627.110939118838,-538.471388696141,-643.130148892551,-601.263782495724,-561.176813895234,-563.174087100369,-529.651630155717
-446.73982239362,-384.224423893063,-921.077077455443,-430.188318145182,-397.485323181756,-431.802564056108,-392.90492860784,-336.618113632144,-424.218685049004,-406.866482190645,-368.695538070934,-330.867886261521,-373.713974773639,-352.158568054682,-321.613634518074,-414.29877991375,-303.752322240834,-286.675449107246,-124.273918794273,-311.731529811895,-321.987652740739,-287.285280631792,-360.035504786929,-341.851960884416,-267.463767689838,-471.348879103232,-307.783864596649,-470.578606274225,-523.16573896932,-454.498653919895,-519.296327799046,-492.085056835904,-582.202177059577,-350.116726483944,-518.315165655401,-532.821289131717,-566.584161468231,-581.997064865572,-396.566320667191,-496.061539343616,-510.276444154897,-603.010519188554,-402.012682577322,-459.188782497538,-546.625448941851,-355.142316384024,-600.607391402868,-440.111134429417,-531.357472325302,-591.262191141019,-558.097385098341,-570.559953120014,-522.003812449674,-625.653641261936,-643.492318278369,-638.543993415097,-615.352364489453,-648.005737040277,-585.352036635742,-666.71638177418,-636.519061491002,-605.446430098269,-552.849156959286,-547.41926773979
-407.928115774907,-353.064156369277,-1135.88287547057,-395.393842584935,-377.401954440163,-385.025866304853,-356.551770934465,-315.66521745204,-382.259758548893,-388.806463270067,-366.439219777039,-270.50703851802,-332.841884139962,-339.130514489,-274.270124093076,-282.597219701226,-264.584302450529,-241.624224817754,-29.1584190495676,-286.481040007514,-268.978536417842,-252.337968580277,-338.685432580579,-300.863633674489,-225.582486669937,-452.206075971664,-268.794680783886,-441.620295902872,-522.443696014526,-430.847625899044,-507.654615949571,-490.371212144696,-548.228793747086,-339.377726909808,-505.471241229158,-528.435600623985,-546.285333749682,-537.307523697025,-399.477545210288,-482.154963781853,-501.545007373916,-549.001989184164,-385.084418500252,-405.402085560953,-488.419173615636,-379.154961690557,-571.370401555011,-456.887931474383,-502.637100288686,-552.460525571316,-536.148060541922,-529.180970335563,-506.473588453151,-590.095048889658,-606.52750762884,-581.741793598854,-573.449287703462,-595.163813814964,-556.823124317608,-610.060813123323,-615.051783516229,-589.850544224867,-521.883589524874,-517.852692885538
-401.482812785121,-355.026158024051,-1334.41418143734,-404.804856834002,-393.324758380506,-360.391228432787,-346.564232970009,-333.861452502994,-368.812966331797,-409.150780531314,-406.888332234785,-244.975144735858,-319.213920186405,-374.654690254076,-265.927636736167,-188.290188228566,-278.549117391334,-254.652212014092,25.572701000259,-314.181198098026,-259.711970483564,-292.161872239486,-362.161433033475,-297.634377540306,-269.429445850231,-471.395920029852,-315.986687460403,-487.823717932752,-571.961071061347,-481.185995920034,-559.403526088978,-571.856647475326,-594.903606189248,-399.387893652797,-564.57158607284,-602.700446865192,-603.548972740849,-570.737895927808,-471.916372929966,-538.569809786306,-587.067615662789,-576.967149223838,-490.498054216197,-463.37558497123,-523.171115434227,-414.671145528988,-566.556269535212,-480.330013417314,-501.720325027773,-564.139665368522,-497.645877327235,-527.506169075201,-463.848604185011,-530.528141128847,-572.474488898674,-551.464548234535,-512.915595193869,-544.394048952154,-510.953031120001,-556.078104827199,-613.391169245239,-568.911885853139,-514.213822148796,-527.125096643404
-442.929016506441,-393.652755850048,-1352.53876686647,-454.848206962958,-436.143442838913,-392.596851547856,-380.928156323528,-381.099749258359,-402.9942536081,-455.075906473037,-450.326528580289,-283.16985512755,-349.162439248088,-424.870601308316,-322.698935365824,-168.99944687733,-333.451320543186,-331.611682245857,-4.59110721937164,-392.116613255526,-325.021207708234,-387.175988870546,-431.48008240819,-364.227574698194,-364.952898394931,-536.966407289837,-403.435384815498,-569.588437679593,-645.667867323382,-564.019338307938,-625.477657861466,-676.570439026291,-671.232576452295,-477.563639599917,-641.902487844502,-686.701390300704,-679.343719090752,-632.289509163131,-551.923010517605,-607.271654232994,-673.885607480286,-627.450090330152,-606.81056920659,-541.940705572722,-583.840279799225,-424.443065766544,-546.25499684994,-478.862186293958,-502.505140341003,-585.154011672771,-446.371701236166,-532.498312554555,-411.590950876123,-473.876027441464,-540.165261444498,-526.406370961313,-448.706069211343,-506.588137239619,-469.586103236041,-526.645514403392,-625.505226894893,-551.537877041396,-521.503401657846,-563.965759955
-501.563075088831,-440.509971349597,-1434.56948060574,-510.029069631987,-481.730134216914,-464.02778462159,-437.873954139495,-423.387905567299,-467.269057424527,-501.678821666571,-471.89621209075,-355.081221599938,-410.071080595448,-455.89563132684,-403.352173074194,-197.49716001846,-391.244005923341,-418.397388361049,-89.9239618326168,-467.601656169652,-409.248296057719,-468.217991778238,-496.56538889954,-439.707134979655,-430.456878347475,-589.038883798373,-464.336852750983,-606.443330469416,-691.090048553732,-608.234595586967,-647.036586257305,-734.233816386283,-707.833349015799,-523.880734767248,-677.389501423622,-716.338402035184,-712.774965211639,-654.100105590141,-593.220762860214,-636.171136576743,-698.456343444334,-631.311617188499,-636.900434651055,-551.411122456689,-595.58132676359,-382.824062022205,-479.753138296403,-421.386724534827,-472.230907999917,-553.274024636109,-363.33417196124,-493.122901650737,-346.004678604251,-403.344371823499,-476.555878618957,-471.248630938778,-363.098047870409,-468.256970546468,-410.554230653141,-461.81588067693,-594.852387894396,-532.459722642428,-487.364890828326,-568.652944697275
-516.250467023454,-447.484800899712,-1696.55606714713,-522.945384536124,-493.134516537623,-506.903886922214,-462.805794460126,-430.047424814126,-505.394715447872,-509.167593334236,-461.559990579612,-397.232377908948,-448.807794899627,-446.634928690314,-434.471120505063,-208.913250419272,-410.836155316252,-454.613102405108,-153.260174771242,-487.150301360963,-436.024371015655,-472.611844130408,-500.888547528731,-433.703756371254,-423.394480298975,-564.655377644046,-468.203490418438,-559.447986749606,-660.799050528786,-581.763962387279,-597.039262276491,-707.450337098715,-677.352154623953,-518.858301080837,-644.133173825495,-668.763934106873,-680.720524120295,-607.985078329909,-583.81854897738,-601.567048449852,-659.660277582548,-570.192896971737,-578.53966575944,-484.158172476476,-544.379269756983,-313.690803864473,-385.305944197755,-331.069121114474,-411.406212466759,-458.775088013065,-269.840758535813,-414.739342704341,-271.190009800277,-316.451771677514,-391.604267864352,-405.736694420022,-263.640055359953,-421.717788583363,-316.489039610357,-320.541815484933,-492.505332850725,-512.893812878848,-370.282652468934,-508.386926331922
-461.529141720801,-398.231560087243,-1566.99116646695,-475.214375757025,-450.220285974487,-483.086101580005,-426.397055782538,-392.607051842224,-487.445641322959,-462.039494785496,-415.888171659316,-393.785822635583,-437.474859567684,-398.926390653175,-415.297260573309,-184.563523401429,-405.045587785343,-452.68300131023,-177.359966273386,-475.112601742553,-425.350843147173,-438.579508192753,-469.133403981885,-361.45514216919,-394.240098885234,-490.627178069738,-457.394719024868,-477.059986404859,-566.501463500927,-532.10539198421,-508.622228187667,-607.323137825078,-599.012707990611,-494.307671993649,-574.042084094798,-574.592371413834,-604.060670085995,-525.724324472352,-553.479757847536,-536.969635014265,-587.990049730581,-477.578617708536,-500.498577198023,-394.132660401562,-475.432189810139,-277.300394657103,-317.292571101823,-286.610465575225,-363.308473550564,-353.213977146758,-241.411032826695,-355.938125436378,-233.043126803186,-265.110917400721,-343.421625526273,-387.502956017352,-207.497655539303,-390.124949686586,-229.540199610134,-173.12091247697,-372.891717665721,-512.579037304668,-224.248946611817,-418.896844352744
-374.16193820692,-320.171487105571,-473.082626237266,-392.084577723987,-369.056972843508,-420.234321978977,-349.405451238155,-321.042992387179,-440.722480552565,-387.447193340397,-335.404896137736,-378.470306043571,-399.878017273233,-328.778161328801,-411.463181930205,-144.692484728885,-418.409965264411,-466.352631707333,-198.274864613901,-496.888612809828,-445.914965377167,-466.059522201942,-476.334241758581,-308.127042165071,-417.851213588448,-442.318556102085,-504.944614021602,-442.84250633881,-465.859747100413,-534.982507535384,-450.946562529546,-475.259639320982,-491.861742840053,-511.328494582045,-534.821911461686,-488.187549500559,-505.229663507828,-443.815324548022,-553.040078524277,-499.304428231721,-515.662494698809,-392.13032605193,-451.803180705299,-316.79988217113,-418.604488077914,-313.458101700499,-310.190423448019,-339.852063326703,-372.762225547094,-290.537849886686,-316.53338933823,-354.114474215313,-269.270190082882,-298.651381949503,-370.476309956912,-429.628470908431,-235.131556366757,-397.618545242519,-210.102113265385,-126.321554080995,-310.944375500969,-540.620017719593,-154.652799877043,-360.830993573014
-289.697104770713,-236.877794666616,1091.74716575413,-299.492541400316,-270.523839571649,-351.699265715354,-259.598736069515,-224.683776229025,-386.108604608037,-303.367059091367,-217.347121550251,-358.753784721948,-351.19654803005,-236.484291715034,-435.522297847235,-77.4608985406756,-431.528004534727,-483.336223151151,-199.520395869515,-535.608048999363,-463.82862722824,-550.166631355043,-509.758612407896,-267.819079525972,-468.778381195113,-415.587657663043,-605.322105001676,-457.040636350048,-371.180291376094,-589.530516315768,-435.04672048165,-334.21672205786,-332.521775945013,-584.111875968774,-533.270457263471,-414.502294961773,-369.795857717237,-331.518132317932,-582.03859469778,-474.181969925065,-446.076819426777,-308.365872874757,-414.95461266819,-236.546398786653,-340.607847938192,-391.080327831281,-337.127124949512,-437.542888380448,-412.478994719115,-264.253421531088,-413.421490613021,-370.727579946369,-327.239789086573,-372.908104201479,-424.170776039255,-457.964158090952,-298.561499770508,-408.152662626228,-246.546483612029,-176.696353880611,-296.993577634026,-554.857362576344,-183.489339541756,-336.334715291155
-229.691872116463,-174.74782685495,1900.47975088526,-226.011201419099,-186.290595864448,-302.506445333335,-188.421701225289,-136.697207910679,-336.748296003772,-225.253656853327,-98.0483980077942,-336.338474602899,-303.608103679391,-141.202294782813,-457.406948261483,18.7197860549329,-407.124690888936,-467.289303533313,-149.834152114594,-528.787130451548,-402.177159324952,-596.25168865254,-494.203957594639,-180.920037078453,-468.653705450915,-357.364640021861,-687.918215394566,-438.20219726988,-278.868896655215,-625.265320825212,-411.97746447637,-217.280201698324,-131.120637294701,-678.640595489557,-511.377859810726,-339.542089775229,-225.372501438058,-173.494934664574,-600.963835966951,-418.075700994099,-382.774690731574,-229.607951946186,-377.659246060178,-164.276917067627,-228.609393562087,-445.208274955605,-358.00130404949,-487.547406319904,-423.034105563477,-246.952185518032,-436.869999743195,-359.324685588111,-341.758965880277,-405.462359361585,-429.013592567039,-405.20020467598,-334.177621357553,-370.291565309937,-288.846364007286,-242.655034831503,-282.949590039236,-509.606937591249,-254.08562909684,-308.45931997438
-195.893641952882,-140.350885326521,1502.90153503692,-183.155583054875,-129.671610846679,-276.372742571887,-148.769592781914,-83.057390230236,-306.788859010755,-168.842867241654,-22.5388038122198,-323.288759827238,-266.30782919945,-75.1792920249915,-467.019342553146,111.82620084356,-357.824132354993,-425.911991267628,-67.3003565290755,-467.659284457972,-276.286794455287,-555.294194021835,-407.416204808049,-52.1634214544646,-392.793620132086,-262.129123264914,-683.223607095353,-330.281744126906,-211.28719442708,-564.197029711381,-342.429702532672,-147.766067612822,44.7711168677598,-718.157029579728,-420.580952103706,-267.239282184073,-130.447099356587,-30.1909753427351,-568.455235115609,-327.906985397504,-325.497255023636,-181.887062394248,-349.900302643571,-125.615432817943,-120.152542093026,-428.511840595363,-346.343834655081,-447.369922352456,-381.509645374317,-217.630011006943,-382.418494297116,-304.912648058218,-311.921260330712,-365.811521287374,-353.218087173824,-272.307383529474,-329.984057073158,-267.494631006246,-303.185363540813,-267.957201852758,-249.014699438869,-390.644494692172,-299.366441293671,-248.513842664739
-146.668564001977,-87.2047134602294,695.042665392232,-132.950909709382,-62.8001301610346,-234.777213945363,-101.113016003457,-29.9209309689789,-277.123335100772,-116.49096499247,29.8695922765627,-298.845775783808,-214.767300861495,-26.1776890615217,-455.703151646184,203.712876298334,-296.477324736147,-368.080421686433,32.591445893616,-381.385423954437,-155.421570328265,-445.042966940864,-288.031543990394,77.9113776398581,-262.470297896734,-164.77029667421,-539.547808959881,-169.752307295508,-157.416136924579,-376.602801541229,-231.680592479094,-61.9116942791186,175.462820678745,-606.963278807794,-263.300329968583,-181.164115769723,-42.5553778167933,70.0689774172622,-443.949178680959,-212.203237040386,-220.938446660373,-125.423487683097,-303.790777813629,-66.2548513392517,-23.6178381967278,-345.536618442973,-281.607189481176,-337.893893182814,-299.287031342407,-150.352206041434,-293.077154823987,-206.521712570944,-259.078034032573,-275.256230791908,-215.468887242205,-100.467952448151,-294.339480536156,-121.025146542885,-270.309173215112,-239.256192620997,-192.861046290175,-217.735853696634,-272.505632049263,-153.55833971112
-69.3024433791506,-2.1555815506196,272.509793897673,-58.4572796090885,22.0292540328948,-166.449352315363,-25.0005356518934,44.6108157647025,-228.444238053104,-54.3611926658309,90.0289442352798,-245.138937571486,-142.690150824834,29.4239677241216,-419.399826633147,319.092220326595,-226.5019856945,-295.753250406823,150.391404278788,-299.931705106844,-71.6706215777202,-318.498684327143,-187.2056757724,194.236883039233,-118.852876985138,-89.2912540601411,-287.151387571307,-43.1486027486632,-84.0229070839599,-133.860462346315,-121.111161858398,92.2156925271265,297.978981151201,-365.033523210276,-95.1812787498714,-67.3165838473136,117.057046275022,173.684828180795,-247.852645866194,-85.5432166103992,-34.1010542825689,10.7893222889614,-207.935121713486,82.7912234136421,83.4987900383383,-267.560543417883,-185.923866598669,-232.645696338168,-214.561744870928,-59.6669462254033,-219.023497414903,-106.558799249632,-211.36380055235,-191.520982211859,-93.3999476175532,28.6390435536045,-248.37147400331,-5.31202568420167,-209.111062785573,-179.969522516675,-136.036592601369,-70.0776393650603,-189.411035001989,-68.4295539553566
-19.3225113177982,53.1200047681109,111.324708880178,-3.7674242620158,71.187154571263,-116.242673980263,35.0217119613335,95.3767856475401,-176.756672081611,-5.79175036558507,129.270615163895,-184.47821823949,-85.9819597670592,74.0145031888979,-370.877553597827,449.774027270527,-165.352477806514,-222.906656065454,262.779597894554,-235.503075543172,-0.151539802824113,-228.40526070037,-117.750509578769,308.705742176133,-9.84387381579086,-16.8940588688912,-58.9534051324696,15.7315486884948,12.5144171521399,37.3440393717489,-31.0346107346725,242.320377283979,405.243469170577,-146.513720712901,21.9223644049479,47.3808473159289,295.326998866086,291.915795776546,-83.9800352429472,18.9781795873963,162.836144254499,185.652882788376,-94.4048888649976,276.969375964372,190.396018887572,-251.2665330609,-115.045568832898,-192.168768868911,-159.184724102834,-3.48358179464662,-190.264706119904,-65.6471964409736,-192.173779752511,-162.159453028558,-60.1269262824361,39.0540957087442,-215.395710527238,9.92217918765361,-160.267892242762,-122.977885308039,-103.562348592899,-26.4439914228613,-104.717087872517,-38.952393466961
-42.37424214893,25.429851820783,-221.816971861063,-16.8949686707374,40.1951515057412,-119.709620420308,29.8593787882777,67.4323063830197,-156.603693063793,-10.5136064837358,89.1283441209524,-149.595837206189,-78.7173180836303,58.5008183022225,-326.633310585287,551.623796910004,-127.591411877859,-165.755530866049,317.416484319858,-185.296717060283,75.6747822816326,-194.467763376884,-69.4767261448312,404.707847146901,20.0173545579297,57.2194837056279,11.2022876700842,10.8045383160554,99.2251341820094,39.460162448962,27.3885328792855,284.345839171709,411.295979651188,-81.708876197502,42.6133249183869,106.654439042545,347.885179334757,329.092308955255,-53.2374892959279,48.6249341531438,256.39960805736,254.313561481155,-48.7279472296316,384.484863554356,227.240370843087,-281.312621019769,-107.519876725238,-215.351440195787,-140.656140861575,-30.2232415452561,-200.907949961212,-102.768372227526,-204.780533223486,-185.28571054853,-113.204882893331,-66.2599978663551,-205.851972482543,-76.924423286811,-148.919356035911,-95.6817964097052,-107.719788968234,-98.1113333902598,-61.508731040044,-69.3456462377646
-141.744236905024,-93.5333935476183,-692.260323170139,-121.070920941514,-83.8272554727888,-185.626806477183,-58.8277469164737,-59.8568992579022,-207.460817445192,-103.839102037702,-60.3062980308312,-170.76687308669,-146.078392113246,-62.1420121791426,-313.944554335493,568.991243840298,-127.980253590489,-161.337081612888,257.22425962196,-174.60365200277,90.4557415951535,-217.090262834758,-82.1388706977092,396.88683554486,-71.8175287908176,47.0039843404652,-112.113801518559,-103.412221329508,97.6414437819609,-152.017396562535,-16.2705279899722,174.252169590529,228.99952922089,-185.134923551377,-68.2128145187651,41.7317666854176,195.663584038801,169.879330663483,-174.687329229032,-50.8853695253297,191.339115711514,129.520236336946,-142.204418686177,312.613222767086,105.256137198736,-345.586081230507,-184.06913075856,-293.247935654922,-194.156836912112,-166.885683875496,-259.565953097288,-219.897431150784,-272.249617993812,-259.855915644932,-234.729482407041,-248.278382180168,-252.775641494471,-248.257448698915,-207.21459796744,-145.870698605082,-191.291520284839,-278.84024050872,-109.989309700844,-175.00854700412
-284.586431279978,-265.700286799934,-1001.92936904735,-286.150535972379,-262.612542099378,-288.859893811296,-200.235839200751,-242.161954411112,-317.952723205711,-261.146175374317,-261.353153631079,-240.078725747703,-272.443632579705,-254.270594779686,-335.170173699829,503.300498134911,-159.423683960032,-229.39285601675,93.5363469542578,-218.723738283048,-13.3132440569909,-257.407836323428,-182.171651383453,243.167378935607,-251.810195715793,-103.63828783713,-300.444314829064,-325.530827433082,-28.6529689875606,-413.66042087085,-180.083682203989,-50.3984985407744,-103.942213214689,-344.437344210416,-255.507823147803,-134.880377200854,-94.3142817287705,-156.075619320021,-345.912909589357,-229.465348400696,7.70251303790583,-119.331960513201,-323.692266320983,103.263616791573,-161.605263895056,-452.059878754676,-326.023904609829,-415.372567239989,-344.550725653073,-383.967888483139,-372.221893150962,-397.269783091705,-400.316822172152,-387.694523121746,-415.726780440804,-469.590535444254,-369.928065897322,-475.849299167501,-332.448604009789,-282.789874518132,-373.524327494274,-541.024814472225,-261.363377086998,-364.86276142242
-399.466125271893,-406.048009009339,-1097.88178756389,-417.269438989649,-399.66518737362,-358.569154871551,-311.021522934873,-377.448350522702,-402.643284385976,-386.607607600278,-397.493482916822,-288.867882271028,-375.438335354428,-397.339133921781,-338.942508718961,437.518483596335,-172.312230979247,-305.521817366826,-73.0188003232236,-258.423945844245,-161.94218762878,-236.631583780873,-285.293154733888,45.2241338275536,-380.36258483909,-283.807531363374,-347.005852541661,-499.493836254615,-183.016270998379,-525.443454727245,-327.151590712781,-263.573892820752,-415.893606026126,-397.112762755259,-366.657000236506,-279.009439172768,-351.876872739211,-462.607244992471,-402.792004145152,-331.350753718086,-176.109679920629,-335.008970674094,-432.909975156327,-101.882204058658,-417.964879320417,-554.251394340313,-454.916450362763,-517.378449197229,-511.745677290852,-575.374065349499,-473.549434448037,-554.86539513423,-504.831163755415,-510.566592016496,-590.398516145569,-659.148467006317,-477.863388183706,-673.752303275785,-428.911421862687,-412.526942929697,-556.995091684319,-780.563384263998,-419.558841096474,-563.788574491647
-450.498208206764,-470.332998492104,-1158.81961907815,-466.758917581364,-451.46727518756,-369.378326006056,-352.889267859954,-429.350008508237,-421.384892415992,-435.975628782988,-440.994608774304,-291.193315988558,-410.924927998344,-437.373010265907,-316.622862212808,411.804834741902,-161.889494513161,-332.868121201673,-183.286928740661,-260.10608969088,-255.59977031387,-169.604102094748,-319.733161407054,-87.286935580779,-391.898138390988,-368.001793339937,-245.839098342545,-505.579762778001,-269.399166949969,-438.189842737482,-362.983320581174,-367.236241088003,-577.00989957762,-328.684578518205,-344.479843983029,-306.15802611622,-469.437921144031,-612.00065190139,-311.577314871443,-308.635492342466,-273.793762425767,-428.017379170309,-410.249218363523,-222.088284186579,-543.730153581304,-587.85014132713,-517.381270559918,-544.501370974683,-592.301013249682,-668.163717556413,-501.488797926293,-628.945052320661,-513.083158623419,-563.989715950085,-679.242937894943,-754.477018537734,-499.807588660005,-762.995584919235,-424.108485708777,-452.079932826488,-630.398591844196,-900.961376083373,-488.523800548871,-678.453771308802
-464.274505351462,-487.919998066046,-1283.23715316926,-475.0386587072,-463.828155642065,-369.728865442937,-365.219845643117,-452.180937290498,-418.802830912766,-449.034395023042,-458.483841131565,-295.8598615545,-418.463975270811,-438.417289093543,-323.862359808447,383.664760134806,-182.710198367168,-340.185205158508,-258.433997510649,-274.929885717952,-288.289300963876,-172.054104928996,-325.318167813812,-145.614421075138,-375.930775047658,-363.242658551066,-194.923323375744,-410.496039422749,-290.869727581458,-313.626857565791,-341.262851394138,-380.091722112278,-594.830117174091,-271.3226431359,-272.82415081398,-297.790873166505,-481.113335263196,-624.129754376051,-193.670834523697,-253.882734251268,-312.355429178546,-420.231566984009,-354.420006814374,-297.319743592891,-564.032931202907,-549.620957221194,-524.446412289679,-517.896246422266,-569.322646723891,-677.192477066353,-475.429392973486,-623.884453303208,-459.343605134261,-547.006351270584,-660.539862849441,-747.080605115922,-452.403292200039,-731.300266277569,-359.503221585308,-419.326705415028,-588.576050851143,-883.91442097351,-473.486400848843,-676.484297473613
-458.391221468336,-483.170956796304,-1427.13811877379,-469.6460318594,-469.50830293565,-377.265400244374,-370.578875024845,-471.585975567949,-420.721971117909,-448.322759610031,-472.241280361367,-315.859316149199,-423.812887105884,-447.168598431981,-364.908467559882,347.958291448785,-238.965908983592,-358.754784726152,-295.225055364252,-323.153570406595,-287.771262456266,-270.735019069042,-345.70839721853,-148.459253944464,-405.186298901245,-322.335886923008,-267.731565665015,-314.847074250491,-264.375606797396,-251.256498553576,-299.089087039799,-357.469063166637,-527.851986540233,-279.051576193472,-199.826243842931,-326.11316868009,-451.909044946898,-577.211506760631,-123.733263089016,-210.247024346935,-366.590644398804,-364.127280730636,-344.554189970343,-386.13982875287,-546.856371993618,-488.000863917994,-491.5617322247,-483.36298390247,-486.312707902779,-631.645101202436,-442.469907081179,-567.17965609196,-409.524561902642,-494.080752028187,-566.988395337117,-662.383737591709,-390.816310046972,-609.771909096594,-303.24649729723,-366.90980842935,-485.595547886524,-748.371462817545,-426.425688814145,-565.011438877932
-441.642795302568,-474.095985097389,-1492.48532827898,-458.586702371598,-475.449717962123,-374.995609879658,-366.905517837677,-484.646434488828,-420.680770786689,-439.681932044313,-471.488922490317,-325.015861334614,-421.521899887231,-458.999610380429,-400.031201954327,337.853256315815,-283.570825648918,-387.451401033321,-285.767408183468,-369.939172285506,-283.148225095612,-376.072642786155,-381.416306726993,-129.651660896337,-459.086074677557,-292.12028643205,-357.777377395968,-256.948248119258,-220.704407736029,-218.770384040844,-242.379408761343,-335.172461919746,-440.458235604748,-292.451304558845,-121.326618892173,-370.887695370614,-407.096259120768,-540.833052034257,-79.7549191512546,-172.694278866056,-461.472038575118,-305.434686975272,-381.45828056312,-487.532377728267,-525.117599883983,-460.276187791513,-438.371145424485,-471.223799873559,-414.183145263101,-563.644587910013,-434.826556614628,-512.66481921088,-397.473311627725,-456.753004625852,-487.330969443224,-570.330646428335,-365.33595015457,-481.969602866621,-282.85931903633,-342.537907584328,-389.77141904639,-559.011781821328,-393.980874822259,-403.726788616189
-424.46907074962,-481.557689574602,-1236.13060924131,-458.583238672284,-487.807211998964,-363.679504792872,-360.272721175131,-500.133619824087,-410.726129866904,-436.182348458514,-471.347658048733,-315.946600053359,-407.366692285596,-465.913028934352,-418.318726283017,355.953035688775,-284.36531369808,-414.831361809192,-262.409352656388,-388.974090620933,-303.058086669515,-411.452328832329,-418.607164559183,-141.096842954634,-487.472739687764,-310.903815776093,-383.01591526929,-245.799462678828,-215.856227000599,-186.521760314333,-216.708241315027,-322.87491344707,-392.965831259123,-263.217394604044,-67.2977302646347,-394.809835186591,-359.49984058962,-552.812360491297,-45.6810945114736,-170.550148955765,-536.834085398602,-276.82078043795,-448.042281583762,-542.589047612355,-487.776663969055,-461.056907505047,-389.710649265925,-471.1385605701,-390.543415020682,-503.850489294578,-436.115852048917,-498.700745022367,-401.132187014577,-453.47825573209,-478.947569364337,-525.526792575773,-372.177547651078,-422.981074307422,-271.51367399977,-353.028326833987,-347.000248486878,-402.161195070266,-374.561383029337,-280.326222733476
-393.431482168715,-483.994665760593,-409.094344436935,-455.278580642204,-485.402663426245,-342.348685624857,-344.459132508835,-500.01240824596,-377.25188171695,-422.323089550359,-466.194885736237,-288.796845268406,-371.241848264619,-448.752287480785,-419.533001677901,396.559890481464,-244.85621257681,-415.603655131433,-235.943317458321,-367.422270238222,-326.241386430204,-367.536203933816,-417.942991502601,-173.089604482155,-447.986588725732,-353.635725153046,-343.105468257047,-247.05122078403,-250.027333618438,-149.094449148889,-226.440749213604,-299.689603016264,-396.66397636031,-202.61064758718,-56.776633338886,-372.211281915364,-323.66708532557,-596.901776944553,-30.3531787788141,-204.980333860923,-512.382024032252,-279.476136597374,-507.827482593432,-515.968124826698,-405.508967837872,-414.108267122292,-339.349407960176,-424.539118970986,-366.377340672269,-438.940807646284,-378.553170127265,-472.833344336277,-353.057568942273,-420.732817916115,-470.154341246541,-474.859147440274,-334.075393248249,-392.586059740548,-211.675500846609,-329.071600581339,-326.57094965211,-292.364825596851,-304.84933762089,-220.766111729774
-337.696219870872,-442.562734182055,703.463363424263,-415.756626436574,-442.733221399093,-302.773424981266,-308.762373162071,-453.072840484587,-324.383390688024,-375.479884299321,-423.218508776031,-249.487993448877,-314.128411329327,-390.657023269826,-397.785281117496,456.570335311163,-204.927538887543,-377.692023529205,-190.250919764944,-313.679773240256,-307.355332148871,-289.907765431369,-352.828037149327,-167.577221060393,-347.105014835399,-357.600874977437,-273.665294726935,-212.545129222761,-275.134624413417,-101.539288613254,-217.465165649848,-251.818885704098,-409.920280640826,-151.553617197551,-60.486847653199,-300.227490920288,-293.073538152699,-624.756792636453,-37.8558702323274,-225.838874202659,-395.497988782227,-283.554085005862,-503.674039445364,-452.923581657816,-301.843562453144,-286.475791494288,-269.445940754814,-301.940270296863,-288.812968453888,-339.521874429536,-240.328944248428,-367.754770869979,-236.639714957884,-300.778285071903,-369.267328935419,-340.065576596891,-212.610879376773,-298.233724538564,-100.816229048572,-213.356377561395,-266.313378225778,-183.419152353764,-153.521562062769,-187.485465497758
-261.278646906174,-350.412911799238,1313.82259152856,-332.581711711497,-362.900959543769,-243.980996813107,-247.815176148793,-356.825133226643,-266.773347656007,-295.365705491698,-330.04783581661,-207.562518008101,-248.411530276411,-299.470709989834,-353.709559939671,520.101178323559,-193.941102385744,-317.789104682736,-129.120940065213,-254.985425304979,-245.570138389757,-229.349276928245,-253.450800680556,-108.884885799583,-242.233092416667,-301.171872592853,-211.982145295616,-145.212497941814,-254.465665249722,-44.6511260579006,-163.289405397379,-178.388928056871,-370.639331406443,-109.576446188736,-46.1708221965517,-200.031026690013,-225.871260896015,-567.49580713372,-47.304761282152,-191.86121337985,-262.268658718921,-240.303504986583,-406.180981284463,-382.637315067928,-228.481076920912,-129.808700868367,-174.991688693045,-146.562994633384,-171.981252672187,-197.843442923432,-80.7609939666175,-199.049589369293,-109.678267288904,-128.952334702109,-195.90912401776,-142.492594341404,-62.23225864712,-125.223883499387,4.82983623201394,-45.5156017253269,-146.349281124437,-44.0095920689955,21.7203990094679,-129.101173425799
-171.73556676903,-238.404474941475,1047.4721796423,-231.596676881555,-267.550791273993,-177.537174636155,-168.347628185365,-242.926075683615,-207.53967656807,-202.004054932079,-213.79698810663,-166.330380594554,-182.83849516072,-201.823927408889,-301.098373430421,566.170299525726,-198.847400205372,-260.037478665424,-78.9243792233718,-205.996376436731,-183.163305679067,-195.520790053752,-168.04216091157,-45.532567676969,-172.20603349934,-215.409782968169,-162.162023797848,-79.1264175011116,-187.515100077514,20.4724493419942,-80.9994126726008,-89.1402643228985,-266.181718196188,-38.1778210203837,-7.04652069714909,-94.9704092205474,-121.70266399677,-398.706775834874,-26.1513495926695,-102.183942549598,-154.770949077114,-139.159750100311,-260.263308217382,-271.635903857543,-187.020518804367,-4.76912013896838,-69.2395319302261,-22.0447322769106,-63.6206343776762,-39.3246442060289,31.2140954135932,-36.9073642747381,-21.6732774816039,3.60210658404146,-36.8022598779767,19.805527018323,49.0444902180957,52.3256205787883,63.4589668076282,69.7831091024065,0.808800183545263,110.362133791231,127.266243767087,-18.3108764783874
-89.7444140077076,-148.257670699884,439.472400232067,-147.89839499188,-180.477270187669,-123.24751364379,-100.427695993501,-155.358386095707,-154.278968743437,-128.643926604287,-120.132361912455,-130.876664752884,-126.965137237306,-126.707461215926,-253.296497681326,587.203942215861,-198.785901160038,-208.854712632189,-52.4446855095289,-163.037945299164,-141.450826383808,-170.699931057645,-103.648556862832,-23.4792451615612,-118.293125028443,-137.426482866794,-99.4552338645243,-14.8846102352756,-113.011451971093,88.5113308131905,8.92393335356164,-19.3038549196313,-167.461690537904,53.5114041175994,48.6610846120967,-5.65102607445065,-53.2816613479434,-205.299010573694,21.3406483618483,7.55063086576742,-63.2225363210758,-39.0401120146759,-151.373810510165,-118.687182215266,-154.625679780671,71.6324527109174,18.2684893381663,45.4186273951859,9.37771607162388,84.353070569191,77.9859829380689,72.8296810896019,30.2928977054428,46.4075205123664,66.257556907802,87.2752423065621,99.6861434855079,163.976919702987,69.0924878069758,62.3784580380614,123.916635624797,234.164142226359,114.895877790303,122.044815414573
-40.2358060516423,-93.0294435731055,174.313642893154,-94.8023898182307,-117.63821582158,-90.3393844521976,-64.8925356444848,-110.069482169233,-120.053234035627,-93.5542959374127,-70.748789658202,-101.190458012074,-86.3633295334177,-82.9989344962514,-196.955286494886,602.474072433505,-190.174964446747,-138.697461871796,-20.0245132868684,-116.056396023457,-82.2388380808607,-142.660142721781,-27.6007188370257,-7.88285598412926,-42.7873962797045,-65.2614295495095,-14.4172116001488,81.8247412036098,-53.085425265006,147.047337694937,98.6867395851869,26.5143610485256,-134.891249715594,115.967094884011,105.247576743261,65.2816741770789,-38.8035593149735,-89.5757225239616,56.5466831806551,94.0554905598156,32.2555607342791,12.237136516892,-101.161966696719,28.7678507354911,-125.926660956126,114.584351151916,76.4083780045314,75.2668669192495,63.8198181368981,145.917275231178,93.3011797434581,138.323360219181,69.4020618147757,37.199651469223,140.477118386494,96.4758773667483,107.978207767756,211.082497826066,36.7230725412209,-29.4413922736771,192.046384255018,296.122929386282,17.6201043179453,233.454430293934
-32.683504190272,-69.1272545666354,203.17848200451,-72.7975097542429,-88.1302066096316,-75.7613924330253,-54.0529446882702,-94.1757964333316,-104.75727064947,-87.6611442841845,-56.4742635291909,-68.5599806163501,-61.0078456192974,-61.8733645152834,-111.510229926192,638.824908952215,-174.930526796008,-32.5982970820577,54.9343667952375,-55.5703763564061,32.1387553561931,-103.783080233988,78.9877027079523,80.380420295816,62.6486863902654,30.4892831098468,85.5319602114448,210.290390232004,24.8171697838509,192.872394694443,181.392474291005,96.8061419234921,-145.155513976234,142.798848102226,137.662223592719,141.626607467146,-5.73673989445047,-48.3411476465455,61.0718843945354,140.207625125149,144.351459608381,31.6675525170274,-47.6682391260979,139.979662437303,-99.8537470655338,123.893275368014,112.851313409692,85.9251828039661,110.95437036599,152.235190642977,91.3561383045456,165.95380821951,77.450258333258,24.7095337457817,193.025285591745,97.242625884543,88.1479643452647,209.439791384612,-19.0087864132326,-119.77145830825,185.522955571235,289.200632217082,-98.1866386290467,252.608541399732
-50.7907764109403,-73.377969982771,71.3950977632901,-75.8918141592751,-83.8584680025717,-64.8259648680759,-47.9491539352537,-86.9285705381141,-85.4412960609751,-81.4603004500587,-52.1625720333025,-22.8774895459075,-38.2230226385006,-42.9000675825378,-0.655011655038382,703.726880661703,-136.992298329136,91.799106712172,165.382948427892,27.5715144903182,174.697915309377,-31.0637152761001,199.37818618064,247.301386736763,180.756927802046,160.624202222784,211.237041446378,315.349424553875,151.347702152685,239.466844883567,253.193725329282,200.287343158057,-138.736185265993,178.600834042473,142.083262574569,236.014456532674,79.2211130695514,-14.4549046000408,61.8909183468582,172.037912973556,268.222991431429,60.8166310258948,55.8968770752568,218.638187807301,-70.5716697346037,76.7873788001836,115.117782915474,62.34645531943,116.131448852764,109.009552557988,36.5350793324766,128.094219725575,11.278916034256,-8.33318615445233,169.702648475128,72.3587422710496,27.1487717385338,134.286712962848,-92.1287006730846,-181.602623375731,91.9192351278168,216.314246597537,-183.960652612138,155.707193885032
-66.1019155917063,-83.0971817043409,-241.494482245874,-80.8332649400145,-76.8111079355878,-41.443009053024,-29.326407030908,-68.3817253217264,-43.0717576517881,-48.2983081823605,-30.2940257523458,35.1015416529366,2.76144249830457,-2.96139787306223,110.855303587617,773.261460135225,-62.9129785569385,199.860156452851,260.667800280947,123.890619634982,276.499034629093,82.353168661078,292.194742294567,392.779279610256,276.97411605139,282.092274645521,356.068940793003,353.027155318147,282.36648582769,291.333330429348,307.060652062651,260.067402092583,-98.7064377403145,248.897157605003,152.747030796865,304.893040302731,147.580475394588,41.0775544030338,93.8049526576012,217.112579760083,350.434810998823,111.921342570407,171.334686234553,265.291005554724,-40.5902034601534,-18.174490916301,62.5168515495209,-6.62592031680622,53.1128017686134,25.947774477348,-79.6616887395833,22.037541442264,-113.792954738218,-92.1230108431239,43.4408974901184,-4.94161161177442,-81.3026985989038,-12.3918661585303,-172.663720025558,-239.744292030069,-54.8340127615061,100.29898445022,-219.085373746488,-3.08073649005771
-68.891394001781,-76.0718993125832,-413.531976977462,-73.6168917767742,-55.1409141623401,-19.37600434569,-6.24396107934758,-42.8020855125424,-0.374013506473155,-3.83927791994747,3.73989425426896,80.3920762949042,50.2418063070272,45.134240700626,189.080951016162,798.395379950948,13.7443328118651,254.952504073517,285.898492553691,189.045907845008,288.282320178672,186.920707104607,311.413600783337,409.469262382524,310.210253169051,317.585903993865,460.787915999624,335.484182677961,317.104261871906,331.086932870688,314.730792081005,199.691213554455,-73.534389719546,324.40331913982,187.918947760099,275.14137208713,105.194776025462,86.6718216035878,150.447287451594,233.740414981432,300.837990335367,135.92951421646,214.722078472854,238.850255255116,-37.7963619799772,-105.341633610876,-26.8869565710954,-85.0215533101545,-40.1564771588404,-62.5610238897094,-193.958965179874,-92.8558516108221,-224.194062799659,-197.966439947667,-116.549556809721,-95.9450460199531,-197.266855284095,-154.634924084738,-242.966992167112,-297.584705132504,-180.940009550291,-11.8632705732812,-219.048945318834,-131.714828157826
-57.5282097667624,-54.2709598752033,-441.877530872893,-58.1220671015315,-31.5668679251862,-14.2300955402323,2.15077429558621,-29.0646094726489,16.9575908747448,19.8928044608967,19.5842654837726,97.1082471469189,74.493846723568,67.5399416068977,224.500624082111,763.572114801623,53.0627349784045,252.862054638614,249.43666123364,195.955800244717,238.242036517953,234.74468776355,267.071459194591,313.647399461397,288.451558112011,258.751130496573,484.916285964533,317.210091620843,228.565133095811,353.148393692628,270.813377294258,49.4000846877615,-103.004796121641,363.894827743322,224.892125082735,150.902611185276,-54.7076588699991,90.0063859240891,197.124425558466,169.500247455168,103.87459587638,70.5950821138361,155.344573621282,110.555191954016,-80.5208703363459,-125.155113884901,-90.1888090229384,-106.838993804717,-85.1541907665204,-103.693117079263,-224.924412274125,-136.362882311883,-254.487481446906,-248.475686995831,-195.846350650409,-124.539593436606,-248.086490302025,-204.190280268349,-273.578854227831,-308.783376693015,-225.532105096251,-65.6523616913933,-202.818710860967,-173.027635935588
-18.3460683512669,-18.0741479093224,-578.376354035179,-27.2988144081829,-9.15474423866573,2.82936368571333,9.77277462491196,-20.4351983332628,35.1029919523541,32.5973525395525,16.3357881837597,111.849541192335,89.5382674772412,71.2815568559262,248.513238460761,720.323980470123,67.0777270114812,239.170634350393,226.410295335774,177.240494337292,208.771176548232,234.685628954573,229.037096758538,226.560311170271,259.632688790268,195.976625741086,439.676209183927,333.622257398384,118.231954568541,361.868513527713,216.216283207485,-78.7704824254574,-151.191990178074,353.607237784441,239.946381602208,32.2909936420756,-237.219158107692,59.1899011077367,210.298686288178,67.0541915733179,-126.597583477568,-75.6302396172304,50.9288418080789,-65.1786843541947,-124.717244056257,-57.856291277242,-75.5367578587887,-42.0009290318519,-38.2826493757886,-70.207051807012,-144.730344128121,-81.4828959535205,-186.481317352874,-186.730904916681,-144.64969285654,-61.2944267610502,-195.159166880334,-138.252760512011,-234.618317253772,-232.622783283675,-178.940677114161,-33.1035977795726,-156.36153618454,-132.372481124939
31.4577401776087,22.8202424125106,-779.368218165507,12.912043266796,10.4143803384836,44.7641888560638,28.7958831170893,-9.60648611601704,74.0290617319479,48.2585709839479,5.38645037012852,138.222066401222,118.841087779462,75.4477936885864,265.517158375015,696.276093953121,70.7860815794885,232.702313287345,237.788034670109,155.68366642199,207.249075370257,196.185765041888,208.625652285794,191.355849443003,210.612967016497,167.496189860603,325.366590212413,329.670449461437,56.9981536146035,320.14698006784,150.106569642803,-141.238298937858,-172.458902889951,282.059012194106,204.272950285212,-30.5425893945608,-361.319523044441,10.0873807952056,169.11398256653,-16.9159746975644,-277.948030338663,-246.481949546163,-35.5741243011426,-221.13408131361,-123.974803125234,45.6461170166665,-6.27570319152598,55.0826364657522,50.9148874092279,-11.3398419863262,-13.1822441650467,6.02926890545814,-68.534756189107,-52.0730700405576,-31.0707973715594,35.4270280670821,-85.8667363692305,-24.8268467658789,-148.030749756859,-114.750822206976,-99.5048836954035,43.5934235491476,-88.0151118752731,-72.8917207630485
32.0077823213457,25.9827218111793,-816.967484869594,19.6784657862192,3.7213060332005,57.2998720467499,25.1401234686919,-19.5993899699729,87.7833413939846,37.6064722990078,-26.7452864058216,135.015364778515,128.871507920962,57.7693318970678,228.855892445118,638.742094538518,44.8525946728271,190.551768813005,207.510564626871,101.512978667894,152.760216007447,107.7189292688,137.586018403478,125.395936068669,84.6306501757808,95.4031817820254,140.928332240981,211.063356814189,-12.4659950620443,176.940767519552,14.0393792139145,-194.20547830876,-177.540396345326,132.42977443616,77.3858021836324,-95.2327626100934,-413.7714570569,-52.4590510366123,49.9089177649531,-112.06115266109,-340.105532990548,-379.968124835395,-91.7671434397949,-341.85606268854,-102.056835912843,102.48756205716,48.1223041649933,103.193148928295,92.8115202358383,0.183576649867939,77.6396780073532,43.0256736369923,23.2722737365385,51.9260598097674,44.5069225643134,83.979000862969,-1.29041861746,42.5300142524479,-78.4250219467263,-44.6804599981101,-60.5661622075239,88.3321169453013,-52.0863777920578,-59.6730348221616
-23.9528314831784,-21.3053718752141,-807.280381862355,-18.0218833284329,-32.8091961626776,11.1037614033474,-15.1980998914804,-53.0189234030863,45.9984523686257,-7.19713005195623,-71.2092180521426,80.7167419512596,87.8766615267749,10.1510706583629,141.571818271481,524.02392750682,-1.03601529959955,108.003660684938,98.725942717078,17.5264197038671,38.1999410473025,6.29049035085934,12.5203477653587,-0.284123381066843,-87.7919488618973,-48.9491651085362,-55.5675294790243,-12.2909799696204,-124.387173737864,-46.9383230366768,-185.807726806017,-239.373974546443,-167.460815919319,-63.0048574398329,-131.322870235174,-183.025188327644,-374.824665436888,-91.2831788685871,-126.961530136601,-243.04297880742,-332.012363613627,-387.066753229019,-115.140032413101,-398.872755188918,-85.3508509947579,103.631753750897,67.7555662127218,103.863015433533,82.1068326556824,-16.5720665653406,115.912590564293,41.7461590860925,76.2640732069205,94.4934029845409,75.5580778967826,82.7177843604953,47.836474024252,53.749861943099,-35.0729668354745,-15.9957634024439,-51.3450904922387,92.1905656778641,-47.4160878746997,-78.8042674258021
-67.788370390857,-71.2740292589566,-1009.24741636088,-53.1076578018238,-68.607519424405,-44.9081071846922,-53.4372245269957,-79.3836736402143,-10.7147983394586,-44.0459154389589,-91.1850998914447,10.6015199071488,25.0436551517963,-31.0636657517995,65.329974765839,403.693184888681,-33.8062882690264,33.6340608333649,-34.686781943033,-52.5804172558397,-61.5501143671862,-57.3708401795076,-96.3772251667155,-111.828580164918,-222.256528805796,-186.062527726136,-207.262335620648,-239.320335146292,-214.824767042902,-277.931538640532,-371.141066066994,-203.898723671449,-95.2913944051969,-238.234762903266,-369.477241208476,-229.998722160117,-223.62669958523,-48.6425205597101,-301.702646619818,-370.401918731575,-259.686447949772,-223.841434105715,-107.865363447066,-364.488190250963,-55.6285420953808,102.85740182612,77.1121445136717,110.582379583686,80.6163499984826,5.67190471139805,149.227586024192,61.3807212009237,123.047033776567,126.713946620812,108.842633660721,82.3684020750158,95.1902344596541,58.8117557273892,20.4914073936442,49.9632263126081,-10.6736440140319,94.0772336406417,-7.59068018256,-72.8450666207829
-69.3380403315252,-92.4446558076309,-1111.72789614625,-62.8383512927662,-93.0773907108904,-73.6068982692975,-70.9875139381568,-92.5959245759619,-51.2698361998441,-59.7700839536946,-91.2738828186403,-54.9664310072543,-30.1291157401434,-55.0375327649939,4.64519208924339,294.333589150145,-76.3335697162263,-38.1261809710146,-161.034723716061,-122.739619082841,-149.296681252771,-116.83470323177,-185.923809801497,-188.435064147422,-319.344248030414,-280.439568331124,-331.601412820204,-420.462326585099,-257.844089222432,-471.250426913029,-511.8727906675,-105.701417097206,33.8821636834535,-375.657394444601,-606.938939171791,-228.955188979781,-26.1118373874814,51.5760743639467,-445.619070883576,-461.341002806744,-173.489464584632,2.43932137628579,-96.5928231387766,-305.624550008345,-27.9764031975206,97.9249796098686,63.4804168938061,108.494199372432,79.692867248778,43.5223041564004,156.486785173673,76.9608571283993,139.637192258763,144.825924077024,119.339490173169,69.9286833010224,112.651321363819,50.7382083103634,62.0893160511897,136.280540677623,43.8197359306207,78.3896684663994,64.4119474958874,-50.6181112566531
-61.873109038961,-95.4908864424659,-404.260899976695,-63.9450875859584,-109.977768560204,-83.9481821230695,-79.1294656401511,-100.373105536806,-81.1708289235865,-72.6675602312276,-95.9381809124698,-117.117515270216,-76.117676410052,-77.7380821461843,-73.8542546901553,170.645338097714,-154.960085315402,-138.89496011429,-292.643327680406,-219.580963595119,-271.21709189333,-211.460303811703,-293.661882707323,-274.566658963954,-417.823858654522,-365.528619578591,-436.688036702482,-560.362914717967,-293.779201407378,-607.668274837618,-614.382263829721,-63.1047135333568,97.6165514059546,-478.422767464168,-791.555740363167,-256.345789077069,85.7127174755928,87.8620173053503,-550.983410689802,-487.873379648218,-146.703518658489,122.896691787004,-92.0164498571291,-314.232807893971,-70.806146075973,39.2427480974701,-2.04454953959577,43.4120037287388,15.8511134876124,25.3380763434688,79.8336779126344,23.2876768582006,79.7084395389729,90.4102344708614,52.8567120256873,-4.93165316291295,52.4438869371419,-12.0247549187534,29.308920947783,147.353371449644,42.3731632284754,4.36876995610845,89.7466276839995,-66.747459955682
-57.693001901105,-87.7629515418311,1084.09832889843,-55.1487555828358,-105.985942991786,-76.0083492310139,-74.4518326725987,-92.0966098284335,-91.8667016297193,-74.5143284857321,-93.3411228889497,-151.153849620671,-103.435386338101,-88.5828818537215,-139.714884770896,60.4825813661583,-206.939192546989,-223.363640228332,-409.060969334465,-278.153784699941,-373.893055478666,-267.165930423125,-375.026041063054,-356.819060780393,-477.383250514075,-428.25528175219,-454.665699997629,-631.707052603343,-323.605379618951,-656.976261256371,-636.662607058375,-132.33906946183,-34.5262830718118,-499.55817075328,-824.442935375083,-325.179755462666,17.7193736523876,-24.7860360147764,-577.133208424414,-411.17289455331,-190.157358830443,77.3398400897249,-77.5931493279548,-377.630200160506,-209.840444919041,-67.1383922444537,-97.5479390643693,-65.5274734703905,-99.7070234492051,-41.1941458183915,-45.278396065205,-78.1854593810283,-21.3097016004616,-20.3077167875524,-61.5217834748924,-115.735178988579,-50.6671716156726,-106.781274644459,-54.5003129554573,72.2161914252108,-15.5939195381665,-101.677751411697,40.6162398842004,-121.750189409007
-53.344914752101,-84.9627634962478,2245.15706808377,-41.916212215233,-97.8493168752001,-56.9681664697538,-68.1046800912863,-85.1229783714958,-88.1653591624313,-72.6144841011245,-87.4608746212596,-151.98997934248,-117.905632653929,-91.9900143498269,-152.355773754228,-1.88244758910125,-164.121925757333,-236.895768141043,-482.98795035542,-233.240510852118,-382.32286290179,-197.820916111835,-366.558564960762,-394.070251175499,-447.593709159057,-438.714899511679,-347.563925180781,-618.384350793173,-332.137943952004,-609.516768532988,-561.355843942303,-265.50187598478,-362.919553813443,-408.645156920618,-702.084268813956,-367.151377825134,-225.371999867194,-263.404178337076,-502.243626511206,-279.679419373234,-269.417040592451,-80.6900786452778,-73.1612674247724,-436.195906136796,-384.972989702694,-162.905547896013,-185.986632836432,-153.67766322127,-202.154401246127,-111.505477257123,-133.598014925951,-162.712888813892,-95.1538763914251,-110.01523329604,-155.824662902028,-191.301218892509,-135.568405738296,-179.909676629637,-125.824166990757,-26.1393701326926,-84.8631551458764,-179.87575993041,-47.7751285227237,-179.551531245972
-66.2573789967371,-116.559682385323,2179.59768866025,-58.3344572873396,-131.232259892284,-62.3272756523558,-94.4245055764316,-121.247105742945,-104.744362140051,-108.920893734327,-119.36019679711,-158.862305592706,-148.077299564859,-130.839042428711,-143.095382691499,-50.9641655797291,-65.6663113007957,-215.13267823837,-525.794254461745,-137.639273923285,-333.246883728713,-50.9504693324547,-302.354855032592,-403.009568932395,-366.151766054761,-426.513531650522,-187.57717489657,-569.489705694878,-348.244921805963,-504.626314497665,-471.964381744452,-402.835979742947,-747.610614548916,-273.351195110077,-557.546602309825,-374.349255105722,-540.963860246377,-547.641283889982,-382.000812224476,-223.449068822687,-387.386441614432,-279.338705758594,-146.868416181914,-493.769983516045,-505.671110748618,-209.58496288914,-263.321044133984,-201.668960016747,-265.428171217875,-182.361156018742,-166.088283774896,-216.177721017058,-134.189720926055,-149.005340286364,-204.299635729794,-207.922691437345,-196.101252360236,-213.685614760101,-177.103861213798,-119.248928395862,-148.410419636632,-207.62059197325,-139.090474892013,-228.181980583913
-94.4235478041988,-168.603318845232,1303.2412771239,-102.186921048917,-193.196843217999,-96.0859170525268,-146.251123291639,-185.150116543899,-137.561345549223,-173.045084087573,-182.921344438779,-181.967968267789,-188.877625751339,-204.232320027905,-157.853596326115,-114.830957221491,-3.28328473788043,-220.818077887462,-539.705507737354,-87.8001408121394,-306.373642501915,50.1026091135766,-259.661928197401,-406.665437283701,-302.55586140249,-407.538690635636,-86.9530338351241,-520.214554758596,-366.574332523255,-403.263859553628,-426.194896484864,-503.276843306117,-985.328209590545,-192.942822145694,-477.262442003982,-397.325814835394,-772.471566142905,-760.360824814336,-295.422862169146,-280.82756729673,-556.274093667847,-457.064028447031,-323.457629294273,-576.698056377686,-515.680901713573,-220.697555361105,-331.499854029331,-231.200878223106,-294.907845341049,-248.883502144723,-176.332538285294,-247.742967167432,-163.415525907146,-162.628597054889,-208.470760929026,-183.3386975595,-241.147634491482,-207.935001906607,-219.675078911785,-198.628948221056,-197.121883454661,-190.539520244176,-197.136149652089,-260.508745404319
-124.39200256727,-205.121021014576,600.972111893394,-141.663331636071,-235.831597532978,-133.313225934294,-191.598056499507,-231.306382856776,-162.205975796099,-216.990000385837,-231.708291419991,-205.350691823444,-221.758847510771,-266.216188887747,-208.732294141728,-172.412707784997,-30.1217815465026,-269.979978416111,-519.026661039697,-125.424954267481,-325.482710363875,25.0237530227752,-276.533112943764,-393.366747342197,-308.789097685851,-357.02863870651,-128.051098718151,-465.678995161479,-332.196902139527,-371.500409058496,-382.218591069212,-533.304002270125,-965.254590327678,-208.406075337271,-439.796955887224,-424.22715051491,-809.048715373424,-815.91962904439,-288.08821401289,-369.752828451798,-702.590448076537,-561.603072827173,-517.099921955622,-665.951898580967,-434.324127716448,-248.422284989805,-385.468379596088,-263.932742905727,-317.020943037669,-298.287605291936,-199.280995113246,-273.325358395003,-202.1357272924,-190.348550023348,-201.914730736577,-166.02429195945,-276.321048605784,-191.684452963865,-251.443555965803,-250.955413339855,-230.741506727079,-161.714998887532,-209.363497517908,-278.403117494591
-155.890733939627,-217.781307227281,329.572490635256,-162.138146879759,-247.543600471802,-159.244596820368,-218.528753115644,-248.702143476949,-179.615317891114,-231.346115609375,-247.715866511833,-226.298284079789,-245.227647351564,-291.360243233575,-275.578427253296,-197.27981173386,-126.281065048336,-329.131408681033,-475.976065256383,-220.428647238342,-353.010944233531,-111.861248638639,-336.412779505097,-347.028854883533,-400.821356815767,-286.128775222144,-296.24624741789,-414.85656920458,-246.556639165085,-414.557024534609,-315.443464376148,-487.926863508596,-765.893092990733,-271.927242705205,-418.383761411206,-397.545570619685,-661.501657179197,-747.659368370531,-336.623416783867,-410.738711413232,-699.111731545073,-557.749319733479,-585.843203731813,-700.927425247612,-325.267972078818,-297.159954542516,-402.400319548353,-283.221956720612,-345.448372360617,-329.715132064168,-228.451523121942,-307.492470874622,-240.621701547587,-230.432781325294,-222.957714607788,-197.688630499598,-299.696426449199,-209.925343139147,-264.010311546363,-263.739197285127,-256.119212709878,-162.653995829519,-189.410521990462,-293.425047292767
-155.795950162814,-189.806451881685,101.793747572498,-140.215918577851,-216.341348865505,-145.293806568726,-201.661242184178,-224.80857579455,-165.664194646689,-208.791419533333,-221.087848266376,-217.913110960209,-230.990120789763,-263.946527674243,-295.411882244721,-161.784853648731,-199.692363914412,-327.972513825338,-398.248346689716,-281.12334326184,-317.025276878036,-248.898641257222,-361.689220646197,-255.799349411495,-495.381203200061,-222.692849741742,-431.02238247728,-363.589114989113,-165.855084652664,-409.323023452547,-252.54625261938,-387.674119419649,-496.710459230941,-263.860127364689,-379.416947505344,-317.535000608289,-404.117662651236,-600.692026223812,-333.375686198978,-365.398271389099,-516.044666455101,-429.818612540501,-479.237661684913,-613.237774740713,-218.310259340493,-284.290433246255,-332.744063994219,-235.871887466401,-313.224211736527,-306.53009286743,-197.37754296822,-301.66927818124,-218.344710570497,-209.813018333355,-222.838069879596,-224.766449230432,-259.65153179362,-228.254836027934,-220.5167627027,-203.186114625437,-231.105253522972,-169.822183651458,-118.9661825681,-270.218610322707
-98.6169012599027,-114.555680908785,-243.905117764834,-72.0503528242522,-135.049138526978,-86.146502563788,-133.100385555851,-155.365209452572,-102.388257752445,-140.38963024456,-153.486647523416,-164.527694676697,-164.207169752808,-190.665385295312,-238.859888933235,-73.7331327574919,-194.27828391659,-246.452676183136,-283.373285705305,-253.069583418198,-203.616421797367,-295.998163882494,-297.493604489591,-144.756511823181,-483.515791435267,-167.334023504415,-402.364550221962,-278.552991202127,-124.074728119144,-251.401098236808,-192.484890386221,-270.247058474563,-164.430283986602,-124.468520385356,-267.530505508483,-248.967099636992,-103.330948280888,-344.902707807353,-205.751132824081,-241.072678373352,-271.790185047142,-221.310486830427,-305.535651987409,-411.753622746119,-100.20898068013,-182.368820426295,-181.564305807578,-131.061058565442,-175.145881323357,-198.627134741216,-91.8243195182684,-203.865306293058,-121.234087285085,-101.540121986068,-138.812838056649,-168.696573794689,-139.290050816262,-180.179230688428,-119.952714026942,-78.0480638423041,-129.448771711075,-133.857203990358,-4.24057054249714,-180.273752473599
-26.0182874866549,-30.0083600785497,-488.210509562279,0.721752645842461,-36.2310826393561,-30.5302606090844,-58.0973763561011,-72.5679788036184,-33.5995624458837,-55.6468600281028,-71.3234550058459,-107.961557453284,-88.3466746095827,-110.523028741259,-162.434423662031,8.89926904190412,-159.575958304946,-152.815329856326,-181.20225294505,-182.561573204346,-88.7655901743695,-278.297036770729,-184.771463516273,-67.2317606722498,-366.264575027735,-105.830648149044,-283.61950573699,-132.634512832518,-102.637266455594,2.21795149333188,-81.1176793596876,-168.156397386943,213.185678566242,68.2584421645396,-60.8578952996397,-192.173879622867,168.76772229969,11.3307279364634,0.441880113678939,-72.2980236720527,-65.2675632906258,-17.1616164155996,-161.256033241055,-183.469414967018,63.17236514386,-73.4597579636817,-19.3544650811691,-41.5970134799364,-10.1774621928195,-49.6688684205108,8.30206003908602,-51.558317809095,-26.6720805520159,17.7654956436327,-11.1691781211181,-48.581339519388,-21.5669703934844,-82.5351853932615,-32.114724445726,29.8687617678029,-13.1818750344956,-65.7373983694671,76.7109963629887,-70.1263087662898
32.8717464644833,50.2962169376881,-507.064657580551,69.5905572087175,67.398709604309,8.72957087513478,6.08941424889083,18.2120276380576,20.5347792496253,28.1300895675779,29.1974241215707,-64.0967867887445,-20.790596807522,-23.4725302126288,-100.922411051478,73.1643004897847,-133.282912070127,-84.0750702066597,-111.577505895131,-110.141674378168,-16.6532058667819,-234.300497529496,-69.3468468763688,-18.7815657279072,-203.138581047885,-10.3709045551952,-198.114867799136,84.8445250396049,-51.1947176224477,248.01492931054,129.238391773992,-73.405238644942,535.520940395289,225.776052773799,215.840945116369,-45.8049238119892,347.919218640233,358.764866410891,221.885600891617,137.700007543353,136.572971472533,149.721261673302,-4.33021804155274,32.7155797059554,285.252693848021,4.51947590330325,128.321097185675,29.426829555532,109.735777229741,92.3604904182395,76.4296047200012,98.6282412917049,35.8441615864123,104.918092991156,99.0474120900911,79.6359892986195,49.559425953366,17.6662285317238,26.1857086045807,94.6345420230968,72.7291413313527,3.25096857509318,97.201294322714,21.5144040486099
91.9060219153071,142.863697841251,-458.271628446095,156.376028253924,183.811413354831,66.7325737063704,80.8429834664018,130.774956057309,87.4389491302813,121.471184857036,155.950617302751,-6.13272538993781,61.2710744286335,93.3897967230516,-28.1550009176232,151.799750579781,-88.295689635227,-7.32766962539625,-49.7056392767074,-23.6420300692557,44.4197547779168,-153.490479637028,51.5447830113733,42.8768177153827,-34.1143242423777,125.052601301607,-154.657341757778,324.572488047755,37.2780571388465,432.546569392534,385.426033326316,22.9361655786942,723.804780161004,316.989109774659,486.780975912021,196.907876383817,436.870320344388,583.139198804527,416.78995547672,361.241860478917,358.557107224446,296.782376461934,186.937331711152,252.884202299795,496.302818696741,94.7553890829254,269.866451750362,132.102794210044,203.03236065834,213.135437379918,159.880397639421,226.8633214704,114.58790771298,186.947656436094,188.843096872231,193.327350433321,119.82399026308,112.541869773916,109.375327802415,166.866948147011,152.224054950343,69.3374582706532,117.820718779698,99.9272466199498
159.661068141428,242.7664885994,-490.473970005591,255.339294919448,296.407558102343,152.346634124191,169.333596275848,247.18896996837,172.047268557836,224.777273834264,279.19913765919,71.569275525131,159.155419107887,222.75664542363,67.6793700975221,243.403239832126,-15.0350189923879,99.0721744059678,22.5010571685002,77.1997306874597,134.44431493157,-44.3365575026752,176.597618681534,135.42203074597,108.974266264575,268.877977418038,-108.419090851484,483.944167311222,132.831879585934,516.816117621167,574.021139540985,131.495091438608,813.138713564126,318.806522881789,653.923323830868,409.992218259201,525.475012472333,696.137081749783,526.57661855156,513.820191115577,554.239575963182,455.028998364288,336.847526291452,483.0437621654,642.422936241515,220.164692313261,393.718502427413,267.824389118983,309.662722239253,312.227958648014,270.899413827102,337.27851005949,230.129406557802,283.198760091252,288.907682259985,299.612782130489,223.306767303363,225.731880648415,233.027166900602,269.333112893976,256.502892554399,160.33676749164,188.295477089421,183.217428757376
242.369342919408,338.693758271725,-566.477690583861,353.056252826929,392.650448161742,246.314258958148,264.903539193667,349.660018965034,260.245226679917,329.312343290063,384.26386455505,159.210503333937,260.022189890227,338.91617032656,168.402971877064,325.630814074126,64.7152166902968,218.524860310068,118.71134400438,172.600434453829,260.544734630744,53.7296025015988,282.581483250392,256.444936177455,207.346570517586,386.251191420362,-35.832272347457,509.728539971462,224.289365979678,480.557178765402,639.095087550697,282.764149393017,875.379998422283,254.304305209143,659.101109201202,534.673283535257,672.397936888807,812.25660555554,521.601697787177,557.990259351802,699.078331864507,625.260775971512,408.881674366609,703.707568021541,790.214389698402,356.04470545674,504.610929528225,400.859298919075,447.543356874869,414.573402952587,381.890615206877,456.372633049258,354.731728599138,395.852762549876,426.044167726933,428.169975430629,350.799532756557,382.744027287274,359.086177760963,384.140115442241,396.742742476984,318.055846604156,305.957057901475,309.734055995082
311.17854881323,395.61772675787,-620.474430953306,412.280149453025,446.573904019734,306.926720750618,330.424065561175,407.321976600027,321.130096740553,393.425949878898,448.626971458649,226.314934503971,327.899470384994,406.359948943784,231.977755052515,364.17242277473,121.471871720765,294.071327474997,199.102289550161,226.753592883973,354.875139075246,106.595328639833,318.150264998833,337.531702342265,243.584785122389,404.325134994932,55.2966953174661,404.90934183664,238.466951291142,345.991350864851,541.418644986474,388.826930568107,850.278829810993,208.93344723737,480.376084058391,556.091585449338,733.874305008726,925.736097119053,416.167186334861,492.161030969176,741.140343581252,655.876232965009,408.277386238762,802.559607675659,931.969263403852,442.255705968754,587.04854013994,477.061426601595,562.212519964786,507.470476245909,442.087635878161,554.352658409792,426.193417245407,482.660337233608,542.07698496104,542.006265508643,443.608336211322,523.729207152694,427.043791726482,459.364679583323,518.989159262685,497.622490136113,400.93791201058,462.82725048093
296.066513820905,354.011628862919,-560.333344159222,371.898423730801,403.2009196732,287.63308403685,301.366269384752,362.19138225459,308.29150187463,359.360923674523,411.438271838425,225.770349479851,309.813492881219,372.242218575546,217.312987775506,318.428515787355,133.71708552999,267.44140133985,173.339450153573,209.831402076494,320.906262421307,116.83438154083,246.3058612859,271.344354798777,211.562594400641,254.514316239299,149.921721891778,201.159742875532,65.7667953637501,190.965015071343,253.155526165657,271.568891501914,594.521799488286,231.633137195016,177.107697771347,396.782845521232,516.968862403543,859.423681016138,246.759005760435,290.535412086647,586.363526832012,357.455008672715,314.335020568269,631.807606347228,875.030401326093,421.727526583885,571.304648033049,444.779731735397,546.163141337014,505.86056745848,402.126003600486,528.85950457018,391.294888412443,463.224008188217,518.332329074771,525.095320644322,425.461180915522,523.777190065538,393.807736692927,432.72898867398,519.672436822445,561.717706091385,386.364062545046,529.728435473413
196.959449778459,226.385286634861,-160.89046653229,247.315797584049,271.183190593647,207.160675484527,190.811474767605,227.047195987691,231.601159655946,249.554848573462,279.856997911494,168.276776759187,221.287687772407,254.613187049382,152.585637046971,214.57589815921,123.646224257505,170.311525259082,48.3172183857071,161.366596262392,186.200563999492,137.252481096249,135.351001274961,88.6531428058954,172.061711747161,32.2739732047551,258.93198413775,4.48798248573023,-204.8793187262,113.816830583079,-98.0601401783558,-24.2177560716828,159.680760957117,287.697731522025,-74.9264956833496,90.6605359816535,127.452711846111,561.8205509223,86.996542310702,6.56377630237347,282.782545230677,-133.859259716709,155.770639511219,247.388207383637,528.150282897755,317.006453189575,441.210059198707,327.947399656039,395.756314071606,383.605554115719,298.093691586052,369.347279649908,291.668406445032,343.011566770926,358.526141351939,368.491511888987,319.238686364169,379.438536442754,298.91933331667,329.546291438738,388.074412704585,465.67810853692,288.089187891495,450.330921649165
92.7594534207103,97.0099436021167,589.043637640808,122.939335688123,128.887437453481,127.735909921293,85.0668777622132,91.5306588236607,150.79798638079,143.340373039352,143.513470676621,109.965869430451,131.977350312188,136.563995009982,98.3788726404054,122.608176318794,117.480560873875,84.6948624977759,-68.3592568144146,136.34254732837,72.6000891009129,190.79346922989,84.5317646474895,-55.9526617668859,176.697904700682,-85.3547768860537,358.057506522274,-89.3564767944778,-331.662511561361,98.3326860907321,-316.316157763537,-233.847830064476,-176.406948185295,292.796062670098,-179.597980127162,-149.850145389115,-143.205697905041,248.664903288762,-20.8643866199287,-216.627654718635,0.281010588329072,-426.781213076202,7.90414459982334,-111.012123288341,65.5721244795623,204.571829328423,269.762892941606,206.06906167831,222.416149063137,224.380318194648,215.171436769014,193.645335317012,209.49023820197,219.518389654646,194.316297284266,204.460080318572,226.639952120594,221.09028217699,219.803989290962,241.19564156849,225.232090171453,311.907219825469,212.055798910512,289.055341092291
28.4356048093166,14.4369084158505,1166.25837266419,41.8333398362249,23.1551171085595,70.8332574847191,22.5577663708447,3.51479819605129,90.3674107936532,71.3879694748554,53.321364838408,67.64959814485,68.5842940009376,58.7616843041922,58.0842603794696,59.921355264599,95.1481358392182,31.3838543749776,-128.116148172821,117.02601402868,19.5756359349393,222.016213837317,83.2298594998051,-97.6932868286706,172.661632408608,-75.4847873020286,353.668486094309,-113.861866702468,-250.825717113105,19.6030871423953,-372.566860604832,-244.803479585752,-230.785116273309,173.322772581123,-224.304454805108,-208.168450326498,-210.409282996183,123.783165032549,-124.135801680164,-316.067071799966,-188.002945568016,-379.015625131541,-116.414138206058,-307.844984579723,-288.731669973781,126.493058561795,124.74977595587,123.743740151433,93.6160870763502,103.374839291479,167.284711317557,84.3662849770509,153.662175408378,145.926068393586,98.0766077591983,114.797611535365,180.626778199473,126.261286683629,173.516967724158,196.414404140646,111.966789447325,198.194619982361,188.768912563075,133.957618045601
11.5380286698757,-11.9048053554689,1077.27832739156,15.5974999342346,-28.5375635748377,42.7807374538037,-0.755747301836178,-33.5012134137042,58.2720949543779,39.6148413788745,17.0584111050726,42.2542893351711,37.3169045744824,29.2431414258408,27.8236584043746,21.9891584401367,62.9830179805806,4.05430789436593,-151.650536288956,90.2706058702327,-5.36745832671309,211.293590293395,83.1621733699935,-89.4770916212932,122.798203263514,-24.4700213704228,224.444452814082,-114.640611218832,-102.57868752088,-142.215211225951,-332.93501267759,-168.255359497547,-70.5452435888871,-50.1845335350087,-260.520508218288,-166.273647452546,-155.756098746879,170.473341192625,-244.262216513854,-320.223750356467,-275.646721075746,-190.683113595359,-216.016624527505,-374.322140994605,-439.151899986238,100.512079052923,43.8942200861358,91.2994548446393,17.9090435244158,49.3148351726863,134.838089947411,45.9213635638234,115.860912729177,115.522500073514,59.6450044724285,84.9643445268841,155.588735098168,92.2121984478009,150.615156478614,171.725894576218,77.9284584549546,158.766815718811,184.224454550593,55.7280107605369
36.5129968859088,8.972540983377,557.230373687079,40.0663174506136,-22.5450069520093,52.2996627758952,11.6885229236663,-25.1174944229926,65.1558191241764,50.6519473678539,28.7386958681622,44.2117579877162,42.8891598484612,44.3522361399942,30.127275282151,11.6534582123993,60.3868004622904,6.73695931183526,-155.875228610616,83.527831483396,-21.8622363737705,199.578069230077,82.456567404316,-98.1344429371132,74.8550228581395,13.2311515480826,61.8555876960651,-82.8402073568046,-9.57369773466209,-286.573006294478,-236.416209072915,-105.989897953853,124.746958141643,-284.141770722657,-248.26078482575,-124.188872556834,-22.5495082723608,254.887667922921,-334.752651758293,-262.109403227974,-233.37374334109,-56.2513405954549,-243.215397733045,-362.246021012717,-426.582400646973,119.417741151215,31.9783977172831,95.11289850819,0.22173075499053,61.2758689492974,123.705704053906,60.9578387347985,114.234014294555,107.24452456267,67.8045937350166,82.5957576155937,137.820795101344,109.725097574626,147.98634104009,146.856435797186,117.107565116785,181.737412948524,169.508265504449,83.3539863308252
54.8873068388142,23.4559320942552,211.778564358564,55.4237543980998,-7.7640148671271,63.5173851268925,22.5685501404678,-18.2840842392149,74.7236773711575,54.24311782353,33.6795031901748,51.0483052097441,40.5351140854621,50.6017548024169,49.8519488485864,1.6235098946352,65.9224535666896,14.529448021044,-154.039042477759,79.5584768214035,-45.1240305732271,175.745487899288,68.4832593657748,-154.622092144851,43.2094608384114,7.78961678414212,-71.7338212119926,-59.0003339378841,2.69679940115985,-363.521621813523,-147.46800713426,-70.4384665974125,205.0406841299,-461.943252241418,-199.422208243664,-100.942045369717,106.62108092191,272.896698594635,-370.523444519429,-175.570043934492,-106.117414078664,-10.2483124286288,-188.282742279688,-288.003119444131,-362.063904265953,120.934329359409,39.1817910328528,86.3914505694533,10.9265972834179,85.0665546015275,111.220873261198,86.1757822078465,120.173515903154,81.7423428774685,98.1027323252609,71.5921229232578,97.1522880538692,142.968171459258,128.159791900977,88.04508616726,161.439519990762,197.457770884113,106.690206033654,145.230936945644
42.633019712479,7.56770009377492,188.245472099532,33.6283217044317,-14.7309023851141,57.4145204330023,12.2785973935417,-37.8369246113064,63.9288209919218,23.2386443086512,4.03891489929907,57.7269872941486,12.66053139341,23.4823804355385,81.9493027810775,-1.39593090123439,53.911626993398,32.0645234205253,-127.185551113982,66.3012794565963,-45.9900283044655,121.912301979014,45.2291470490887,-190.869352239603,11.9066095292758,-9.61043785175672,-163.321005389089,-70.4722478582584,8.80767484268243,-365.119859711935,-78.1252948541579,-11.7916284607024,180.340758662218,-542.57984233839,-116.595068376806,-31.1036773821395,147.561640694642,231.611495154829,-329.624332909106,-44.5242218149915,24.8625909814768,9.62359500298139,-80.2468124561967,-148.491441509213,-274.5694963361,79.4618348964239,36.7400009623344,54.0502466017772,19.449072332848,80.1385582596179,72.9405792669582,90.8114256883793,98.0365407848992,37.012468125036,123.698082487524,50.0750156236448,24.9472324395309,152.470028188795,75.7466750147065,-1.23831455090876,150.567223846501,161.566863587551,1.80666297234834,154.641464355019
43.0716562028832,8.32703988901176,147.451352296535,28.8832240807413,-5.5782496611083,76.8474647508832,26.5460906454998,-35.4029750702158,77.9247990912672,16.0015881893737,-2.68788346798878,107.958875721309,23.0470110776255,21.8083587600847,169.496124610062,61.3271378114736,66.2581627880938,109.944289370352,-33.2259752693987,89.6410548574285,31.7555240192316,89.2828000648578,61.1390000557172,-103.723213013973,2.54937216632687,37.4851535778228,-202.196375602645,-68.5575582186908,95.7807064443125,-296.274726890935,27.4037803538374,130.375258950022,211.83229589763,-518.189097826071,8.89405799416219,135.868342591195,188.076706807762,213.693308605305,-213.792489819736,155.690656731207,165.062282853618,89.7637757216477,66.6212946850259,41.5641818871594,-100.76198724596,44.9151029590687,47.4848442644792,39.2100878083871,32.0846700115635,70.2714517398931,31.2130117247085,83.8185867779058,64.1840461215456,11.0696457667165,131.581829191175,47.343167094868,-31.4011949261956,131.374828400022,32.8470464828029,-63.3361747688196,93.1669552589829,107.003828539684,-71.3879310028439,108.152937953341
72.2558033113337,43.4465483683059,-78.05513820534,63.1309877302654,36.2939343684699,131.765416402657,82.8412960652986,13.1546003401871,135.731767124382,67.6602513508334,46.023531568691,196.039870361391,98.3530011224216,80.2976237688128,295.206066287573,175.171115854258,117.295702066262,225.07455008921,95.7300696587434,146.469278453165,142.227802687415,103.596547276554,107.603571817112,53.3994063988823,15.845163190151,113.928184133899,-211.322640833242,-64.171161075864,199.43824836458,-239.601539582226,88.0924257103486,307.54244602612,369.488433928817,-468.43297226143,66.4124733306414,265.449567737058,345.737187361656,253.04788851116,-132.769767395169,304.528400305357,316.034988559594,252.368348388523,211.412453422496,228.21325464636,141.303910929693,35.3960333876644,62.3947540495922,40.514007088379,39.2958085347945,67.5882406133384,-6.49305206933879,61.5170118607103,22.3652926317356,-10.2992105195834,93.5922984745608,46.6888549228531,-57.5020211632838,72.4796877723558,10.9026905671265,-85.3745608120414,11.8260972379537,56.9118416267691,-82.3663008400004,32.3795954700015
101.627854081015,84.729288272591,-261.705409807657,104.420633519679,88.6542680521808,178.628648988644,139.612097500405,75.1876187850113,196.906040432494,142.637488627097,114.410848723826,259.953397815246,185.547147408555,165.119949400856,380.872752942773,249.409624688221,158.020573796453,297.072290298348,174.904297375196,176.819621379586,186.681215627308,127.850052344088,122.197385207457,124.882277691219,19.3208945566507,108.07208938618,-219.588549427951,-122.246834463521,188.091410878331,-260.944628371547,-42.6143034384741,390.153799441257,544.063525304419,-464.305978370239,-23.3223429942979,161.278505764903,549.891658317279,327.56247017607,-163.948960526023,256.084777733893,402.679292828791,436.087163743354,288.946907612544,371.165097118038,351.879850159943,30.8071171655276,56.1880441118038,30.6670135795938,31.5114216207613,62.3736893183878,-49.4185048429683,27.2803948724783,-32.2793344878932,-56.182570998765,17.0554760640989,29.0776671344436,-77.6953977560211,-0.493688237275683,-11.3684612579062,-94.5996952323835,-63.2378590385622,12.6922829838357,-62.9336942209286,-40.5083268468729
143.954468428359,142.91188960114,-266.1892554047,157.723173300904,162.787001089031,215.805735435041,187.698140509803,145.289549787642,251.561757796681,220.780876449102,189.56413515132,294.823057146234,256.632225793163,251.89632516265,421.19486968323,263.388717373994,179.345077809337,329.605509781019,206.1530648563,185.118699592771,188.869516991331,154.623007699527,116.807613768093,104.444874896833,32.6964706102587,45.6204658503643,-188.111314559767,-193.370516694211,102.744643453907,-279.287545026294,-254.185295744083,359.332385925157,625.346362043164,-440.889750945122,-120.435814886321,-86.7544893273376,648.5783846761,408.669110061032,-199.597431308335,108.266414006598,400.083485978097,568.307001625396,317.154605308023,488.591324010281,513.945726673908,61.9989043060888,72.3350944646838,51.6227734812511,58.6319674811969,92.3209811726009,-47.1679817829693,45.975150091261,-43.8736127953358,-68.1151732207587,-8.30595083093123,58.5540612962325,-62.1313937381763,0.956005586673252,-6.68335092885881,-63.0708282802845,-62.8903803723411,20.100649036732,-12.1727137203702,-40.0545045514464
232.486343806177,244.204708406003,-285.251995187074,246.131901063815,275.299594710729,281.948449954733,255.210306832995,239.847956178502,326.553833769215,310.378303935109,281.923895618753,350.373434873577,332.658768388812,339.041905268832,473.554192073095,277.673647026301,223.316031371443,383.068948406213,264.348465247579,224.549880565287,242.587443813136,209.052593384124,160.133175388361,123.59900371295,110.732188806809,62.3800355230772,-58.133294557088,-158.713361737661,107.025044699828,-183.458996858387,-259.924782164182,328.935544267416,592.801930193754,-297.557666516624,-59.8823983796214,-145.429727374923,599.176789923968,437.719113112849,-115.996348251067,94.9737515251264,387.189909994108,606.880104766526,385.925760303785,610.783353287176,673.25272565254,169.51408023586,164.69009936794,158.119382326556,168.402384318279,196.857956445744,60.3661634725933,164.044732188279,41.7744107740224,28.5554686607517,81.2540300250817,189.672003643047,39.5950419293545,122.522776236292,67.4293825235998,51.9643666920254,43.8094288297029,118.646679735308,89.544500788324,66.7990833917868
322.454406670644,338.188916829586,-428.747369836279,326.587419818037,367.835132372034,352.325403716975,317.641029094071,314.519388737929,396.427851797086,376.687995266705,342.734814370644,414.709717727575,398.500837065994,390.637795598596,525.542968817188,294.441387384397,275.548644021621,434.334225808025,339.966707950679,278.145237060681,322.503998218588,264.121778601941,236.29733626894,202.434610002498,228.171558038992,167.26000039472,136.741646102357,-27.3795730059132,225.079679462262,-4.16308425388795,-22.0243773968769,366.744047802874,466.960854077143,-64.5560649846242,103.080822491173,93.7905165320995,468.76217691017,364.941065962451,34.2149683143972,229.109056665581,422.783433300175,551.53366207985,492.319894085155,709.337514371099,780.320758160282,296.926887530798,281.767545113757,293.399428247465,304.103021243164,311.917965485961,215.684610480114,302.77233448161,170.223757509767,182.713979484806,215.940530205316,340.047872728468,183.812639737409,272.852617190894,172.284285761255,193.808700877313,172.265262315549,242.611304204811,193.460186635453,187.196472271644
340.190854534564,353.429112672094,-500.757331314007,340.432652208954,373.606434449343,362.188860566676,322.372619961127,313.491864545507,408.753712836723,376.254762150553,321.310736734146,426.56903072509,413.593888254764,377.298356061522,515.711368885233,258.499973727163,283.271897778061,421.015931852176,351.734332124532,292.240657637335,336.289163566119,274.502217519974,273.068104834187,235.713963765002,306.055448650316,248.027890448908,300.567085788,101.240402619443,339.114334079441,158.551302166879,233.220747274597,438.155165791151,312.212327064984,152.709665322583,224.935359045825,391.245744980403,368.461387558059,236.719361432123,145.103315799523,333.611570329168,483.960811366445,458.331986824928,543.393882303836,729.977128462844,735.896255543586,355.910611760398,333.232067044208,356.259748083303,367.213174703162,341.858615491054,304.735889867037,353.87581668942,250.725187050448,281.729090966618,293.361303642169,392.959888008078,281.932056169927,340.192557812756,237.427508084318,267.555553352218,227.443105867818,292.409165717475,234.068368012083,216.85955681138
296.875435465134,306.500589636088,-449.697001629495,304.292396844628,321.293699000033,313.982163564136,278.550606972699,265.382405332232,372.297041791978,333.837279338629,260.271543912183,380.623859636729,385.997280738543,336.380636993084,448.001475338357,174.66543497511,259.44141949788,370.607061792069,289.151927868314,281.892721130866,297.121046156025,263.55232417668,277.664595471371,196.930906250201,339.29492149215,277.430613539129,392.442904147452,210.841237568167,395.707460901388,285.904457396216,389.66974979915,501.063691752615,207.33369668259,316.488219999732,314.48379713637,545.757907161452,368.287584813886,128.253260260342,228.89295178538,375.623958530807,525.653867373086,374.410521504144,511.17570565258,667.304465313033,559.648513111928,350.327958397078,317.480214332803,339.991360074457,348.923049815136,298.329197815144,316.078052352147,328.0705669775,281.302955349695,307.979394206426,312.90899616642,355.90113581394,325.112101469857,332.233498582257,267.024379152232,277.487680940727,227.231221596664,267.330457999494,225.641923973078,182.432617893095
247.767872496686,255.420545759621,-555.86762195801,264.141750465884,274.626957633362,253.97528868977,229.076000715739,228.761360845528,324.640436946692,295.647352585078,222.637775026097,316.516419481083,343.826039575349,306.164192022474,371.082308148964,87.1805644195367,245.720823628895,342.321016648125,203.940183739005,289.132218065815,278.242284712562,276.904696935867,304.914658907678,160.229811292381,379.98187765473,318.162140902244,439.788680110007,344.049124866358,435.347787799448,415.495679486084,518.377697903165,535.71266400669,159.001216364973,450.802805616231,469.419146238396,589.372454466025,415.232373130314,58.259296988016,354.04018690304,462.446679322114,531.581882253284,289.640974015995,441.635905263719,566.782676791453,369.812483825389,332.711611279991,283.951848324066,303.048628354833,305.12966167102,254.212706924701,312.646518754086,297.979174093992,302.876736523347,311.168327130599,319.693455467401,302.107317369255,349.629512516237,310.801748641737,295.574159859772,285.54678136632,233.813732999594,226.33011604372,220.413254334871,162.519123018134
215.122457616155,222.932741118426,-767.788004424212,234.671986405527,249.737719724666,207.549078261139,196.140405768885,216.498688492911,278.45880682448,273.521332536982,212.79169577865,256.789662641112,296.829689093887,283.899910761369,307.483645095259,2.42835249128098,238.26401847452,325.247861550145,124.966644213992,305.424855184557,284.547347241476,303.766972850519,355.096401228247,166.800552132077,440.062473301778,392.972980853644,473.87493318083,500.148090291724,492.612521675488,557.750755753248,668.265276159411,534.704244138246,142.307685096296,566.879589103636,690.039055432941,618.157500447613,425.701255492273,54.496148638536,523.757271183369,594.23496621547,532.811351993202,220.959693496143,377.664888865668,503.268473047411,253.402293266808,318.135539018267,250.432426688042,276.583394474333,264.505879885121,237.203230464079,311.785210986556,280.033337860236,313.200000843797,306.301897894164,313.586022286917,256.072898316064,355.323157459114,289.926859901626,312.394324820391,306.197317709536,252.241228756578,192.052993143774,236.284200374109,169.698594520995
204.916697413006,212.561694330249,-412.061767286865,220.404966631053,240.83701981286,186.135199438825,188.954677408624,220.994924120225,238.146718222522,267.918546564955,217.217059676962,206.789310281192,257.516025334827,270.886199544199,253.995776802135,-90.5416703988675,220.556911220767,287.941816451636,54.7368701474283,300.313095632724,272.704207196861,304.574691862094,389.862787066006,191.762632971342,487.08980079075,477.072328764521,490.176527171438,647.8546065436,571.675205520281,692.910386547467,809.276202828484,527.84485628256,176.716861834518,648.81520508722,883.417318051172,669.263641174312,415.037271918062,153.814833131668,674.928187897276,667.00831016812,573.621526349271,221.233526150994,336.814169096712,528.022936742894,236.121454076385,290.589597488828,207.663587713486,248.889090137087,219.205535521227,226.307540119472,279.647791595086,244.644498516418,287.673570624885,277.188403174244,272.083633058778,204.129165410819,324.562599345285,253.314369292684,292.136807859128,313.547865718094,251.035269962271,151.855274986095,253.911034955384,173.132288270763
222.76831868471,227.334393131839,840.983758513181,230.538932996257,251.304472441673,192.863118607523,208.475582743517,243.961395840302,214.287755557845,282.134387654235,240.7374480944,173.358479377721,237.495621132199,278.118203908056,208.006441593812,-175.492283404459,207.771610040009,251.508062755113,-6.06315392067503,283.282432302877,241.128840246671,283.167206828829,399.478391390132,214.966866143094,497.485165250293,554.135284197567,468.746723218757,759.915283839793,662.764756820252,793.6181246077,909.201059281783,563.365668155476,288.418648345603,685.196507700293,975.256891324481,731.845861418491,448.395882520038,315.194197270834,748.150509412495,634.390645787086,649.945050129708,286.16469749337,317.410257918085,605.07467744266,313.905104021926,243.806743049795,156.646993241152,207.01749393443,166.357594813398,199.266977368332,209.642836141926,187.855728744077,232.476676027844,230.290576160954,206.984757454081,148.334897000097,268.364620151768,203.830072912663,244.238482808904,294.819029890341,225.132518094736,101.505611365152,247.777303397906,159.961433984566
247.499919676324,250.717588537634,2182.86845012608,253.776137154595,270.4223943201,204.668445408891,232.252600513183,271.500613987226,204.048272144158,297.215918198061,272.682738530161,152.069598247715,219.342125193368,287.502032495319,170.331991986516,-233.8845174424,216.774253613204,242.19896497385,-61.0086597478551,284.657967576541,224.353006514803,274.713498645723,396.416028114441,237.690233142416,464.47635296979,596.263201985955,413.237572727455,792.602694753295,721.336409432501,819.200846606103,935.875120325154,626.771080365123,450.847205722694,681.366392751794,942.140734533025,756.814770746775,532.496336308582,451.088283283789,728.585507998341,530.769237789882,712.315341071961,363.900792790259,313.846749235261,647.373018398973,441.536591151289,197.873189179444,117.125900331202,168.167674195278,127.958007358556,162.10520794686,148.30802659394,142.660964472694,179.992680148088,197.342605181298,161.51505308559,112.726132153095,218.627791290475,167.440792190613,198.89745901718,258.788126712763,201.158507884084,61.2036072997225,213.680831536656,141.489574438172
245.176620691081,254.843797902991,2521.81933951747,257.401316796627,270.710667044569,192.870960621631,228.152469676341,270.811283992281,186.00435172611,277.426866916568,271.47188923986,122.670537033095,178.228765430865,262.454250331492,138.143936057659,-281.599225703028,232.627142226289,231.389873667428,-113.934438093638,293.309182357542,220.755403137927,284.637930112131,373.042979919892,238.256432792556,391.280186712391,551.620699766663,360.231165027458,708.393460432303,676.005279218742,740.922078596153,850.36042071259,627.928577312035,579.616167051847,651.520652462358,800.309113583347,693.708203857827,598.735294556332,508.625685585987,643.756667531038,408.313463551879,718.129633318954,413.428881714025,328.234866819279,595.889550105633,520.643877122485,180.04858020867,104.673242447616,160.083934833507,123.666889518875,139.533727634587,135.588833468549,133.511827732944,150.360084926439,193.991416349803,161.841258008923,118.20816851848,194.011983564522,167.859121763779,171.645115396854,217.676372277053,199.85329406014,59.3705787900935,172.010345460631,134.16799685203
220.772649113525,237.965083067191,1846.24047815485,230.386705494771,247.982493244778,166.450687473754,197.428282897003,236.86245882179,155.237289465345,221.993177648377,221.445143824245,88.1384370440739,129.929481428157,203.075380957907,111.374791604405,-333.620678189879,235.181497648836,186.45287277878,-151.383403768905,277.381837517269,198.055284603022,300.044911568212,319.196673612316,188.181719466234,314.306129419143,423.162578870863,350.571448180137,549.446909249075,516.288533642892,593.348739624518,671.703181343395,509.855342675317,577.391072556285,608.871541489469,605.908203744748,554.96694828224,563.832216777222,468.673023345725,537.218503150562,294.538916034024,652.880466093686,399.26692663979,350.602653117572,441.829157742702,462.750518787479,189.65979559073,105.917491511534,182.02165838511,137.69981951312,140.780375667309,158.890725298728,153.423167161499,141.851660855642,206.988839045646,194.335910805091,163.520114176367,191.505220562289,204.600989797302,162.892805855056,184.072369232457,216.234973058345,103.768784742065,150.338699252345,147.229104928677
200.818456049134,213.817107961404,1068.92530879806,191.835405596872,218.395264226419,147.775001412673,163.19864226159,190.821849689559,129.044389339905,164.892118758983,155.027444411757,71.9383738541978,100.945096045248,139.431124129425,84.7698941325115,-374.159224169375,215.771182373702,118.404855363075,-160.523305459765,231.324752546657,142.927685198313,305.579493463214,243.451676496045,97.8577171835483,265.943011406222,281.462703402115,361.1140617009,395.844779354192,316.605627511409,433.260068744972,470.706969885045,320.23066160375,420.247572488349,531.869105217049,409.605382674147,390.989684818729,403.918188498342,333.209529214526,421.163340033035,167.369967772569,512.328595711388,297.480734493805,336.058274577158,228.018344456471,274.801963679547,183.100779856867,78.6939717006457,190.851173854432,127.747441118318,137.561726697571,170.080350072657,166.18589684191,137.023431411439,208.484811663873,213.957135542458,211.389853612773,189.247392508075,241.308271387167,163.347955363433,163.165759434591,218.744198529247,157.751414503418,155.549350213979,166.42589111446
183.586485884654,182.148375978592,727.205213855795,156.556592950455,186.507124541212,128.504562206019,127.876906982026,142.434164510665,112.171061468816,122.386148855431,102.118402629518,68.9259579781589,79.4244321879503,83.6428053828977,47.7176744399765,-387.951701362203,168.047868215586,54.0402397637119,-149.981915048346,165.316617046164,73.2006194391528,268.690870032636,157.244768854332,15.7443468943005,214.165981322565,174.417691942601,316.532247024788,265.296616980133,152.523824154908,284.594746033586,292.082356065017,151.530270792019,209.163853209817,391.864975546069,235.487548842899,230.380507896616,180.61205495924,167.776599083818,293.69510487595,13.8308713380303,306.555908531943,149.647068708703,255.688590092549,43.4943907080337,66.9196409543361,128.455613950484,12.0164448055443,154.852312117768,80.1813697622812,100.743170040694,142.969005416683,136.934165314835,121.45205721429,182.276122371596,184.631421204718,210.777456220762,169.071222648733,232.788310368774,160.553270899453,148.895558965301,185.5338044346,171.074065773026,175.412337443544,168.300919522176
169.801600972427,157.415321355584,549.999118799041,137.49217982356,163.49893887079,107.567143478774,101.149296668506,110.126446105603,106.812712079921,98.0410936157939,76.8872424604069,67.8434164874124,61.3714215787632,47.5848334884803,22.8094313658739,-366.821715354725,120.406975181036,28.468319765763,-119.314465745064,116.269798112208,43.3721799569536,199.03976145817,93.724301849788,0.164638096765339,139.642206472341,113.99109884392,231.680504150562,160.158345618704,63.9468162394126,192.55822088874,166.018585279347,61.1459211892363,78.2463547744015,260.443546857416,135.547945301051,105.879122444115,-22.6733701652967,73.0521436779407,215.630515018414,-85.4602437295012,74.5051625383358,37.6928180312284,163.806134708466,-49.8398761081557,-44.7576154896879,81.6426434479226,-17.7636047758457,123.807436261308,56.8427503769789,66.815525172676,122.052112988708,97.7106126376243,121.168080126795,164.845843246304,144.466547106944,169.301891145194,164.198729461742,190.822053295981,167.240983166882,156.227257402079,160.228880538949,150.841765988249,214.591615367936,168.565173405216
178.96093125293,166.196050592528,222.696773300458,145.776289503581,167.908033561535,108.043405970541,107.017265383274,118.075616401584,121.390547723607,100.115877774348,83.3827650995999,81.3335404154534,68.2067639975984,50.0259066810277,44.7593113894727,-309.288431887728,126.904035976843,65.0547311775694,-65.0798660861277,134.695580093863,92.0402511596727,169.538595155747,99.3312273979605,51.179143855126,105.576488291543,104.749904506448,214.174905067834,127.2634993333,46.5973536192525,213.857251601029,121.448763726495,40.0242575375865,28.4122954852158,245.975470393832,149.423348458374,56.4384207078676,-185.908030048629,33.8345197284417,251.358044482063,-54.1652054230452,-154.393344348362,-36.2735385736281,135.794803359145,-104.675583826323,-65.7306827533267,113.3506020076,52.9196059523875,152.778854637289,117.193058294479,93.8777617743254,159.143042621185,113.934025990977,166.131028659929,203.004854632586,161.347168300936,148.552995341338,215.211500635561,170.37114765451,199.948535179702,202.570607126772,193.90513131211,137.65214220394,273.193041607195,196.430180094605
186.754300473598,181.124693022139,-124.52847967542,154.113241886921,177.186649134008,115.746201246772,119.709980394394,136.97633610869,130.191839586122,105.732897176285,87.8402079145325,97.4649114282114,77.7003156887952,61.8289006436589,87.8327287124565,-252.99661794209,175.590683495531,116.487344317095,-29.1620921154306,196.361320507238,156.235126540856,202.773227033218,153.115147406514,79.0975279985231,146.690216211559,113.087127067364,277.700217688368,167.647655926075,25.9049700889648,296.295832001965,115.062740647531,27.9669801700327,-58.5350618007491,303.232381718014,198.113011723016,46.9659896937411,-322.25238032968,-81.4834921435777,332.807342721157,26.8809464318472,-368.946567774772,-139.06173904234,158.807506396312,-218.242136187388,-108.085986525577,171.03590255188,146.990256302965,181.776096163501,193.410025547122,145.567122454564,207.127895696844,161.456764364796,208.570559105404,252.009761004537,202.783076468478,152.853541226003,267.743787850902,166.598849955321,222.59913602218,235.533870852891,234.997821794839,113.51175283483,294.908155787154,218.095044958719
143.494392118308,147.018973323211,-293.3430646404,121.560330356445,146.503652641521,91.9473086082096,88.5897795663242,112.899883913236,96.5216692159285,75.5782896773958,47.421305056455,79.7331858427029,44.0818146438712,32.6634814441209,95.2211750222361,-246.931638660235,196.82048747759,108.665975923076,-60.9575675126571,220.292075411878,135.196936316497,241.532762522504,174.712102933906,12.6082398045725,199.164163283725,83.7626618868491,329.868477564639,193.19229210309,-63.2768295912401,313.005636087622,52.9900741879121,-16.3799529571137,-217.225817807984,305.398521928924,159.068202397749,-14.9602270476968,-402.548695824764,-296.178382790345,329.647416842851,19.1286830260922,-521.789598350835,-268.038587264869,157.963711981302,-380.695048338938,-221.629599139566,150.596292720906,144.252968854045,124.539111009705,166.726601034734,124.819223005068,177.746857043035,148.674368667728,173.324147801767,220.43677963131,167.412947719678,114.164390924908,231.151047700929,110.24826560384,184.224174562773,178.185750287135,189.207787116104,23.3970974302903,222.341126808814,166.189367904758
59.1072147732144,65.8999680579144,-371.510706000151,49.5538945225664,70.0841492388302,39.7334295929955,19.7535728104028,45.3753507869699,33.0343093940755,12.4908938428265,-29.1984565207802,26.8977242451884,-22.7312608402487,-32.0821441627942,58.4824872893507,-292.202460065689,168.114689442544,40.9445781829065,-150.140723770419,183.2788432405,26.2664102967988,249.674034738108,130.476122185862,-113.453695498477,200.905486136296,8.08025705533262,337.906106096307,137.580518857365,-174.331449813649,229.529348203631,-78.6279673470725,-69.5791989322241,-351.140329689408,254.298102764802,28.7525823148497,-146.159319083329,-406.808755019564,-466.897109369208,224.654415810969,-76.2321514721203,-570.376987726078,-362.388218829047,100.923345445266,-508.204209063792,-342.803782344323,54.4953062287843,38.7391578818922,8.63945889419305,40.9453501661711,7.07233431601719,72.7321993654105,49.0114581208784,72.9667241766123,104.093101252087,37.4608631037757,4.47881063057921,117.038778070199,-21.385235691963,94.5920304861956,43.1118633022609,56.1020750846384,-129.83674894684,83.0975819670625,30.9254699876134
-3.40990344635683,-3.57625891759801,-509.847519213585,-17.4352765491452,-8.62883577965185,-1.69886204380091,-33.7991305837552,-15.8956950768032,-12.7421950815224,-39.6748568835788,-88.506882606048,-17.8900597132635,-68.6688543698969,-82.5795371923736,20.5870489309524,-341.582886252218,130.327218290381,-14.6069363892923,-230.360608785119,135.875160873615,-72.2595863527649,247.891265920848,75.0485537355748,-204.757014021886,175.850489256044,-58.6734915757024,356.528275780326,49.8706727730169,-199.84667527143,134.83914071214,-175.576570060451,-70.8887063705886,-382.101774364898,249.745761681275,-81.8029622975141,-238.293510287612,-368.79978126971,-481.767858752111,117.028244802789,-138.708157915166,-539.281959964964,-395.566333874292,34.5590692560998,-555.867229133718,-403.362855066824,-23.9482834577014,-74.804969607715,-66.5931900295133,-65.4839627642336,-126.730196078043,-18.4663971684957,-62.750374014939,-1.68926967672691,-6.59101488863641,-89.1693281802732,-108.528823505268,25.3014617635176,-147.089748713204,20.1283891708564,-70.4958214643076,-65.8211662990407,-261.973828997725,-29.752203126632,-109.069848132204
-3.70965539614979,-12.9790101606747,-668.545945823653,-31.7790341519043,-35.0256529928937,-1.53814788606406,-36.1974180833593,-29.7008882574952,-11.323961145097,-44.1848189428473,-86.2110825523487,-13.9639868766881,-59.6377459895139,-82.3154368607459,21.8576482515149,-344.294322254687,116.860963217001,-0.420704161301441,-233.719577688472,123.242844343686,-73.8801883605574,252.371181937404,72.3825524253319,-194.118703652493,178.769566716914,-57.737668642224,411.945347463937,23.4288633838221,-100.875012683259,117.983945860409,-148.759225360695,12.8045474059802,-310.316349001936,323.558541209091,-84.6925574538907,-184.814361356532,-301.036556604523,-369.566563236437,91.7832007066481,-97.3687437560045,-446.456232360238,-349.138265207972,27.0784656566316,-499.638454888318,-380.301881153551,-16.9638514770388,-100.355116410117,-44.6200346151124,-62.5032175687938,-171.664025113081,-25.871902541012,-90.3403895331791,4.2898305172088,-30.1836437375016,-109.860544953356,-134.498688237811,21.0618802786111,-162.558724331294,15.50672578119,-83.6985853252929,-82.6974622527959,-275.669485588318,-47.6399633138456,-145.797733348875
44.2528394849155,30.2529881519146,-747.740857507793,11.0368583660429,3.27256548872753,39.6425228076451,5.40229534768982,0.439021152312799,29.1968878865239,-2.60413371148788,-25.055557413152,33.2892570655017,-8.20297043491354,-32.7889714366057,59.4498575048588,-294.94632092873,126.105255592942,63.830352349945,-153.42201551304,138.853476736034,10.452883615756,244.546640119458,108.676315964177,-97.2150347747987,208.294163788202,-0.0218849333308579,450.505290536338,58.2708623865957,63.1960927382831,171.000015399225,-44.2836336399435,153.331620302501,-149.450023607711,401.741864979516,5.45890703351947,-10.3302955588402,-166.358289282161,-196.833330375835,145.304735871197,12.4323779146376,-257.249629689866,-176.482228765639,100.93465711153,-308.194723526094,-271.509330332187,63.2897487565231,-12.0193578873265,50.3096021109978,38.941172016698,-94.0727806696987,37.6839741590541,-12.0977318624012,58.2919683300923,36.7124286649813,-21.0405163875342,-56.213090423157,84.418441952401,-61.6276828126757,71.9045215401455,-6.6746216268459,6.85267357042306,-151.157702416774,17.3012771730232,-48.3705783862948
101.90612778639,80.7539775177251,-700.87355242703,66.895128961377,63.3782744978264,93.010524322802,59.8402763140694,42.6657599109069,81.1527324968447,53.7147493366379,51.4268702881957,84.4345978716765,49.7243146341202,34.4091921089617,99.6059891657808,-235.762378940485,153.010840054514,116.867483611728,-49.898333604249,156.178130559332,99.0826666528607,216.614318393168,129.682022196301,5.95684393275607,228.425441351913,59.8678333646384,415.557098684783,82.1384772911513,217.202082042892,219.11415568234,45.8633379468908,293.319778171614,90.8779572266258,397.902894498346,113.945973023592,182.142465360144,45.5079429495871,23.9941815025885,220.465698597092,140.251033551935,13.3115853121016,126.758315771552,222.191601630867,-7.73175778002135,-101.457384864649,153.045425524573,130.086519716534,148.30743970655,165.287928637305,48.4234724501675,115.59162105325,104.423973757223,110.666596778112,134.640277858898,94.3873232609959,61.1999518887048,162.493276653492,62.4145476954849,139.881592698916,95.9578211026478,121.276769878526,32.9939799527191,101.449495179697,107.356461398136
132.666078088575,98.8404744768599,-434.778345025169,86.4150880484434,90.7822701095915,120.190727573816,92.1471803916151,67.9086076542999,113.347500274468,86.3893529811608,93.3220010102963,104.59499334113,82.2829435249961,76.5273941262242,108.849075085151,-208.674844397521,182.580545889268,122.988218245013,10.355566510633,159.54895697873,126.745009034902,187.814778847964,123.022935302829,49.441770123637,228.661778346079,101.482494095684,320.738623370019,89.1719872502298,314.787800657691,216.807774721819,121.0888708679,371.818674161786,344.905599711374,304.254397317622,183.211837796461,316.007228505891,254.082360320573,266.068289014319,269.572326699771,269.142005555171,238.629842955933,444.640384966757,327.233486576712,279.466901519446,69.2825656657069,196.066039294756,232.958736905376,189.945489993097,240.781365920934,164.30866856614,164.153939449521,173.531415240526,146.858822253207,193.318765740426,155.855038891037,137.253609179189,211.91701047606,124.880110081444,176.722059159285,168.356096479635,179.848396905773,165.320728083103,151.04670552036,217.407917733042
132.589719977063,93.9310242091698,115.642131754296,77.0196151758277,86.3517662683422,118.546507143175,97.9881877012616,79.7254939536939,118.299299636212,92.0336216965998,98.9199054908746,98.0290449105548,90.0408193929621,85.9389546098508,89.2028104658977,-198.989328136659,183.358287981545,99.0293466951571,26.5801474338229,152.209160705288,108.183127589609,176.45073828573,127.369836013213,44.9620713052721,231.957498025617,152.325943156597,239.117363178979,154.635492770672,338.158355719078,205.4778085958,232.809379079724,357.882221151229,503.482143901235,207.238548116082,225.779703271096,360.867754374838,360.791899048923,445.927190173299,300.933015996309,390.83383780727,318.367129504087,621.159748313268,383.880616133716,448.793528534757,203.497516638919,201.571631328242,270.606449549596,185.126541513415,249.213410637076,221.649522501585,185.372406779542,185.062213254442,175.001949606583,201.50768423005,164.041753964634,167.966037252146,225.266400663032,139.109138797202,183.884514495778,204.382751234692,185.411621823159,213.914393395032,170.836744956882,250.81619756799
140.394493505799,117.600440825496,704.935887734658,95.9502131935667,104.026802841366,129.229739766682,113.956357418586,109.461416826802,128.385188037261,112.371980557811,120.050835956721,104.885777054513,109.777379293647,105.957820458734,81.5105081831655,-154.673446715622,157.504048502198,89.5186799422081,51.1191753478908,157.577905016827,106.201182226182,188.439715662953,175.153927553391,50.8164411433772,264.219361924347,227.980563327819,237.115791704081,291.510346000163,310.354329393181,259.07127689223,362.822196958825,292.822685551159,513.379712853573,206.869848141896,297.617428107032,322.267287276294,365.968585279952,499.86939951642,365.638647125354,492.076200883544,302.757803500062,613.949986127338,414.003607254209,523.560525573534,320.081146991342,224.695836826945,296.050985747706,198.97972263239,244.683907559437,266.072358346573,215.95618458461,202.814573785847,208.979141280827,214.873073782275,181.684017450773,219.579785582703,240.216166939988,177.339671453502,205.066128687492,238.107193091193,204.530780114921,250.981918891236,210.715141850996,257.638884685476
178.219853667944,184.362158013814,887.120848737201,157.276941747678,162.377232972485,168.536073389878,156.458530446432,162.030346741885,165.674541722871,165.368041326594,181.86975158079,140.189891044872,158.527918109564,162.521037876965,103.045341875175,-75.2691055169935,144.824077757018,107.510331758282,97.1509506404792,186.263106084431,133.773064327087,215.962420749014,237.866979809908,77.1082469730493,312.802078235047,285.603833694351,311.340396012027,395.486114385079,269.347066912942,376.392668951209,427.89941672646,246.68146437675,417.807547339487,315.142196729802,401.974984226591,242.013292480147,337.532514808638,431.634402443167,475.781915736497,552.096046864491,289.991123731695,510.172889067092,437.253092257675,568.841206211482,436.209224788444,277.722466360118,338.307343324934,252.584018044865,270.679213015599,326.252497237018,264.069368583974,256.921561991887,248.598487907962,262.927112298758,235.383180224149,306.392135501539,281.223179612484,254.311622079801,258.643034956333,283.458126633214,263.552066139871,327.926177463993,284.543158438483,283.252929308743
225.631664764533,254.959184584351,596.684078568165,218.212208980488,224.53682180699,209.163854506848,200.885340522958,211.13055902855,209.393616044533,219.892808869234,249.093096661845,179.832307660817,209.381931375367,227.980117592648,129.515625994584,-9.66001966339492,166.917940193972,132.230535150767,128.635065169424,219.671152382572,151.123976947172,247.176318141831,264.802908215834,80.1895969948106,338.161205827851,279.692979043224,404.225107348872,390.656310159168,239.315907912223,481.860143782464,400.440115344078,251.424031008211,309.340435959833,463.278012857999,477.932587178375,193.10976587391,311.161156155066,302.96357164068,580.126933838389,564.225468604617,301.353270969888,421.893660178638,451.853865152362,584.577963099078,540.271610452469,325.251853525068,378.014564155795,304.044235455196,320.182876014141,381.953183636179,301.654046968949,320.391377337459,283.497896191744,315.22386372414,303.253323128175,374.911586966989,326.686960189791,327.209835245282,312.85035152459,321.418017914358,336.438061203617,411.854333442859,352.380044194801,334.187136719795
254.163053759824,293.864527656278,268.234353708322,247.084628213419,255.620152076279,225.499131715265,222.210846345628,234.814546139804,229.148896401445,242.865861683949,276.853451303845,204.761316793403,230.319047556316,261.014213709625,147.117248665464,21.9060769869746,198.550635847537,152.250977004304,134.411461962113,234.465820875615,142.320983528478,265.25316325516,252.709556515987,38.4776821008189,325.852743323138,224.887378027351,460.446120075093,316.440506069986,225.576960422532,514.608613878309,325.846078827487,276.129196841052,246.00195016369,574.441249222372,473.350302796168,204.563492054044,272.216910141655,181.905824727879,619.260955981862,530.821981613205,297.995555018774,379.409732345032,445.108437618941,533.263095370739,600.7446522298,337.221517059883,404.068523960395,317.036542309922,366.329610462847,415.645241923641,305.615134007041,372.812907499533,302.35383322812,334.980205454368,366.099285800709,400.168180490892,339.339553627651,376.004625089021,327.716081516668,327.474714342779,396.691254134599,455.922881076564,371.038782335909,392.873295037355
249.40942854576,292.218513232087,198.422342589326,242.172611111519,249.315862682654,217.211343772733,214.817830577778,226.395301219739,221.526857839834,228.973739275847,258.487493139468,218.15030781642,220.235425492319,250.580122969607,174.356011305993,48.0140588109209,200.34371040514,176.574582177593,152.138675877501,226.834182534364,135.807088889899,247.757746326302,236.84962123095,-7.33435672496081,296.589156219973,172.366650170708,452.30605937461,244.325581194671,206.557428437354,476.662184993231,229.637473579745,244.742314619817,221.105208165017,610.769117368686,390.108596527811,197.047433293683,215.860217809205,106.197490035602,575.70087243726,430.874548243725,244.667322073924,344.01501440726,393.808636256132,415.930374166292,585.564861590709,304.061242081899,417.380177571374,289.797852599432,385.498486338875,426.162962096503,269.586279377117,405.27347601433,287.933043954185,310.19916701772,403.937823085114,403.072460573945,296.055204967743,402.86642031826,286.434711885984,284.850011530948,416.375946117962,449.471176489164,323.501834203855,423.545054239462
220.036706875878,262.848775017026,190.19481704982,219.470143424887,225.060922869145,208.094578542079,195.539186159806,201.357735434362,213.25799964048,202.685613696995,227.331484116246,238.066781507372,211.086332433779,226.959333438072,234.449853173654,109.936276455796,174.71654158755,220.804627050949,218.312661731332,214.932716729267,159.93158609218,198.117862616215,238.527349545567,6.25379869544563,267.491565170238,163.303792257503,383.77267534991,211.426087661617,163.360949557458,409.869196043322,121.858714043783,119.993919330856,200.575994359955,581.964775586561,288.392021218143,98.604218906826,167.76604930842,99.4285150191354,488.617792661127,268.722300898468,154.925942161395,307.33571017329,302.884759835128,298.492145647332,510.662640861297,242.280798990786,411.161965967569,241.256081011956,370.261619940436,414.21485386257,206.200851827803,397.218562152073,236.153453265017,252.44111670982,387.603527656621,393.445563065786,209.504811481256,389.824108061367,209.422386897026,205.357245738427,369.794506747992,405.04122955441,231.673326097524,398.082523475989
180.413127124557,222.52000177816,4.0541131831927,191.682301895968,198.82821656634,210.019747121825,182.44564052642,178.462246491822,218.682087978638,187.498769137893,205.600297990621,269.285304394579,222.079672430269,217.7387434139,310.249318282453,203.583392013165,153.860700211674,271.677548842566,307.76309881626,203.369174505947,190.636602468633,141.431691821049,232.763976799331,68.406533259979,218.92975020207,184.91442712078,274.273362970007,208.305691820742,105.76489019432,337.54243087858,51.573904592883,-47.4586575155972,128.193028305455,508.049885026391,225.621117867334,-21.1217057656159,108.463910327564,128.965834163936,407.713874426301,113.173616665481,75.413078816754,268.066103547231,206.719415051396,232.945828768758,415.128210308398,175.264875386305,362.164233025662,182.097224873977,313.529540670996,365.01110093972,128.107930143436,324.671843752097,157.952437640295,170.311624525166,299.300840954698,337.905062262136,111.452861984407,301.891796792312,128.914081813226,117.638507011303,255.370837770005,322.025280657789,133.217834049768,306.961040849964
137.696280814177,184.437116718823,-227.950338545374,160.675400559653,170.155715222721,206.375444615193,174.2569219998,161.928565614342,221.979293808942,184.56630225564,186.888727176671,291.230252874586,237.261328057191,218.197505076177,354.614535093697,276.29087422102,149.40512447202,290.405381974665,362.807844633586,175.820851870829,179.48911553486,92.8101153430177,186.908676474083,94.9597754735465,136.164058446609,177.740247314621,150.950192066041,192.211612845472,48.4865962025127,258.024081122128,57.6143231721924,-167.627386059004,-22.3115104036651,401.81303011533,190.653147246687,-28.5894118070809,3.59101008955345,110.022252792636,338.726650880046,32.0134766365888,42.960830743021,187.887958551766,123.43966117831,194.806774124576,304.553126404353,111.567816432763,255.695796980468,114.539928846072,212.008690965036,267.659655579431,40.4895171580683,201.758067605961,68.4037668336655,68.8827495093645,163.650760933597,220.557099651472,24.7472517653887,151.748500811834,58.4963999680716,39.4558846491245,108.844787080866,199.812328316317,51.4127359479008,173.022920467848
111.901205398043,170.85422171783,-300.411573834574,143.467753887098,154.572656439778,195.068811122647,170.474656472317,159.907141964096,218.996737087817,192.380929387983,178.714956282249,291.801571139696,245.631924113091,220.696597946443,358.435013958486,301.884200626421,152.146023649983,275.520939498014,377.893334075558,135.153604168435,134.169481641051,57.6880192934899,119.713217845712,52.9364581374466,57.0861279387059,115.947791860693,51.2910911832717,140.625691595273,-4.19890777913413,180.107893179462,98.8190795518471,-183.725474943129,-155.113817135352,285.062131210857,139.252176257987,92.7258232926876,-68.1324900297004,43.9166108224509,253.695210963844,29.327999583474,83.1524310582933,89.4542629572083,62.0990821573347,155.484269233136,184.145170923312,67.0811080139102,137.563568267621,67.7216835493913,113.993857896902,165.890720575729,-24.0674474408481,101.118593422122,2.98007447736258,-11.8802031635185,54.8583946452446,114.808707965582,-25.8794023803171,32.686485994122,12.6468066531691,-5.58718852919681,1.56470582235654,90.6539847521146,9.09156514778495,70.1665735292498
127.870100182171,198.345410880949,-317.510075088501,163.374630916401,178.206882498047,202.222870510856,184.121972787824,182.054060110751,229.290176657586,211.417883885161,196.140818837901,288.038684843597,260.139634049534,229.948983961051,356.698185197486,311.052447112183,156.174894214548,264.24004010174,400.494954251324,104.020795451533,109.797584834205,37.3697902195557,76.6294519798395,1.69095074586455,23.8812813009638,41.6083818508922,-1.4028808487296,79.4484457082107,-43.8636392029983,114.855593908672,104.280359291249,-111.204568442045,-141.892221847184,179.577483403557,68.0350684162313,212.440941449374,11.2340062483732,34.4326935171612,148.032979572216,63.1631416998487,197.779694845935,82.2679290401058,47.0060882367122,143.268945050014,90.8253210541252,76.14345643675,93.885069223385,89.1917725405838,97.0039816842836,135.781638596927,-13.3329419926893,91.0137656901219,4.69016723936895,-15.1941634459339,38.8073984725217,112.403112502842,-14.4915589170257,28.1693410270289,15.273520891316,13.2307056855322,-9.58030119377521,66.6928757287895,26.8636683445038,63.0833065000879
189.633563382142,261.643484732475,-424.086197014103,220.468909415765,240.384643131701,247.084259661502,229.983757653807,227.431807202061,270.696091815389,244.480836143872,232.334768701091,311.925142269852,302.759930374314,257.029130438669,373.318957687384,345.791242757421,170.648883028968,278.677670672896,467.697776940829,101.239725835967,134.26640983122,35.6577717735139,78.2204484204601,9.49601109255138,36.628048398561,16.6541823605714,-7.22551809741528,56.8487577553618,-46.0225967144479,73.5743518015622,80.7351097842957,-6.88557785847185,9.1426867086837,109.176795217414,32.4884511173386,228.996627558792,219.339267143359,138.291102126361,81.4615630625713,111.930347079996,335.768453325819,218.759630931458,91.9018624257479,186.804417428663,55.4320167312304,158.435013965382,163.785921270449,190.128813687002,184.47025592276,206.380292330341,89.5679247479167,172.839989793262,86.8400960247633,77.0008029206184,119.813977146161,213.310859890364,67.0847755857837,128.367237324348,77.7079915056552,102.21451344683,69.9991823931803,140.366771502971,99.5485459391547,144.278429668114
268.356296774327,333.09926217805,-475.466519954638,290.101929409864,306.4318134143,308.75015104923,298.482312189033,281.430937214233,334.492749313473,292.8200402453,269.87555857488,365.809775508206,372.974774701635,302.280333292742,394.558914704289,406.532331354146,200.486120960349,307.182370639984,562.52329921738,128.415201423565,178.948600678082,52.4040830822257,111.470969794803,70.8027137475268,68.7017347551681,55.1019957686201,19.4592541817723,86.2799764548116,-1.45954101886085,75.1514701011161,90.2515773084674,78.630639483063,163.382929561456,93.1357975768513,77.0424823066823,181.924633387405,397.257584008028,286.857276130224,108.038533851737,180.18751458849,414.268685170038,395.539937609602,155.544865132138,249.091213759456,59.63373923926,271.198077969453,291.101368334034,311.491185646165,313.31465577417,318.500922393052,233.265012806939,286.897261076751,213.043806159656,218.988130892869,244.520913832157,334.370363152189,191.692822894855,256.608639706691,177.570096911254,223.415202803997,181.145654800466,252.593984820027,188.869846650847,252.732120738985
310.915305323404,368.873405258913,-370.610819629333,331.189785454259,335.234333146607,335.198397215922,342.808465968997,316.902881646547,375.904947468487,332.096490472506,293.979323378803,397.872914620846,423.634319075785,337.726677514316,387.388307448289,445.620853376275,219.943593244549,319.721482514676,622.927231199302,162.260496886075,202.686631668088,67.9067056838839,148.877406301675,121.053870698065,92.0617219292081,110.514618372379,50.2544815121261,128.462285731261,54.3155655874223,107.803975369375,137.467321027633,107.388241294568,206.101982237478,103.845630600588,156.551520741713,139.630515125245,405.828237012433,360.057998663982,177.140904971785,240.247892954013,381.818147836945,446.617501921695,172.640273862249,259.165936553456,53.4935422354629,331.439070575398,377.499804055707,368.056593323893,390.048619360019,378.34156075919,330.0093450458,360.416468474445,311.973030522287,323.748153454749,340.628451701358,395.001539481305,294.801198041368,338.792493982569,260.606794886155,312.987065111241,260.477468399641,328.231964750195,241.573295059106,325.734875112867
291.139644295348,349.296923415834,-362.285680629261,319.336117930708,321.207064629708,302.220831184598,329.04052442461,323.600541656201,358.879452773759,333.690897672031,301.582931026663,364.899262679456,411.198728011746,340.152287160703,336.6129863261,425.24735559194,199.920788196878,300.8896659866,607.82103119183,177.601302354158,205.973529327937,69.9826600905074,178.430818547107,131.754090307867,101.7957721175,145.863653453165,64.4682804996391,153.761623171336,84.006710039572,124.062406465915,169.871091712848,67.014301706113,135.077672398793,88.2779588252829,191.606849383424,94.8974147101274,247.232211461175,306.40899413671,193.444480588707,245.917660215507,254.200060628132,319.525844895055,129.606232415976,187.087207297717,19.8527823589338,315.621995108968,385.364231698939,341.075749800939,385.377820177527,367.447884611801,340.729332275067,372.217764433978,343.826106063164,343.278704150747,376.38513872305,386.178775632185,327.755927255145,360.672285626165,288.048129428752,341.9505470597,295.324633271613,347.583491356738,242.415512489985,349.629055052383
249.838700213519,312.19177057609,-562.599637716865,289.836960668906,303.093577634204,248.336917293309,290.95266981874,328.099464650427,312.710940396818,317.482107220353,311.8275909446,297.559697884413,363.931295360491,334.004560518017,268.39750182065,368.511232570943,162.132723618189,271.439870464698,547.49755991512,181.138260757622,217.46810225021,83.4477688281087,212.23136195914,142.472615544451,125.395823481118,180.731377679351,78.8458120450567,179.495289495254,99.7482867020508,107.455553280426,175.395047277142,-8.77091186644001,29.5278568372494,46.8764101763838,185.499083679035,32.1232137764327,38.0626972602628,177.945323442377,149.476281843739,208.524024124388,92.7676544719034,110.139734843309,61.5020937950309,56.6697851084416,-9.97230202124756,284.315059149298,359.3249028919,293.137814188035,353.743921697163,353.519802285198,311.305039446757,364.546169136606,341.07090103461,319.786824737478,380.056829014815,364.102197844576,314.684822911265,365.799226966589,279.040745766505,343.126530137816,323.14163099495,353.516237422038,235.620647595769,366.246330947892
247.324113191405,309.251492202672,-461.57225600503,302.07599962816,317.885145206191,228.93174799296,289.47260029116,357.871115683244,296.229481850925,329.982418073751,345.040285536895,255.923909068708,343.175351977145,356.683034272696,225.177966453726,323.228427151908,162.351655089517,258.251540553278,498.145969313924,200.543252807389,243.085195638249,134.094290518,257.725479502335,186.426779824881,187.488113568394,242.175912504419,126.81076441902,227.807734103293,136.988643611327,100.668431239505,198.701044942013,-64.1142964107028,-35.4070963792318,33.7895902767224,204.149964301163,-5.5414412520602,-115.867597914306,56.603516033127,119.371327398005,188.837288210604,-42.9037192377717,-76.2975436092688,0.562719650646675,-95.3987598591626,-23.6448016680856,284.107050604388,341.085932736386,277.299338822328,344.012866879542,377.137254855843,300.767950693246,371.48301096778,349.800248954413,315.461402671555,380.473434107364,371.243673563802,311.661251743531,383.733731698928,277.19879618906,355.977578949368,365.218435354485,374.986975391995,257.072575856211,404.387315655341
267.451188565522,318.178471797219,437.217206880644,333.011854057684,334.937327035337,230.091948723742,310.882434707408,382.205875741997,293.77429455758,350.949947197255,369.615274989333,229.426200364738,332.937636841623,374.845491246537,195.259166121906,275.873829772033,190.506223885826,239.301546971262,446.58445254146,221.616553783666,243.76252939764,182.333100671624,279.206772878291,223.585739456049,242.032267846557,293.150284541922,177.161136761581,270.980749895403,177.976438902958,122.581908545411,238.340409431637,-83.141862461196,-53.3994309444405,50.1952371400881,241.300105197473,1.26697697024059,-200.682047594255,-35.8567543374871,122.163402889854,184.605248464924,-137.329718485572,-227.45041567641,-57.5784667168988,-250.02817728822,-76.9400856215861,270.794062899395,298.292365778941,261.992219309192,316.714894326988,375.77717834119,288.675095803508,352.816516884012,343.623339852767,307.135257922148,348.682956025853,362.60510723751,306.09029272955,371.409573822356,268.835240969985,358.02557393527,371.405642955788,365.523880674396,263.598162074839,413.169030750902
241.871234374211,271.788672767799,1690.78043110407,297.885607265581,292.085049861071,188.721609405926,282.853542586869,346.115394455022,236.564347997136,309.858656347018,329.453951354537,160.628056414881,264.43192087665,318.918230975576,130.318377567705,178.587927502149,179.939736776121,180.092738043502,344.656021007041,200.872613053594,195.059693651882,167.058374399838,242.29803355439,207.219048398868,215.097030029608,282.925435673196,140.402823198209,268.113322230863,175.659259606893,126.194651702899,235.13190372396,-85.3693157094793,-50.4814322577651,21.282250834408,220.517439142516,3.28001602190849,-235.38326535491,-112.624613193883,92.0763408225628,126.260669087936,-198.463557100203,-339.455342051907,-128.755136588472,-374.500028320737,-202.771497105049,192.581512098394,190.636909090961,200.063748101638,220.827693955755,277.234304663945,223.940158328851,257.700153871955,272.578148210345,238.083561267397,256.257061531197,268.71030660029,245.740791258476,281.439420983591,206.519194317108,304.239829922903,291.640214419029,275.073830592754,202.110083447996,334.199473584363
180.252505895531,190.985825039679,2294.59905147381,210.172839820488,215.377965504255,119.232720783094,212.317222663565,275.070801291662,144.617716753513,221.660456902408,248.191982460324,73.9727056752589,161.484965097425,215.999106786351,57.3234547541192,68.8854886969997,146.699978069212,122.724169805199,242.419016527161,168.165314496336,158.782251920613,126.782618748501,200.119483886811,191.396028018291,145.734410205679,259.877859371928,11.5251122385046,254.268001816585,170.021673364784,92.9426227420095,204.498743395165,-52.730884334377,0.569803889984962,-69.808833411489,146.206549661385,-5.29449788103838,-179.876411872596,-132.796034495375,14.7342088766367,31.0500926530761,-199.417363819143,-341.641767184856,-175.312636489447,-394.555150920118,-312.675454383701,107.078493490394,72.8754140776839,135.80701444689,120.285320153969,141.029007004072,151.05890633737,142.269778855472,190.323072842554,157.069729312147,165.10690019739,139.769966489266,169.304472392386,176.337251708956,127.690710093581,229.348258241778,191.666650312593,166.036993172167,126.121657616066,227.61931277563
140.954541144998,145.769244460525,1908.15103116387,154.490669179145,169.215443026462,83.442701824637,167.984052364945,228.390797388632,93.45858003479,156.402554159754,187.154435418506,36.8713378103405,100.203377600046,144.144427812631,32.1667985551037,16.3662979112557,148.653031412287,111.196667458356,222.736180671339,171.448691531584,184.006814838894,127.7236310678,204.381851794203,235.861426243356,118.779774560073,286.357721644932,-122.780478275818,268.724953296515,226.787169753424,45.3617789712279,211.780898182752,28.1011726443333,115.68155207777,-161.269276095926,88.3088002061298,20.665450037614,-24.509884196194,-58.4791692963815,-54.4422172427033,-3.50576300912651,-118.495877512736,-222.695606320116,-150.658601997345,-282.580951150068,-318.391507472357,86.3956773714733,15.997842682571,122.313935078731,92.9945197513885,73.7309419713389,138.97291996354,96.2083859418566,173.69005984298,142.185654619432,142.334362299018,84.7709920644736,147.788776074381,145.445509023453,104.960754961188,191.078895246573,160.446205361207,132.631197410865,107.411539745504,187.431146585304
107.881127547935,115.166734716034,1146.10994106502,119.979584519039,128.690104444819,58.5990168150051,139.901524084252,183.679373479466,66.6505299953251,100.813070717631,129.531700347608,22.7719727503535,62.4862440967131,88.1059244079186,11.4895894708912,-9.06369089514885,141.96114311168,87.1607526468054,248.541681259186,154.206096223285,199.082078397048,117.988236212555,190.095767399581,277.077607490819,99.6070625354081,303.204813322133,-214.569630247631,251.482554156485,286.21862267314,-26.1334255441897,229.455809289456,88.0134058324856,217.463144487467,-225.887080251129,47.4777549884235,61.9255356961958,112.612554348053,55.057284312397,-102.295572539694,36.4562935694284,-2.16733553800632,-90.5604441949926,-79.3256520491364,-114.694097441695,-256.77578479229,87.8054557198707,-11.4328932811243,113.846764878703,85.5571953994301,56.9753733120979,140.619197320706,92.7334060318562,169.305869843731,144.289383230554,142.56159251704,90.9637830574787,138.873874395973,155.42269788665,105.172332308186,155.808631634104,157.788848265792,148.522834022502,101.993308191657,185.613217168875
44.3238277769647,49.7813999820223,671.910981159,54.3877064494708,57.6065274168476,0.079152235030385,78.8318439162999,104.796603328444,9.75208314672924,16.027632709095,44.1374097459402,-25.3276767251029,-0.252849102829083,2.25029221252263,-59.7956775086175,-58.6600659693599,70.8124630566574,5.40061435967633,248.619422006995,66.215777244372,143.74787236746,37.9303609231766,105.75294093853,252.5014960774,31.0135267632042,251.358207955578,-249.443832174926,161.314007767204,260.634275528639,-114.838204229378,200.224115115985,78.4895108080427,247.014588163506,-259.335041392557,-3.46112355795092,72.0882372283249,138.799462610048,144.603837120322,-141.978244422183,93.093669902507,89.9205666085238,-15.9827772899485,-3.36996876115597,25.3366255631504,-179.250901862363,52.4654270842864,-59.5614751967187,67.9785259889385,29.9633181302858,16.6011481866659,93.3895165509795,57.0754821669214,106.917874917074,88.9883468068471,97.3792763249858,72.8626840505434,78.6982553673365,126.537083926002,63.645956919544,85.046019077166,107.831003549804,135.190364304362,58.5227645097138,150.233446371122
-27.5089502059047,-29.1376911223613,471.798897134335,-22.0190337370364,-13.6425242845947,-65.4296400627179,-3.1954658660379,19.6308596859442,-64.1936535544647,-71.958816049891,-39.6113516693773,-91.9677397876863,-71.202111066459,-86.9197226037768,-139.492045301988,-110.425445584752,-17.0236694899651,-78.4614229244686,223.550520811629,-30.2538311013723,71.3850831263863,-59.0059306415285,8.71037112350629,204.244636030388,-51.7115679215509,176.730554461136,-222.609913704308,51.1914448367087,176.836980287328,-180.238172024046,140.944757591992,51.6404730376243,227.589251432338,-246.772567217907,-49.9928405147299,61.2258197917361,104.80731038501,200.13047973273,-163.312597713903,131.467923963233,139.522844996656,20.7769813505624,56.5889854731671,101.462369382642,-82.9064283920119,3.4250345578982,-108.542514725751,20.3169439429887,-42.078696990617,-52.7727780088846,34.3341085624795,-14.2876920488866,31.0977756834017,9.79629950977548,16.4874786539146,7.50333978062412,4.18141788212466,50.0068439237053,1.39738646128137,22.7533952714085,22.4154619674021,79.1639074118941,18.5618464749534,83.544419021462
-86.3563879300271,-97.1839998545223,187.515561535759,-83.8217917549119,-74.915471839809,-112.889937963245,-78.5965630359793,-53.3391869530429,-131.003200202266,-140.864539997206,-106.9930208975,-148.495174003735,-132.792517928898,-154.162446646459,-182.890859389472,-147.355374666937,-65.8756593530701,-121.140847272978,173.699508775713,-78.6420379247694,23.8980158488198,-116.757708064908,-59.5366825694367,160.231936210419,-119.040955759502,106.461750891599,-191.074059024045,-50.6421978140311,85.6005832118347,-235.049525714132,67.266402622607,50.1771457770355,166.027214721388,-223.816658946573,-99.6465869950445,46.0339252980205,76.4306582860773,199.784191148067,-180.439194914511,120.048623695384,147.004236805294,24.6240238413881,59.9232677273571,93.9536627168902,0.0955385100803312,-34.60721624043,-141.473619817627,-15.2306837711554,-96.7010560677064,-130.204432865852,-1.54001476058445,-95.9030489566169,-9.08962784464197,-43.3692816351952,-66.9951170553718,-89.527071447198,-40.6071846512489,-51.3188197795655,-45.5560258610507,-4.80317606761072,-62.7459276214068,-9.21828950554865,4.91598761660053,8.04181615196836
-150.523955864571,-175.34458175795,-218.005790085686,-153.600996322552,-159.27386475561,-166.487923295348,-156.391470996072,-139.707475181393,-206.599025881832,-215.692065871147,-190.536973096273,-207.127539312533,-206.006958105845,-233.591481562715,-219.681066983153,-201.88819348852,-91.9542582037372,-158.673977686334,71.7758465852841,-107.96673065397,-42.5837158454765,-151.692064628128,-127.441379385519,73.0595173773617,-187.072273714657,1.94213632837442,-212.365514952107,-163.56891178835,-19.4309169904126,-317.367428776432,-52.1170711751171,45.3207989456752,38.4674151514151,-255.525937322595,-194.257675695085,10.6070583388179,37.3568816254199,118.329331585308,-236.890123469062,25.8490934537007,116.690579665193,-19.5349405050268,-25.9122392027395,14.9324614031902,7.7485310204642,-98.5512872025859,-192.421896221786,-92.7550420170879,-166.00505480799,-216.631115867364,-58.6705279382268,-187.648504767649,-53.6551112009168,-97.416583225075,-151.472830396087,-209.509246120319,-90.8053746740397,-168.582908192535,-100.864786132667,-52.7002002273368,-150.646426864478,-138.516147087367,-40.1709319866016,-88.5248114618618
-239.056667794281,-279.777355018095,-507.416253143002,-251.258095112309,-274.687007162299,-248.962641466121,-254.219946427958,-252.555872555858,-303.091645942239,-316.977780654669,-304.519931584358,-287.981776159316,-305.80246035,-350.498643029487,-287.867113645289,-293.767289465796,-131.44956362191,-238.691188656861,-81.0939428303792,-165.976889409131,-169.483794450518,-189.556898037709,-217.437378793046,-87.1977885387787,-250.274037190758,-140.752488851228,-261.778720024021,-270.449057733414,-135.103619910596,-410.097664781145,-215.904547457938,9.2377459698103,-134.574881017313,-347.406867552099,-334.593167590183,-58.0862504145243,-42.0441324099609,-14.1696675087039,-349.884838537505,-136.27597179342,55.6627850834016,-82.0708264098408,-171.921782010175,-78.82006673775,-55.7764238823058,-224.658613305417,-288.492059848792,-245.834682517883,-285.363791710071,-318.5966279776,-179.071371762521,-297.379314890025,-155.82842439008,-203.114452347135,-256.580966208175,-339.635020393637,-195.926474597282,-298.443688422071,-200.018740101071,-174.67509337888,-260.190325079365,-304.650303205572,-164.057334361163,-219.515588931455
-333.737838772855,-382.308466180398,-628.40563295596,-353.415469761909,-383.344272952177,-338.394401792659,-353.862998538759,-360.228408672744,-392.843110235242,-416.719731369796,-410.342942652944,-370.506547615259,-405.89272226465,-462.337264402821,-364.674894535984,-390.144004614541,-183.563126309563,-345.765361704087,-237.69205638972,-245.837875013734,-322.54829725404,-221.480329429834,-307.089836727837,-265.774100608324,-287.709852638542,-267.218851919968,-285.852587021483,-332.35481212934,-221.31436355202,-471.657399650365,-362.124228100503,-42.0102950453414,-293.452736789045,-436.99992502744,-470.982618154157,-149.137553270824,-134.663354949139,-139.909802522383,-487.737443677032,-307.102697489871,-35.2892426088185,-120.099604014524,-316.689544150894,-140.783354517175,-125.036808584416,-369.596724054058,-402.173788368306,-413.513985860454,-428.742791202408,-430.249824602095,-321.584681048791,-412.558026467587,-288.265944003617,-347.993142479875,-385.622157887186,-458.1191549302,-336.570144277148,-428.466014852055,-320.132776555272,-339.942849385135,-388.051911425695,-467.802523214533,-329.177689094098,-364.629767945884
-392.589147513796,-440.643390995202,-731.167972152572,-416.256864461405,-443.712807964918,-387.562998899132,-409.95138339998,-421.111695260195,-438.726509948183,-467.153906879048,-464.634396101619,-405.640260951121,-460.694281011907,-510.877003335724,-401.698533173281,-446.128383306697,-227.43787444085,-419.115553885522,-341.365201539136,-303.963732901508,-431.524232242742,-236.055018291923,-363.530490609993,-378.190059696195,-314.54496116552,-341.379094932598,-282.17169648646,-364.659394009334,-258.487559393991,-505.393072293629,-458.700998198148,-91.2886329160476,-406.023180777661,-472.019578540814,-593.613148154115,-242.104726929763,-199.337419280933,-242.433399521638,-608.717370067324,-449.579348679755,-148.159864760208,-154.349900163403,-425.768681395542,-184.129345878205,-173.459328665838,-450.472299956216,-484.366464919894,-501.140283715329,-529.58915366396,-529.223909620023,-408.006374930106,-499.12259878034,-374.552409530005,-461.830743753374,-501.735787009758,-543.357364345977,-443.812432341697,-530.878221412155,-398.295237597324,-465.830478620197,-495.084390088778,-577.089358401916,-452.121850406806,-483.278648716906
-402.701209149385,-452.694560863932,-871.370645975153,-430.613303434436,-457.903173544478,-386.740868968216,-412.825995908219,-433.26833211778,-440.587566541844,-466.281145717073,-473.625754554621,-391.281676542102,-463.19449457837,-501.993375001515,-399.426200917344,-460.850088590288,-265.356746073635,-434.092454007415,-376.910363006701,-335.608872353965,-465.974484965809,-260.464242006738,-388.545966844786,-399.182745147856,-361.558033394044,-372.522887299262,-295.260932114366,-407.561951093503,-260.189478491149,-541.231493596734,-531.155154494184,-149.806665418554,-477.574844130285,-471.448121366316,-737.023757959224,-312.852507367856,-240.764454837537,-350.668762149789,-702.887830609647,-567.434416952251,-237.378129917278,-234.120333210668,-491.436234062424,-241.094442895726,-236.342281553179,-450.03987253826,-514.319658380611,-491.69285261683,-549.402467959568,-586.631353322653,-419.610600535327,-533.043568872579,-391.734081375312,-500.217007215616,-559.106875587867,-582.526022735922,-478.647353206388,-577.203329112429,-411.316035183192,-510.402650145637,-542.417218510346,-610.744401323153,-491.510862933087,-545.090603508319
-374.654029019803,-433.874967034464,-966.119031447446,-410.936271407838,-441.484126458025,-358.273299039717,-384.315822298689,-409.290938680165,-411.617668354585,-437.480021335798,-450.123682261373,-363.698619558087,-433.105882380872,-466.40645157955,-380.793398057719,-446.135679035618,-293.343300974415,-402.63129645686,-349.960507809417,-354.106603046841,-425.432467379906,-312.859708572935,-386.807211503519,-341.07851338349,-397.788903794333,-344.920453354727,-341.928565763773,-405.335868870721,-211.450721811822,-541.989142877515,-535.074306547113,-198.014457070234,-489.054527010503,-465.376824602778,-815.299440589614,-323.06891581569,-252.982507637495,-454.057862136509,-741.555469372247,-615.023869881606,-232.685803562915,-310.794358013047,-481.860314962477,-274.053868081219,-302.926884841995,-404.390276233912,-482.172821987194,-423.880281382009,-487.86947661305,-566.843355709487,-386.007819743377,-504.625845017835,-365.213544734759,-463.315683570591,-531.621742704804,-556.653110406847,-441.73099454039,-544.432423821919,-376.396034670543,-478.589730334864,-515.755681893378,-563.037520545221,-458.170330095949,-526.553393136602
-305.240910907496,-375.048781055569,-946.428636557755,-349.34429878244,-378.614726516058,-300.401246888285,-322.951514721811,-337.599491397824,-345.378241498466,-373.543517594065,-372.463154611915,-321.757731989661,-370.33795844059,-391.850086567208,-334.72140460631,-385.152162804246,-272.304084163407,-328.023568021105,-251.288207813366,-327.589748465798,-309.976126826401,-349.341470828902,-331.408214271011,-210.915254821282,-356.281147593215,-218.891003316315,-386.048343095523,-254.162792774567,-77.9093006509886,-432.993668774662,-360.541086402416,-164.818900757884,-391.879645739258,-435.746261011563,-661.385443279743,-252.832854558919,-176.650361716155,-472.065307048737,-659.953204315054,-500.776704077517,-118.020100270076,-258.716807585626,-361.194125022556,-203.399117638151,-286.501869870799,-326.84331565576,-374.670351038385,-315.772050384611,-359.300996102994,-446.924682066905,-313.818436325741,-404.508632558479,-298.779483443207,-359.310340188582,-420.209440388029,-448.539903419655,-342.760987269643,-429.495647312444,-300.9417308362,-375.373149743638,-417.307710961531,-432.111981762734,-369.802770550023,-416.051003001697
-219.609195246149,-293.391222944441,-785.522628998198,-263.111134299867,-285.24011377956,-226.519471536132,-241.458684060182,-240.965861932611,-267.396826758602,-287.620037207302,-261.087203027943,-263.911939779521,-293.180053029315,-287.145296757902,-274.205792502114,-298.073651354095,-210.170357673354,-247.292830175232,-121.045623843933,-255.768006681153,-179.210338256034,-344.15702412527,-242.575116627366,-72.2225956118625,-266.880575945,-56.7049878577548,-415.981051817468,-24.7463902097975,80.3826164962395,-270.92057923576,-67.2765310684152,-48.9122268024454,-218.223254937939,-397.13173679871,-348.017588338789,-150.691366875132,-28.5361194013878,-390.549348387955,-492.096913546074,-265.383174868977,17.4356675627094,-84.6935443218832,-188.368117755007,-51.3850585857069,-170.929646269118,-237.248699609762,-232.779051664021,-203.324124199391,-219.490661966215,-279.040674106734,-215.583257444883,-268.860237031827,-207.654123138246,-233.155642896006,-284.732956985907,-307.985738291591,-229.249916372153,-295.068469327013,-211.670145655076,-242.421190282079,-293.66821773846,-272.99940945091,-264.262567873953,-267.676883727951
-183.148145370723,-250.587776545672,-466.757498071109,-220.813636875706,-234.782446349526,-196.054686688347,-199.87234378713,-192.724984656992,-237.924340694424,-242.300687357564,-196.017961669293,-236.491353399983,-253.64346305164,-224.102567147106,-260.980875413763,-256.281682293062,-187.654807600768,-232.00207554572,-54.8350339870895,-219.798007496836,-137.582572557609,-343.438816545171,-205.190963919081,-28.8597767158539,-234.231510606606,0.87245886972313,-454.803595497356,68.9586848251164,129.578186738687,-207.663223288294,108.800533897572,35.9624751024791,-106.312578188009,-411.974466567196,-155.718200050504,-87.7344765218191,40.2538646316217,-331.456359906939,-380.286011737671,-85.6240806826321,68.887159592589,28.3510080024309,-85.873683526145,57.3428577278648,-59.0345521149588,-190.277564987348,-144.583709038931,-156.111305243594,-154.610288761661,-167.780829871191,-152.480345628137,-185.820473786829,-153.644423211388,-167.77113742646,-216.517038486315,-230.520414325998,-177.235827224762,-230.28271305922,-170.886486287356,-170.270025448141,-225.844891433367,-177.73700580779,-206.865997167444,-183.246247810129
-190.744311796231,-247.99483622217,-71.1791040151829,-225.817562487737,-231.422329490043,-207.465056734683,-204.446940385549,-191.787937720304,-241.902034105681,-239.07657833327,-184.871558643265,-241.341394435889,-243.93760175784,-215.526973615614,-286.465755564032,-252.320971611892,-219.426162153631,-265.165871174898,-57.2907692822916,-238.931376364755,-173.70176482209,-352.126332387478,-220.616187920055,-64.742148579277,-251.402858662008,-50.1332751259517,-459.897299029794,-11.0157428067812,62.9270880909534,-237.330125551275,89.8863670894918,29.1106825884568,-118.77038816436,-448.837640678308,-147.076810856272,-55.4806346665896,-35.4545122859212,-357.948895213907,-352.723586041657,-27.1083444480537,55.6306454702497,-18.1669152375539,-68.1487263762038,84.8399298818402,-4.19024537632104,-187.688152954125,-126.198361351921,-171.37675685961,-173.011578108545,-136.045615181772,-144.962484019207,-178.120489857188,-151.089088792855,-170.386157908221,-222.760504187021,-217.888148893173,-184.971634507159,-224.947754077355,-178.537985755529,-172.24594338312,-220.232955634239,-149.907653982873,-200.633006945842,-180.471063773666
-162.528326997932,-216.173575683504,166.597402681724,-197.894991330952,-195.842570246484,-184.803664298898,-180.63360534593,-154.095190888062,-204.661961327687,-202.339234047011,-147.593017646758,-213.910258051012,-197.525416162518,-179.809898237358,-268.163631641328,-195.662695736482,-219.110270895204,-248.246116158362,-27.1247910120534,-224.220930023147,-162.877991844428,-299.432287102972,-188.353245105851,-53.2116827062918,-206.655561005495,-66.250362366276,-349.969837802222,-79.3144102660505,25.2226293522588,-200.271100472568,44.2287841512152,10.2784776733428,-154.489291551527,-397.485479238665,-125.218861415157,12.441336035541,-114.657905721672,-361.578904205229,-285.046544489072,9.4468571092737,78.8072784619141,-106.436663166191,-38.0792628531375,116.207936271589,51.0426547576938,-170.771960994389,-114.014073321478,-172.239601301585,-192.973792804248,-117.701165303771,-133.877579093187,-177.200890660693,-139.056051908871,-161.380381479864,-226.049783133602,-187.84286870908,-176.82576502229,-197.875136239137,-158.469232307208,-162.461699796478,-202.519686453369,-115.923358428627,-172.969769017984,-177.626665941143
-97.4677107135684,-152.820244200461,80.686354900607,-131.449671221106,-129.01676734808,-126.152257946535,-117.330444687628,-77.7248779444295,-140.216095645692,-127.436410942442,-73.2303820548322,-154.75272427846,-120.934302162165,-98.393672669243,-206.180679450584,-85.2059897994254,-159.528217736836,-171.604543020113,61.1904854028961,-147.410171100841,-79.182047464101,-182.033153787126,-89.9045051508984,30.4410507880227,-82.7881201860725,2.55702245836521,-154.1931109316,-33.259096387348,81.5892832795837,-51.2345694387182,76.8028509697041,48.0438885098147,-121.601867531343,-259.892124255993,-7.84049263473221,114.320299051374,-81.2469565190705,-263.390098220793,-133.259078158458,75.1514618591955,147.689764771669,-112.554706313058,36.2464499207928,174.128957022504,131.144625306082,-139.322601875383,-89.9927925789167,-143.630035381973,-178.838100186597,-98.104535100638,-107.899947858095,-158.779168781011,-108.72917056281,-125.916185829151,-198.238657938058,-141.352314597131,-144.034520563994,-151.245065554548,-102.444179130105,-118.455817487456,-157.124346229062,-73.9219959913171,-111.523688571711,-141.973423235201
-65.8072574656326,-120.609688806094,-158.334881287058,-98.985349052871,-104.410629658381,-97.2048346251734,-83.0417596034279,-40.7301998949145,-117.31396192498,-84.3880881539513,-29.9179880000505,-121.399884170404,-78.783296570391,-42.7413666851187,-163.771431434975,-4.02622592568126,-104.52361064102,-108.480314849693,139.198398137778,-73.7079974504922,-10.7513729492637,-79.6729498549059,-7.25687176452937,91.9192852564688,40.3520520847244,64.8888245912821,15.9581108933304,47.2965730779247,139.620288057303,104.585936101274,102.580075931121,101.781059575575,-38.5968837336392,-132.1981730366,94.5875834721507,168.726286043563,6.67648809039415,-122.494009024001,12.4685310720522,112.91918107416,174.487133999696,-55.4300635524435,98.5964919592846,184.223442696613,192.116660454745,-140.110644873902,-82.8233488206657,-135.362474173503,-165.803758789615,-108.151107502048,-122.027442573895,-154.061692844256,-113.817403605446,-122.953132391811,-169.995009550348,-138.959125497365,-142.526473704277,-135.406150367833,-80.896363562416,-99.6655533399145,-128.5994727411,-75.2967322792028,-81.5619210126118,-113.61395866632
-65.3363180912524,-117.784149232433,-246.928353431415,-102.335082759486,-114.576273934074,-94.1312358468719,-86.2700560319089,-49.4786231386405,-118.045309644994,-80.35208009982,-29.2511692564411,-101.569362164812,-66.2310294529154,-31.7014211768643,-124.444624536501,50.8559867578539,-73.8319565184369,-60.615157873284,200.806954840592,-23.075303842935,24.5148193421346,-20.2288779476274,36.5094283152564,105.079131777804,133.824412667523,71.7922657762381,120.216911102946,89.9850000818924,120.448642507684,197.061156776637,53.0235239021296,98.6720250653734,46.9389264085622,-33.8660479752489,114.938166445958,115.286951542,52.4603638274504,-2.49036527278145,96.3715315724657,87.6777432404169,104.88322939638,-13.2136073266553,114.46554479945,110.642720370849,212.798092507455,-169.904513819674,-86.0397196151589,-158.898649975138,-158.180079805692,-119.443322569333,-170.269024733276,-147.032116352174,-151.368516935023,-151.504026772449,-143.43322254913,-153.684924191147,-173.151426604617,-124.73717932972,-106.316955278464,-116.088078006041,-111.132225992401,-98.3038948770738,-97.9978064116749,-100.998377173208
-63.7487337845905,-117.111610376534,-210.210158989184,-106.180978916678,-120.730320257396,-84.9564859645639,-93.3556650435117,-67.3050615127729,-101.617058814823,-84.5064037729022,-44.9667190737206,-62.7402957128577,-51.871246759425,-37.03677611585,-51.3683089202601,136.222443575052,-51.396857100357,3.14923331483505,283.174115461847,17.2891423779433,63.9682493595371,7.59691518123921,64.0686978433569,117.401459226149,191.642823141547,50.4367945996717,169.087287758898,89.9349627099846,32.0447257676751,219.723042922223,-36.5799241537337,-6.65630434041439,71.4838584426671,52.9429846687498,82.2663646445123,-46.8731738912942,-1.94540503307469,53.4538118006452,123.385780004464,7.75596068995512,-65.8568099265022,-64.5953776945557,68.2245066829316,-39.458987064319,181.007027872685,-217.922904717098,-101.198462845267,-206.468692121064,-153.783852083999,-115.847636130395,-214.124999465241,-131.845782195313,-193.749638975411,-183.167238832366,-133.926565994999,-147.789221221793,-214.032417376588,-109.272221113224,-151.157950822861,-152.411609494786,-104.610794240997,-110.276639775475,-135.972487498255,-107.662673011858
-92.1205224649266,-148.14870882158,-305.937947026649,-135.093717424483,-153.674759837764,-96.388649545977,-118.260492522607,-103.077552630898,-99.0265061954898,-109.752481772482,-86.6107942722781,-36.8360923062075,-58.2086191042932,-63.5196987630401,14.1101649259624,231.241156418005,-66.5235072335518,45.9928571379712,356.549670260791,14.4403352188588,80.4695937846881,-19.1638570866951,50.3978417322008,132.546037330263,171.789544802442,16.2713970400552,141.290538501269,49.211766525645,-83.4621216929143,175.030608069433,-113.315738934876,-191.493139799452,-27.51398758669,86.2730333938195,35.7324452881276,-244.606302434894,-177.671610849795,-14.8849983411666,96.0967214473289,-104.620008464414,-301.763052816717,-236.861605055663,-44.4378572306555,-244.351661957469,77.882716812909,-296.047380421644,-164.876078967112,-284.797597095172,-201.200839795025,-158.226246410439,-274.532348254005,-172.954283450592,-262.942665801828,-244.665814860766,-198.039528197973,-179.242467526125,-285.728702791968,-166.71694545968,-225.54625012002,-232.536246046488,-173.144004416896,-154.325664107697,-207.933379997854,-179.389608574883
-152.487157964604,-204.713389833369,-512.976354631567,-187.156471345218,-207.718122244888,-129.533880927389,-153.4787253584,-140.254920897169,-118.884459874737,-140.958739496838,-130.021885513609,-33.6846349511317,-79.1110873380385,-89.8005959845345,45.7646289173955,296.677294334927,-117.507019982345,49.2784326701736,387.282310192547,-34.3580255888153,55.2701798170465,-86.2869472401218,-6.27617684105043,143.508328400278,89.7350902512917,-7.12726546721579,45.6971810007096,5.19150942429334,-148.345210904387,105.901808221977,-119.582406079064,-325.440130622081,-186.989476175422,50.5975271625062,21.1524219953638,-323.581085319538,-380.030301389655,-176.935110217924,49.996984763831,-174.693003814777,-484.863699170548,-413.687996046071,-156.43862348716,-414.275843584839,-48.0534297022323,-360.205757103341,-256.674430505172,-352.745235354938,-296.177921850506,-247.438661157981,-350.550451451838,-270.463834689266,-344.967661470596,-326.335365996553,-311.953015506483,-266.908223205833,-366.861451122379,-292.609168429576,-302.859196115988,-329.771981344781,-303.830756862917,-239.33845309743,-291.997274311861,-298.727760111684
-175.560437552506,-215.089761610153,-585.507466308635,-196.987145910274,-202.69759904292,-131.061189364499,-143.851355159806,-126.037093704438,-113.377234594397,-122.034031659528,-115.25718071438,-13.303100282171,-62.3189728210448,-64.9137671937551,76.0369672345368,344.211322686592,-140.816323251545,55.2485533935825,404.046837411502,-74.4849300882516,38.7808366879233,-130.211682880591,-50.8906070847531,169.144795268135,15.4642951639232,7.65240334720199,-59.8758824941842,3.23972718541555,-107.21130491726,58.2118471666055,-33.3106555428129,-297.785581928889,-259.461481253353,-10.1831281533212,46.6991814808796,-207.964853698622,-453.030687605853,-298.685699601013,24.0091936179081,-147.640009117295,-518.502236155824,-443.915442285995,-202.560014823323,-466.657093407698,-126.133013621292,-349.320675967846,-306.493884333236,-350.359145104615,-345.534294979145,-291.128973750412,-376.684733992204,-324.761312885775,-371.712931710656,-354.853219366763,-371.21841865693,-319.865869013185,-385.529479751915,-360.156275475373,-311.625201272,-359.804019531465,-376.653915280066,-289.744749786708,-311.729171936218,-366.732960859866
-134.618827087354,-158.818248983544,-536.558135116501,-149.549109976124,-125.326509630299,-94.8636222907481,-88.513195727862,-71.4457764029205,-76.5697505631411,-62.7514008041587,-55.716494930547,21.3124624720207,-13.1709435903802,-7.54362774598116,105.39503408376,376.911798687507,-124.857882806497,72.2714900971299,429.514955253339,-93.2585859049633,54.3702298190897,-147.242431575975,-68.1971523243797,198.032529043418,-37.8505291228157,27.4415921350543,-150.512876551408,10.7412580532523,-20.4349832529659,10.3407924482838,58.9452600431325,-163.995886391546,-197.402037297807,-79.2720438105397,47.5281466738121,-33.5956205349619,-357.802768085965,-298.000582637263,-8.44677888943898,-89.017064618764,-440.29449166055,-325.685127836634,-211.110582389881,-423.521400439938,-163.947444501933,-279.411550893186,-286.591146787026,-284.222786823324,-300.673001185226,-249.890385379011,-324.502563853462,-288.239362374417,-330.20181988767,-310.544081955847,-337.721975973713,-275.942379150642,-332.945724244244,-311.719167134497,-254.895742452756,-306.91282670129,-340.026561512129,-260.911074111219,-254.36448677097,-339.097985411332
-64.9740910436898,-76.4394045262699,-566.369721665206,-84.0029047657986,-37.0118806021851,-52.718787476211,-31.2223356960883,-21.1301074420165,-35.0040569571319,-14.1636120636248,-6.14745313522792,45.6430854965363,30.1576120924961,32.3334773161571,111.514685266632,382.768326739825,-109.753855792869,78.4077780508759,453.375003127757,-111.890899780372,74.4786652178241,-173.180495345102,-81.0180153781036,212.263062508617,-83.2059201748753,13.5486577004045,-218.889456999805,-14.3281245840295,24.8708718501703,-56.2644573475766,69.03267668372,-40.9404448632312,-57.5834375717022,-145.317367758462,4.11700243532773,36.380698098083,-167.024086454589,-194.430643483595,-55.3529128948532,-70.292599815415,-316.788241832877,-150.086718495224,-210.781791132943,-322.372667568323,-185.67988893691,-185.442346882842,-199.621380922693,-180.382853307155,-191.93354966256,-156.803918944316,-219.548049494032,-192.8324306871,-251.815185628038,-223.803999209749,-243.488356538329,-159.019217203103,-245.0283754201,-200.193300001949,-184.724076668976,-216.516550276439,-244.685023745944,-173.724579751809,-168.710718232967,-251.053453999095
-8.54865686589096,-10.4594837220037,-641.948813244056,-30.3457809240659,19.5114251096986,-18.3335904172914,5.74417849771456,10.911595492335,1.506088191178,10.2957674933449,15.5448750039284,63.400663080782,62.1904723242633,48.2889166307744,95.8073632559757,360.622290458321,-111.874569808463,66.9418928451011,452.82007242146,-130.941868011572,71.9077478005976,-208.284368085301,-96.584015502885,212.638497139007,-116.025318377265,-27.3051301110704,-251.569203367099,-56.3886189820887,13.8339613379766,-115.559367058842,12.1217237082238,20.8069929261386,81.8963803618072,-174.698361935518,-31.3242650505057,-3.70391160244997,15.4187848017243,-60.5142294417914,-72.5740206009047,-74.8124361723091,-186.994136569408,8.00852796164884,-194.194575508387,-185.279989176914,-180.971537699897,-85.7222457456991,-74.7389509577353,-60.6016173448012,-73.7125847810944,-58.107645898953,-105.70176376087,-84.3323821950637,-162.353511428776,-120.131700659075,-129.198888920164,-40.0561829371973,-144.180035250981,-93.1789578823027,-117.435589940094,-125.398435304838,-147.478549559659,-76.8723272607249,-89.7870361662883,-156.871051234324
-3.19183317192434,5.33360258986561,-601.940589530328,-13.7961569566535,29.0167450318537,-10.8853635973091,9.5555480730278,15.760591240432,13.5459820702449,12.8496686104583,6.78043273690213,62.7525447805245,75.3165679657011,45.1680367553537,56.9369334304397,304.383136567785,-132.720633481974,32.0833325621122,398.07512627007,-151.427301773496,35.3546822116922,-243.311642764069,-121.480771598989,178.578142477465,-151.284725552018,-89.2133410381509,-268.467140323652,-107.382570146342,-45.8734510195405,-160.520284711112,-69.0634358123998,4.74112949649178,144.094156450319,-171.271069197745,-52.5665045975025,-83.2499248256523,79.4409549831312,21.6280243436603,-64.9138901831346,-86.4676948591136,-128.218738314377,83.5356477605116,-190.983624596968,-87.3062606532558,-159.773575059736,-29.0501871999052,7.86021648539573,7.6442674103856,-8.86214928974189,-9.19716210654409,-44.1525891841109,-17.0771674901504,-102.889884935986,-46.9205592415228,-51.7224049134523,3.86281529329636,-71.3764119265779,-37.9287114750555,-68.0848585340334,-69.1132123429532,-86.7176555302489,-27.775670617279,-46.9236320077441,-105.642367485297
-32.3390758841164,-9.512934775169,-527.713584451199,-19.7625373104338,20.4668803813444,-29.7935533038631,-2.09162816100121,10.8885870400853,1.72685223916828,11.6026671193727,-3.20453986882915,39.3952343756012,71.9422200713672,42.4992900868828,12.4240283608164,234.105763834077,-151.059565060089,0.552579060642545,306.182549040431,-155.71371208809,1.93126802900981,-253.35193451448,-136.960487307678,118.878778823142,-174.774257393392,-145.873431544628,-265.634913052814,-154.061176957231,-124.738885444292,-178.279943151642,-140.986607078483,-59.0599838820183,120.428715902155,-145.275687994528,-71.357735895809,-140.043914213338,18.7574630919531,36.9533025884392,-57.8594495412029,-103.514571871582,-161.422989949896,57.8218331637596,-207.253053384472,-69.7766395415342,-135.735277788915,-29.2707857822559,18.3114394890179,-7.27218937835959,-2.78978922292309,-9.25574473917322,-39.5313063033083,0.618784420284109,-78.1761666490707,-24.8183978187007,-22.3261218230101,-13.5795607916453,-44.2443943110785,-20.3963591695598,-46.0685266318507,-50.4277812580787,-53.4901321432321,-19.5991544281056,-40.2736840896613,-84.6426975131134
-36.3125682570082,-5.01724718552447,-603.592511469777,-5.32375480233378,39.3324646816068,-44.2783057876958,7.42518880826432,29.5044918758222,-3.5548936813725,31.0496172024706,27.2932245990926,19.9865492313144,72.9464193414192,63.8221647757153,-10.3385872236676,178.787377132,-137.285759132887,3.05122018163492,222.136804430968,-122.64759301823,11.224965188256,-207.71242859302,-111.759394503694,83.3157470639365,-142.133902407565,-158.768881750808,-197.412899423789,-162.49782913319,-172.883698557506,-139.223244707093,-179.555319685979,-102.621883076325,66.3597359373905,-88.3111429350632,-68.1757776352492,-153.327823421373,-63.7284024324083,21.2646210169413,-42.3409755389974,-112.903299809262,-197.281701539178,-22.2288899490477,-204.063016960833,-81.8807357381279,-108.299579154684,-33.7435038547511,9.58246051410208,-44.5479033429244,1.74094147405788,3.48416622447289,-31.4348478801622,16.4665284204872,-44.545747627615,-15.630828765286,9.64742738222038,-11.3433082955037,-28.0408134464116,9.65484861212862,-30.7959434994129,-37.1915049153618,-7.75089318846635,6.90688199363283,-35.4346648453535,-42.9691612591447
-32.6159959469635,-8.15023753823321,-647.128929876369,0.420142355960522,50.4405938561848,-66.4653588880227,7.45453503531152,33.7796025317703,-22.1100063705002,36.7752141509282,52.5248798982283,-14.3114669630443,48.5028653933845,65.7479924281489,-50.0308846889253,97.6538819702422,-128.864262488103,-19.0802518784791,116.940873504866,-105.887592323236,1.34252763499549,-153.473026935148,-95.6300378338305,45.7104531887375,-92.9464911485798,-175.748875963815,-95.9285486305204,-173.637696207084,-217.91714772908,-88.4835938131012,-229.796261297421,-146.006560196353,-21.8183184648194,-42.1689683780742,-78.6166757611942,-191.654385540162,-142.292357841836,-45.0721857335963,-48.0080210745973,-154.776765860396,-213.353073109063,-121.540673227905,-214.291860216283,-104.557689266201,-106.034094008122,-35.5416373630639,-14.1691672261133,-70.0747351696951,-0.173359304153055,17.3002134700046,-22.3262276620053,20.2668301313154,-21.3768895123522,-21.6019472988148,31.5102680295665,0.0779551235417593,-28.4968746276345,28.7869597976499,-35.1753057043412,-41.4653786466085,19.9720361123949,29.8052100082117,-43.6926542160739,-14.4351435698257
-77.4216067616979,-63.0074294720263,-175.895844549939,-47.7180192224956,2.30985360485354,-117.984062393202,-43.9302455095938,-20.600827107926,-81.0801133712447,-8.38240423275814,9.8927308852759,-93.1246945510176,-32.4518227326987,5.5675358187401,-138.506393343667,-41.0114793517192,-163.73799755963,-113.007214606156,-50.0341007190239,-147.112867484061,-89.875609712559,-144.003723392189,-147.632340383606,-54.5261036152422,-92.3923648362882,-262.506562205359,-28.5229413396429,-252.1467424814,-322.635528608688,-87.2533257058417,-340.084989758351,-256.848326406844,-174.777675220862,-35.1935589669439,-152.999545521485,-310.596981377863,-261.348012527441,-183.073172159453,-105.727862701779,-270.072499201925,-272.624677154616,-221.994543358988,-290.097608276824,-162.406432989024,-136.279495018216,-67.144492819477,-87.787067546706,-102.636008630599,-56.5524674782395,-31.1479407176097,-57.0744613995182,-33.5841133039026,-59.7301710768039,-68.9326533946702,-10.3816639226394,-42.0895674546152,-71.4709078869182,-11.6586468069016,-83.2314319975896,-80.6382841207497,-20.2674331734923,-13.1408223048114,-88.0319623655475,-57.9533552288581
-133.389209674331,-121.546657239749,845.230022163721,-100.866058423162,-60.395275366398,-155.459521747971,-101.555712129655,-84.3023479058222,-128.454480597679,-60.7494096966988,-56.1375710157792,-161.380066441019,-113.746957207016,-65.8383784011377,-203.223429319172,-161.172599397124,-172.952199323815,-189.400726177551,-216.388052034953,-166.516327601595,-183.488560345207,-116.078611288737,-203.854623123051,-170.211584976448,-98.7001255475693,-368.865032383807,45.4090714272605,-352.750108559259,-454.895436646355,-93.1250228632408,-457.107710096243,-387.224700008339,-325.769074953132,0.90542853848579,-240.116231526958,-435.2328830242,-370.39573193416,-312.906305870359,-151.623183505634,-391.482204019681,-350.462192518785,-278.74334644947,-378.219322684011,-222.502633487197,-146.211279226389,-107.933317061171,-172.815938255239,-127.794989569533,-131.32444191196,-118.041164299978,-104.902137573083,-110.65667665062,-122.867459432992,-112.909070467709,-80.4514962855801,-111.959986809066,-111.287138510665,-74.3648100642373,-130.224211187902,-105.149806293939,-76.9264802589965,-88.2475598245002,-119.845317477598,-124.893139856595
-145.286558530548,-139.925291078362,1681.76804722549,-113.137716633293,-90.0446999484038,-147.872807384702,-122.659287925037,-115.028135126878,-127.573752220527,-86.1450093769584,-92.5303586715135,-163.238681156098,-147.927607523412,-104.041097886301,-185.434750087387,-202.35837905062,-94.9503909544159,-171.165960588016,-309.261007805328,-100.888208314566,-192.063718757497,-2.59433626833706,-188.220644655066,-224.670371491694,-57.3632575206823,-424.665836928927,178.689358501237,-402.605636987229,-546.97386971472,-60.2839352107591,-518.311113212162,-438.98512020135,-388.803888864709,100.835783267152,-269.740578376006,-475.116568088241,-379.498550399242,-350.744243559472,-130.204251554262,-433.660192354063,-362.938018632168,-262.55763766431,-401.067247293722,-229.478139419945,-127.95487226517,-125.622344844841,-211.332396412828,-124.179161313049,-159.186782293485,-180.087643423832,-117.280000608531,-155.132575696312,-150.587647766158,-112.487753349696,-116.42712545848,-158.421013154294,-106.101891349541,-107.418782966799,-130.113040148886,-86.9606396743906,-85.7996992311421,-133.917650001176,-102.302093355933,-151.374290695119
-151.960533255387,-160.018880791252,1662.7925808252,-129.957243519911,-124.272064495561,-138.380978338465,-144.198871244153,-154.233404188408,-130.615755936674,-124.994504479597,-136.995900635408,-139.075821198321,-177.673260220683,-150.535627594254,-145.660527912359,-220.296892770462,0.526481066319318,-130.410881855232,-355.08385623124,-23.4497919857319,-166.296542499886,134.901240868801,-148.908701245928,-241.18647969558,-8.90127540068047,-454.324794284337,307.349656789561,-412.677343880388,-599.066730064586,-34.2190687343623,-540.054556407796,-423.330370518012,-393.515230796131,187.85844849707,-256.593081564305,-449.884778487437,-311.369699305322,-322.103203695725,-89.3983025460544,-406.637114237841,-314.191166826844,-207.28860989027,-357.326548572459,-186.915871900169,-152.561787455913,-129.996990370746,-216.84220396113,-115.628337142346,-158.051098395074,-216.704712575169,-111.581462890328,-178.771613036647,-151.55481379221,-106.48886689422,-130.665878293717,-192.811012204627,-94.9268405334377,-124.528506579814,-112.425665342218,-76.6890722522544,-78.8032557122865,-160.016426550898,-82.2825575595919,-163.899770910816
-200.649507843032,-214.554492405498,1029.1761493176,-188.729247054535,-196.219444164931,-164.268409593273,-198.500658228008,-232.340490037453,-178.591226268825,-202.147655975881,-227.625862094309,-149.434003404616,-239.631323286461,-240.01898341335,-160.518468885662,-274.603342764981,17.1202011332913,-157.138301495543,-407.276127891121,-21.1041036692349,-186.071817696082,192.181976335095,-159.653318831725,-270.353160608877,-6.15261558048281,-487.102030085223,346.339876370009,-410.913911106879,-625.013908140256,-50.6114831584726,-540.657375830612,-414.887282324169,-421.813800396088,197.627507755573,-240.176823722155,-417.045619728034,-267.270491952608,-300.821885265614,-84.1447092116936,-354.711238939222,-276.86316001201,-181.502477436467,-287.623643476269,-145.70867815921,-255.629881933112,-139.305823195085,-239.647868939968,-128.590062790661,-183.597027556397,-256.094894489861,-119.684993985732,-211.236976078248,-156.288196579051,-134.492791190777,-158.61127420354,-227.693838722821,-118.653861478408,-148.94593493255,-117.881455915672,-109.852756382054,-104.811648332125,-187.780869567005,-100.843176861996,-198.560940434801
-253.243763428315,-265.816207374822,512.460884426724,-252.34080046374,-263.731687671192,-198.744994110475,-252.271716811893,-305.985713033297,-232.169975392703,-276.266853920363,-321.044425510073,-185.848920445892,-295.738902563458,-327.998848958647,-211.555207510369,-334.124027198275,-35.2608148389794,-222.523696922526,-452.82455785155,-76.9925480941549,-227.204273027068,147.961534436649,-202.556152424668,-288.196938929702,-44.1141416561708,-482.984984326197,288.995563482396,-386.177790416726,-592.119584648967,-77.6350794911689,-498.521105727655,-417.440922083685,-469.830218496872,145.146914533574,-217.310393060845,-376.692028353303,-285.570388178123,-299.475962911658,-100.123605058071,-280.439792235299,-272.563690698967,-211.940548375799,-218.972232219555,-140.069391691284,-373.062628171317,-148.094939814663,-290.547772723111,-136.990464226048,-230.609564581541,-295.644005069104,-129.523972974452,-240.598750198425,-158.710608443558,-169.202451911406,-193.193332482498,-232.941066655577,-148.961437041156,-166.756809049043,-128.937438351963,-148.682642001978,-143.043535186298,-194.512579048503,-122.550094345707,-225.175633248124
-249.678952862585,-265.368120949531,366.53678413805,-270.600901637521,-270.426072163619,-198.610048881945,-257.832110400474,-315.961543650239,-236.602168110046,-297.194497704483,-347.351234007478,-202.517158340236,-299.191815525446,-349.804941777626,-231.588695751627,-340.910127751405,-78.766709080791,-244.010362759157,-447.637738636544,-121.548772613227,-220.1291308509,64.8589618007032,-222.62602864376,-245.032353118,-96.4310455513645,-414.424492923692,178.220769351616,-335.733577659812,-476.981362986891,-83.6419126668333,-408.248320671985,-365.983208282365,-456.391308105107,71.1527804319967,-162.856423948933,-294.384157865415,-297.232709690093,-262.843125026225,-98.8895172549217,-171.746481600861,-245.886208969576,-240.191683648085,-150.855324199808,-142.362662364771,-407.151142597989,-122.657837099333,-310.558632174952,-83.8063752597183,-230.604202862244,-298.514842716618,-96.2144688832043,-227.305896193553,-124.059271254214,-153.62676638775,-192.150085666282,-185.850848266622,-129.115644209895,-151.800186598465,-102.271745608576,-133.487189142514,-140.126256879209,-155.553910720869,-88.0895927228173,-194.091756596092
-206.336692279798,-221.134999529601,275.020712152117,-240.268561316505,-226.851666899945,-170.920730514538,-221.132204474318,-267.505683105361,-203.636762242919,-268.6959729757,-305.242495936935,-194.145538493576,-267.203023854438,-311.837504056539,-210.927727899803,-302.919109519993,-81.5016143749233,-210.611741639315,-407.591933429218,-128.215624549535,-171.431321544187,6.29800147130534,-217.101636739891,-163.089989513653,-150.828052911607,-332.119695036466,61.7883746314441,-290.057075307066,-326.148948857715,-74.1482115699241,-303.800866107552,-246.02789652254,-356.340934131934,2.12506875774606,-80.261922301885,-172.666453170909,-235.470790418472,-163.749261489177,-71.9421120608081,-54.221309646854,-160.330991056641,-200.790882642003,-85.5344402169737,-111.049336133427,-340.048752432394,-43.3732271368795,-241.477441868456,24.3861598480006,-152.839423551636,-243.531908829133,-11.5062877372484,-162.401703369186,-47.1251755321898,-77.2418802780673,-132.186550294949,-122.335109257172,-56.0499991621317,-108.625634648997,-43.8043304832722,-57.2347442644871,-89.1279649595144,-94.9202449354351,-3.55610103692154,-118.168640593936
-183.873166952521,-180.547467673412,27.4986092155963,-196.645025557465,-186.301619260809,-155.419358548597,-189.342333529243,-217.141123130201,-186.410529685137,-234.192915377536,-253.213254568767,-192.597025895041,-248.639776132556,-275.319925318738,-193.421291803754,-275.354556639465,-70.2350306800974,-178.628934931321,-396.040305236108,-121.805929360906,-146.7049882078,-17.2362505290982,-216.715629155475,-119.603841638213,-196.008841317393,-298.820088383581,-25.5425136091342,-274.566533751574,-219.519923031978,-67.9674104513988,-222.313478913878,-138.008867548136,-237.181543453135,-52.3764848124749,-11.1775587186715,-60.5204819365193,-132.21473302391,-48.8222843335806,-40.5072254547674,21.409304309021,-55.9658432282827,-115.839451928478,-44.134970357246,-59.8350764520016,-253.391744409379,41.9936565666454,-121.894309024067,97.5684430817221,-62.6333122588774,-165.139656447488,59.3691220375281,-91.4567822476163,20.485611991413,3.54216732622034,-49.4865517146429,-93.425333144032,11.2424560892521,-72.1016883286669,-5.58680356240795,21.0273050506984,-34.7946744386416,-61.9674464345217,58.2221864750753,-62.2703817397231
-182.726121587562,-157.296085155151,-198.908889530514,-163.075963595679,-160.299537685356,-153.337337256658,-177.988428460991,-185.627534410643,-193.36020200301,-209.180836176508,-215.244793784877,-200.46623601361,-245.004734114686,-257.823929886617,-191.538971885918,-274.729165553781,-61.0357493520767,-174.471832699232,-426.638083434745,-118.937230869135,-165.92166296055,-20.0878181536935,-223.216179431546,-144.564122867603,-208.893140287663,-309.363961159866,-68.8929487090166,-277.231110909345,-187.939262258606,-76.7737491497536,-169.463767070628,-99.6360184906979,-138.489197017799,-90.6501385932977,15.8233761249857,14.4091818726983,-41.7388791976032,47.2782180533892,-23.8287011663115,46.5535812861506,27.3596108411742,-40.9838119408227,-20.3491559884173,-10.3812069321541,-206.810389624476,65.7403041420774,-40.5217202134468,77.2541907273774,-28.8779856248008,-104.029917171892,60.8183394792729,-50.7958027530831,36.3501985290399,31.3880762111544,4.08887291209831,-82.7201506232739,27.0013192572652,-53.8640338151497,-7.96610287059489,42.1837769031448,-5.13026005097362,-63.4909852756838,53.8304967884158,-48.610564091926
-165.673019598029,-132.247065002175,-251.003141026729,-136.508207481674,-128.071079718579,-141.043383139393,-164.34967140975,-154.818070582556,-194.465882337829,-181.395598362807,-174.1899121924,-198.664333019686,-228.232482653008,-230.903658614151,-190.375090644951,-280.707580661846,-55.5973798064085,-183.881909931086,-465.028906074143,-120.791061526197,-200.801611850509,-20.5771078876552,-223.062446353778,-197.121763459246,-196.596749790849,-320.25926162424,-93.6134881455725,-275.72180718613,-196.188529884913,-114.3321358692,-129.110902939673,-88.6025895055916,-30.078127036799,-122.142548314287,12.7350039258441,64.3508149207669,46.7120957911249,143.60636166311,-31.0942070186792,60.3022945027004,101.756373511621,22.0990747708232,19.5245821554516,61.4247038209428,-163.361540308737,23.9199314565771,-26.8248042737801,-2.36758090308717,-43.4968901781309,-67.6083040614226,12.3755599608185,-32.7499694599893,7.38836613394446,-0.0383272922582356,12.8473976060468,-55.0297232307575,-5.60478350530132,-41.9609969678773,-32.3544891049503,-2.55622438924863,1.07777069224707,-71.8880719276735,5.50938906629252,-50.9205772633706
-153.920568097496,-119.379331739657,-271.820204741764,-125.909572959868,-107.192959466114,-136.03878398291,-153.448210819569,-136.44955638539,-193.070713400508,-164.949888367583,-145.421270348789,-203.04835475173,-214.10655030323,-204.060435365005,-211.094500857048,-304.661710419954,-84.2475327083858,-214.759240266208,-510.176587685986,-152.103160160072,-245.907401802056,-60.8761020529291,-236.998070317723,-239.853286923109,-222.277972552486,-323.48585552246,-171.136146667905,-289.577215883371,-205.448150455765,-208.504533142772,-104.107596464045,-70.3780900526549,76.9451429509708,-179.409660435875,-7.17609523530515,67.5869093466063,136.261412039522,226.188237870226,-78.8010343480846,67.3357367707233,159.580096103589,81.9618050406002,64.2211821654666,157.720269365484,-87.1503985523065,-38.272633199935,-52.9548745625967,-80.0103526490895,-77.3170127324047,-68.6126796104867,-49.6485808610569,-38.8526637096444,-52.4622424435201,-69.006426181657,-23.7460029626533,-46.1401346889916,-69.1535223237886,-54.9623271405072,-77.1841189938224,-89.9902734082943,-32.6950290683582,-88.4517269296667,-62.7724155974973,-74.5642143480042
-173.180782791823,-131.459456763952,-397.60289302472,-132.834168916833,-116.193448169452,-153.418989923785,-159.625479567933,-141.271182669117,-200.593989773499,-168.191113557827,-146.057378609111,-222.895250097679,-221.924601549515,-198.450646879847,-259.48786464064,-356.116816257578,-156.780476771467,-263.152190889737,-566.389992704925,-218.230646281258,-294.401134606846,-154.937742018167,-275.389512382505,-256.949109185443,-312.659679955437,-323.801528181652,-323.239482227687,-336.381912226718,-197.644609198333,-346.110756329724,-95.9102533658241,-72.6122666508905,129.687423783621,-271.508577872427,-29.2210303677314,1.37415348676946,185.607004394172,256.120744526026,-158.916478401857,39.8425484044538,167.575991142701,124.161917002832,83.3902682899093,233.448353570914,-1.85429638690922,-76.5351709686405,-73.9847821516873,-112.756169420162,-105.631946320141,-100.536556898585,-101.938881408614,-67.2693372586014,-114.943924033485,-133.201293792628,-80.3303179545133,-78.1790741957488,-130.290322501854,-97.1123396331319,-129.237866589056,-166.491035378246,-98.2342657190171,-110.213926014287,-127.447583633487,-123.086702479815
-170.836367117705,-123.128520535315,-520.135857184527,-115.582276025327,-112.41340561286,-147.934837032453,-145.677200504725,-126.540190151224,-181.6052080435,-150.75319035422,-132.767805362213,-213.364687751554,-211.799542270151,-178.411300264639,-265.419039019829,-384.386539978031,-207.559757760699,-266.64780085919,-583.600079021689,-259.949114323632,-293.589786380616,-234.505101738607,-289.272081295355,-223.703670208011,-392.448441014357,-289.106925088693,-462.295285406303,-367.166236447041,-157.872388120503,-446.25330804113,-74.0471174530342,-98.5291658087365,153.435537956728,-361.259723423079,-30.0698978510842,-56.9743445579695,185.492776620867,276.773958339959,-224.208565567414,-6.41846542470321,148.332074845766,166.98642207365,104.392748913083,273.895273856373,89.2986512309686,-71.4760022391246,-48.680549609576,-86.5438611298047,-82.4575414975202,-94.6643950546103,-108.950708542284,-65.608797841081,-122.079726708884,-134.788459422384,-88.2008346762343,-81.376751882671,-131.940770359993,-104.592835351575,-133.880374232635,-162.937519304427,-119.570870307676,-87.4176721859093,-134.892403806057,-134.940926744836
-117.972832234119,-76.7045296903454,-529.419985107519,-64.3725449206734,-71.2605576929908,-98.6448956759431,-92.842919409327,-76.1272058116808,-125.681800798938,-100.379653101059,-83.1980010114652,-160.108314030235,-164.439564382287,-123.616506232508,-197.354295191222,-362.718955604348,-187.700230510199,-204.839011217648,-535.054406823417,-241.164049334647,-228.255580568665,-246.750050033031,-255.711597235468,-154.092222568575,-397.722292871276,-218.988946317145,-521.582349168718,-357.178728072513,-109.17232661501,-485.949086627299,-55.3639269532993,-118.57196897963,205.309129558381,-453.512093492187,-57.3922622742897,-26.0453494789157,150.6180650675,348.996657111386,-278.843110003546,-48.9068061721703,144.490196411904,234.048135763315,159.064056235403,299.341249708708,204.460056816576,-46.7957707555758,13.3684884667462,-39.1696263918585,-9.17255781752873,-20.0160853816331,-69.4128321608131,-10.5178875837083,-73.4343802789311,-76.1743873523628,-31.4495800503588,-22.9593067884365,-71.4002658178813,-49.9790552478494,-85.9787617741993,-87.0982853760033,-68.3316596960177,-14.2157554169666,-77.3920386751719,-79.2737848280065
-72.7587179960619,-44.7187729679771,-470.842933174712,-29.7429054659125,-38.2534480252918,-52.3428708296613,-51.6564060111289,-38.4972277643515,-84.7663986142333,-64.7996580486837,-45.2437770406048,-114.003110058793,-126.082744136908,-76.9591004523395,-128.077809788553,-337.616853868714,-130.708508685196,-146.151890749634,-467.737822196212,-197.196060116019,-161.350629945803,-222.780782207059,-215.197426559615,-106.356274414417,-352.196394686197,-168.119410439974,-521.671098092733,-353.500874494376,-87.0065971545585,-529.843005856088,-96.4409897705016,-88.4218005410483,258.743775773149,-573.033703355364,-182.458492575249,75.4548153699533,104.000813020275,426.74374391224,-371.78189336539,-90.3327900858829,160.039814866519,293.18287628304,230.976939194217,317.376583523458,311.023876437856,-31.8449936820768,67.2369513607181,-15.4008342980025,47.2300581808176,61.3425663448021,-30.1388007838139,44.2675868835622,-35.2511068176714,-21.8494867870858,22.3266999529682,29.3520395050237,-15.8621506779025,3.05690808042683,-48.1745123383643,-20.4068843986037,-15.4134564005792,42.0751794817804,-22.2211535415662,-13.9825639914766
-70.5162062898455,-53.4133467694062,-366.782238763842,-32.9375570532468,-44.1265902623383,-36.811121564845,-50.8881563964473,-39.6720244866327,-79.5113992434436,-68.5779532292781,-46.1635815781888,-101.746476463414,-121.592294746839,-66.572256566826,-111.74492000945,-338.157595754687,-83.9524413374252,-137.419461753258,-425.951241178477,-159.816530109739,-138.043266151276,-197.114819928488,-186.947608920189,-97.0480477124341,-290.369273744778,-149.261557903513,-464.5213047924,-364.587106422003,-66.7660109485346,-568.969109314631,-170.421425139753,21.8567259998634,247.666671183793,-639.797000454259,-340.135556789982,191.042743366307,82.687589456012,423.561549160496,-465.438126491942,-107.586740822879,181.214717415764,293.169579889108,289.8344260592,313.422138884415,352.421152451218,-22.30551179241,93.7839260878231,-15.3741518591727,51.9602646252333,94.5392560766145,-17.1656078453676,52.9822086772339,-32.2314227274907,-5.74360094157427,27.9052179514159,27.9603914606024,-3.7559897933712,5.14902671352114,-47.323840947261,-6.49124363522247,-10.7755217702406,43.7811513122923,-16.0697845043339,8.5111191871628
-69.2747405618987,-62.3946713191432,-184.525691925123,-37.4532184059668,-57.9313483357053,-26.0088521509806,-51.7285253041034,-46.7600897174823,-68.3810707944994,-76.5958724794465,-50.3474437449585,-92.3203871960974,-114.935946069758,-66.0267477994838,-113.643215599859,-329.661858679848,-60.2340496241875,-146.616318157444,-401.086888744888,-122.076614515986,-133.883083138064,-156.982667937028,-146.68802161324,-91.087670184222,-212.514852789353,-123.042113072254,-317.981691101445,-341.305361656282,-24.9879424513598,-502.961513175768,-213.045392196486,119.654882317928,158.909377512925,-536.790975350935,-398.686758803767,248.579763564825,52.007630752789,340.934533265334,-452.940563808442,-83.733510380118,165.959931778382,222.766740150178,300.814228340874,257.232108655983,324.861146696565,-4.18591013107669,100.219744488105,-21.3486602473611,30.6710628583166,91.0916190699128,-14.9192758989297,29.9628733422924,-27.8378986916352,-7.33525155604772,7.62233382953783,5.39233777685949,-8.04286754780428,-17.4621168905461,-49.2000149720959,-20.6625954823525,-25.4382268118962,23.9855931576085,-33.3319699144998,1.41845861908105
-18.0881090456541,-21.3874345364777,1.68982542280375,0.834859945740344,-30.5721759602246,13.2299974187356,-9.42936817951278,-13.586920660881,-15.5728128324496,-36.5556570278477,-11.4876162224866,-48.5199342578105,-62.0288123166591,-26.2448262776696,-79.4916122415615,-265.35369817043,-42.3671139431094,-116.820574812008,-354.344987209092,-66.0686595875175,-96.8270945269058,-78.6005658866756,-70.6381362480316,-55.1517032177417,-113.355612100185,-63.9386230750416,-104.143123152189,-254.784676149493,9.24512959646583,-303.427457128668,-217.797546283045,85.4349513793649,49.0648431143133,-273.911367979144,-329.894848406458,191.985525921032,-48.1316434656563,259.679834726767,-301.088811250673,-53.9335530807786,73.5046025591433,127.711734806345,240.948993260035,126.61341300125,287.42021600069,34.261997670037,109.323997441897,-10.7233154033298,29.9265591559722,97.6748745829493,9.26723991347062,24.1015676595259,14.7397421255118,13.8438976042515,13.4687613317798,19.4786943098837,17.8599647503599,-5.64686277126521,-11.5761438207174,-9.74443780134833,-5.35239021963742,40.6884647714352,-12.7906922377493,16.9257212556615
63.3248693288355,58.310462109,43.795108859334,74.7852708638919,37.1579002377304,68.2667303591154,58.9395025291962,53.2786918278381,54.9234429342822,46.6593080295105,63.5450789993988,14.1420047779,20.8863278633472,56.9281242584326,-20.1939671514326,-163.375608971805,-14.3503744315676,-47.2317637280943,-282.439500341908,2.49359894655529,-21.9801729132658,22.7476955785488,27.2531937306777,1.34080756187842,-11.8569581041438,13.1750243516502,91.7530600423456,-121.602324147046,20.3580203432581,-76.272300467684,-180.732256064266,-23.0690842222648,-20.2821316710937,8.96085932542214,-199.283869120854,78.6943825407759,-160.946559812156,218.874513413781,-100.935469672344,-50.7301209721235,-54.9567748034041,55.0054371371533,130.541447849675,-64.352091847915,288.191436824609,86.4353962609227,135.98681957965,29.4185799443827,65.4472088506291,127.209240662891,56.4161442522483,53.1386696453358,78.7501269033225,63.9007043408691,61.0518678912332,74.4889750498486,76.5229746073155,50.8607143873372,60.529261520604,45.037357566443,56.1147125439154,99.181600427282,58.6448001346409,70.0022850711873
116.053628003266,120.554263629868,-48.3053967804575,135.010718868027,95.0292757347374,101.95354779765,101.686600665863,101.851892956614,96.2071796010105,111.918291658833,124.592725135961,53.1717027144787,78.9463466683964,128.677615981794,18.5046451035623,-88.626760604052,22.3233528798502,15.6691144748259,-224.940097760034,64.5511721002204,41.0826514802614,110.204885336698,110.185303660472,39.7390668992011,72.3510489457759,79.3361624353951,215.161349101031,25.5411295670306,38.021859006103,64.0573330902278,-70.0126497374971,-59.4628679127496,-32.4627230988118,189.03851750229,-78.3695005494795,35.4848213112477,-170.839169128034,189.199821412281,30.3366052416959,-44.9836887875053,-120.929515942342,16.0933972434348,28.7945801698845,-224.635840786351,322.565326440403,120.067267722,168.583704461291,77.1037057208484,107.090571806897,145.999529228914,85.1646168016942,90.5866252367856,111.277636426966,105.085986892216,114.920491180295,124.269449069891,124.999873184259,106.607299300745,119.013926755299,106.122743626804,117.889980459323,144.083422321836,131.103597894414,120.600502193032
141.244788782232,152.209946441288,-93.8038858857541,167.269757020174,123.396919830368,124.353730257053,118.185077870761,118.092871913021,116.558020677285,138.455193634105,151.227704693484,81.1357082796381,109.064340824893,161.547351342695,53.0898799803574,-44.1390635722813,71.9783239896016,69.1912015975727,-182.232089474095,127.415896818655,78.3007880268609,177.614157890781,175.402089413163,59.9794881054375,154.495938889557,136.496900108831,286.214497474943,164.753674712954,92.3707260593221,110.569205220736,96.216709372812,10.3273981566561,10.3575256097585,257.731281859877,-8.67114513160253,99.1791630961176,-43.6231551166052,159.424264604283,61.4296774519898,7.30640476811045,-76.649274405606,41.7657094259354,0.913452665613976,-226.197013977957,360.303971831161,122.207717842633,198.364432989576,102.725005899299,137.790507081247,151.374965762757,81.9117363461402,129.294375109162,103.14196023562,122.050820352867,156.618959823523,157.278255249683,144.353140834085,145.612405809673,141.547914275277,142.770835763883,163.941645358079,151.782315072873,174.254883205496,154.169747326629
161.267964239341,161.40216955064,-48.6631530717612,177.524633893478,127.199636425554,154.952458916926,130.297765474397,113.877141755424,144.343798625262,144.670326004813,143.705976748928,128.461035120463,133.498395879173,168.100547980587,120.876009336854,13.3381284620061,119.783679803043,134.044160892116,-127.807648314832,184.405983837474,114.415434351956,216.025438220099,225.177381154607,86.4597279481912,225.298206963115,186.657214436264,314.616880471651,252.457874594048,151.783160922648,107.785014584467,214.216037427904,88.7371921721199,65.1333261926017,258.624390852976,-6.62449083984359,158.005092729295,120.657502302391,113.803211106443,32.8211034162593,53.8090986640527,9.37884895227836,139.890256016022,42.7225709504179,-85.6731415856643,346.887047337547,97.767098215593,206.976520932871,87.3775940195703,150.746507551891,157.336358922406,60.7208395042257,158.052030922251,73.9175390579767,115.082978461853,175.195689696461,176.858717174017,131.049143632924,167.294547478643,126.365223171366,139.712550627072,184.757810144876,133.173223234113,173.522478467765,167.099733681578
155.121967419474,129.851482090789,-70.3188852961973,146.093924403962,90.1627853506334,171.11074513589,125.788330574505,79.538074071013,167.189513224682,130.190461669519,96.4081236025122,176.71170802488,141.888309194815,151.552369120989,202.011887706763,85.3493541604578,128.63111161461,190.868598889311,-73.9611269174524,196.15508560803,138.857713339148,201.727614594955,230.161538503027,113.675746666317,230.54418013776,202.880759825804,281.272203144361,243.744288331698,154.712222596094,93.3412730535575,209.453526139608,85.3181787536205,54.7533004678235,238.565551532881,-43.9526522704171,90.0466211579546,179.862112261008,-1.12397432317201,11.3699583808653,-3.02676913467394,29.5486572058288,214.562372471027,64.2913208698006,31.3526990100423,242.842994600749,49.3634385286542,160.531730067495,33.0145285757429,117.076286520924,132.632500796178,21.7247498917145,126.967052988966,25.0001459939386,70.3263634282407,131.271209584805,147.3594766663,72.0765471198752,130.467429849586,68.6087742012669,81.0562629032326,138.160532304006,79.0113400234277,108.059892095512,116.51614143386
130.165016772452,76.6653665100858,-186.056954936611,87.1076018873195,30.7088014346451,171.108084310283,110.886450222317,32.8037105237384,180.624183875919,113.468408486209,47.2206391342597,211.709501753669,145.023890786604,133.349548359469,271.770097899714,155.776294798525,111.128441498916,226.097110166698,-30.5189233763341,169.309120495567,134.830746884086,155.081607736779,196.385243214504,136.73125600887,170.105377326513,194.271668581207,210.111488172808,188.671931004014,122.743254853317,111.165187794069,150.69218306685,45.3898777200256,-7.63105608000759,249.180595312917,-43.142134092347,-52.9794010450397,132.555098688438,-162.256412976708,57.5352953431182,-123.160988859474,-14.6390509745465,183.375790790648,8.98593087732253,46.5538950271279,93.0995651979804,1.97554549391973,74.142618214515,-17.4828371749244,44.430498037045,66.5522836479212,-14.2808092866493,36.0753124452071,-19.0601175276859,14.7590829463763,32.6805346031812,66.2709894387663,4.46502602830014,29.2877955660322,9.23181943253443,3.60688950021434,32.3451503797899,-0.417656154207764,23.1049497581033,7.1974366552011
139.225214752627,70.8880063541467,-227.17010395855,71.6663173014235,22.0966701602707,191.674790683409,127.005794485608,33.6980131939151,211.927820327536,141.95956187987,62.1350072257086,255.37406115272,184.578160032613,158.112123486475,336.731956196751,229.937409455868,117.032541663608,260.490805275615,30.6006892953878,155.236983681143,133.952147332565,120.127564509246,177.408715571168,172.421814228342,108.803945439572,209.885838930898,140.589709960992,178.280569496569,137.39474882054,153.275726411288,146.42057004793,71.9228609596056,-20.3277155608889,285.360277620342,18.377781688114,-101.126480809339,98.5353956484021,-236.559675958546,146.838529985087,-163.326788271704,-19.9690998470485,103.369146300546,-63.8877986203857,27.3710032579825,-15.3819834200573,-8.76233662486574,14.5937578969203,-14.9512961119636,-3.77547761792032,18.6630032920262,-7.55035599087019,-31.0305301230334,-14.4766527256507,9.4108663903726,-35.2984993179483,6.19891028671163,-0.656139061005292,-55.0844934357828,11.5980196795857,-18.0956759600762,-42.0981105547414,-49.2667422604934,6.37742007748163,-66.3245881170051
203.809373445926,148.779100290328,-145.056927435374,143.770895267243,105.416322443119,250.590580332025,195.099651102023,115.160190642345,273.602638007466,227.586464729858,155.283710657488,320.181237073728,268.324320936891,236.335888130012,404.635222761569,314.607892676125,160.382011502452,312.549708485479,134.71390386385,175.351220153118,178.092550741766,116.519825478869,201.607432657467,232.315193453775,90.6021561600317,259.908877226593,88.6696226274081,216.0227266675,215.602468395705,157.391254912729,187.849155085098,173.354675203778,71.9096816334937,297.063862080308,57.5476886775934,6.45400673416321,141.053404779702,-130.292662384476,193.551097616785,-92.4203644398188,80.509415939989,92.5888112033546,-61.9821966542747,39.7298967145921,-40.4632097117235,29.0361922402757,30.2925276462441,52.4662873562704,22.8442708539312,47.5553436415569,52.5044094138939,-2.52119574706147,45.2120862193602,73.3611565260777,-3.91315066707623,40.106776952596,72.7872087496054,-40.5963437245286,82.0436584845799,45.8699470648178,-11.3832872864847,-17.0188519556179,78.2082709161,-28.0010317532005
292.218718609677,268.174810634735,-89.472686791298,256.946797003444,229.967226561915,322.37979967355,285.637526078064,231.82616294519,343.779604880535,322.494493209839,268.060423762809,381.590400536553,354.861268716084,323.454388003721,461.914711546027,391.12139459595,210.20954940208,369.060492756028,262.267383423782,206.4248595726,250.324195980015,135.00253479892,244.503371937171,303.394398256584,110.313048964076,305.551311995344,66.2390278610794,251.517113127623,299.310149222272,117.533055857478,192.240276922149,287.346542307168,235.77289467455,275.237253260777,9.10114548382535,160.037230488173,243.749649155049,90.2305382690504,170.982213385376,-24.6213476818106,244.850537951738,190.201046834597,11.1731944082902,83.2937204347218,-24.2084403801446,95.9263907351368,108.360826802309,155.499756036472,112.465080220936,137.470975453251,142.002070143785,98.5556434989894,125.627250347798,168.84187181283,97.1828477653021,155.004935318642,172.335724478989,61.6045168538977,167.984366109755,156.027259813255,98.6431018473036,81.6918575024608,179.571094791361,88.3188517587575
347.330252207118,343.661236216246,-130.328374679949,321.955609937985,302.93995333344,355.678446759561,336.121255987591,295.417666682613,382.227506050765,362.684248709571,320.074471647097,398.950503494873,391.51617865146,358.519244609426,470.795266327746,417.162727539751,225.012363662132,386.74025875505,352.52360371876,215.49240464891,284.938912137574,143.448015433228,264.157643570156,346.521545085159,143.514835780995,317.568570985251,71.6455477874023,276.301310705712,336.912488875895,95.4754125204851,146.488053910439,366.929108610906,389.852598174215,240.514316902581,-72.1510937972012,229.095174637869,367.197581985584,266.406241088249,123.707963677547,-33.2121225965093,359.427396106367,319.767555198488,72.3909072092355,121.706712163593,-71.0710954260933,153.920651073298,190.790779506397,242.384623564338,202.967772068665,216.400552589245,218.508047290847,182.92505163511,181.04136718776,241.652199059688,178.18467757081,251.703903759417,234.051671620283,161.079260249182,211.896422342593,238.839690744049,193.007226812738,166.325000344827,239.78159281836,182.549630626248
345.260431710185,345.867266989171,-142.403835183575,319.854784302695,302.626898440488,336.770421887405,328.650969098884,285.869094461063,376.943897294146,344.873741882144,299.922408747565,372.567482195077,379.149901938566,338.247517136939,424.370516020413,390.268646408399,205.038393988354,356.748252367604,377.785226837601,208.587188287337,269.727532989622,137.458129636192,267.26065233685,347.248048958894,189.963388617849,321.169853572474,97.3236480084643,333.035233602099,339.420643955389,147.310875739808,141.503212478817,401.761687278826,480.335104691391,212.833128854168,-62.2242472397142,204.371722091609,459.584377442338,329.391311540437,114.343214234084,-43.5781949464774,360.717317469052,383.590546747773,90.0345363934608,134.869492162495,-210.668961782702,190.589598835025,243.352410571005,287.216089897261,257.015257866222,252.007534861988,263.041049302822,217.102750148501,205.786286020178,282.224443688891,216.16791484709,270.73260422839,258.361178761366,205.708617865806,217.449720041168,269.647792923099,231.124306991845,192.922070969149,251.155249017176,219.181782566192
329.501045516208,336.251560039315,-70.4789998935681,316.360987422913,300.131757906311,313.433456426018,320.965422631198,279.734112947636,366.796151602209,335.346627860596,286.089713860467,345.634054662663,377.123823398379,330.591578975226,376.935044213296,375.216506952799,194.361435857239,337.204044238348,391.066319546644,227.990575199956,277.380348355683,153.937934134186,311.324787032375,359.918877949532,271.779249749037,376.19848247351,137.936583677354,459.857388732288,369.099073196987,280.068595593284,261.390080246277,432.622033075966,540.581699628264,206.846278125091,99.2466495373693,191.472218195945,507.818051164579,349.628510545968,179.638108860484,40.2615051321711,329.847738334498,382.045234750387,113.407604231597,172.470943446355,-295.478904121602,231.043266867348,289.93108361365,307.397007680831,304.864519153251,288.067884120972,293.926737745485,263.790787539062,244.151402644691,325.871069520594,273.887273157685,273.929629856693,301.910988489111,242.287150975938,246.014989621697,300.954060349984,271.802723192759,216.473981884601,268.10254565914,258.272819110456
340.32799570628,364.519668908283,-64.2208289339153,351.535044163415,347.886679340971,312.914623043161,352.723468608485,334.437591947779,378.158063825039,373.87850702648,340.005479548765,330.439948887725,410.208784951984,381.116102802645,360.411032611204,409.165650023603,208.198218891327,364.75868268712,448.060459113091,282.267865582341,354.657142910819,194.971504021706,412.689812559248,444.125847336522,379.580186113558,501.938748539403,163.467091263359,631.38378705877,478.725108018098,430.833462209017,478.818845110139,525.827813347328,621.067309114849,197.315409774335,335.557640748266,293.77295560459,559.70823379198,397.426525211671,281.600929894186,204.304004663777,403.933778331456,394.1923022004,191.793466290279,308.686884436005,-167.401976163102,284.721375060876,359.864380121524,316.025568758322,376.663183917019,362.953626942141,302.861621934872,365.509502342436,305.255757094635,361.597268982829,374.793413260182,335.961964903498,365.403180044693,325.4664912083,314.059340643862,358.887986336411,359.494750952693,294.552636137222,309.751653690702,341.453559348246
361.178833878572,410.80192130873,-120.979585458105,398.663695048121,422.251637244986,310.901551560845,398.690289865255,423.981130923659,390.515951424555,432.443775330648,433.453089506837,305.923110543511,442.447090312285,459.633189984302,343.184716383235,451.468665611866,221.017112008193,402.72953943942,531.793567072897,330.697138516441,457.772291940821,221.832172483141,514.16839419311,580.888454381145,463.063643761967,640.756825134683,146.806708018926,755.89659246209,652.239914141958,501.189843932126,681.122468845495,687.59451754846,714.535553502698,142.721104863461,510.735739387744,501.000875068624,649.018329780044,467.978362490845,344.272447092262,377.379919074436,588.777217326347,463.115387860952,326.619244899598,512.044156510898,113.485668880533,335.930594537254,436.693590488235,310.781634056409,451.819990287584,454.492354779962,275.151010533532,475.503844717418,346.270127768177,337.897769684143,467.719976976834,439.0234097302,389.030032103938,434.896832493106,366.471208158273,395.716053022161,454.549230199065,405.214026869122,335.159328347877,436.69411869062
360.521548294853,434.490986531988,109.573940946622,422.516606963341,471.977361153958,287.302944439597,420.547048326323,488.180481188995,380.325253386392,465.751674746274,496.237622338512,268.376869842775,439.792991497787,504.657978622802,295.030944780207,453.25846418608,213.986023173183,399.342370774638,581.037576329577,334.085976530605,508.092497266942,215.763583818609,541.787595928664,675.00170827495,467.768427354355,690.078824384344,98.6589424910906,727.473784300747,768.886837274515,442.49271241913,741.694794921534,815.788673960345,796.93447285621,51.7197676025033,546.849570458791,648.501650306929,730.241360028605,542.782493762626,342.354487483041,486.743191270504,708.571681711678,542.515694021857,439.623479230543,627.338404168178,331.672123998767,375.111766372147,464.923283123036,306.958281710774,490.961447702917,505.603238953125,263.277886597023,524.824472748506,354.197175224258,276.718521927775,504.747242984278,510.010784277347,365.339732593766,503.398861566334,364.471242370537,380.57163547572,495.194025392818,481.32583239505,320.371081870653,490.089450323521
314.399127866102,396.291735165383,799.388682338208,390.156049169358,444.475969574751,228.885734992614,382.249583923423,467.950318442841,326.571898078837,430.439632245279,469.365277003981,207.456132199383,376.505664213678,461.871108991158,211.855979273675,391.140673702971,173.208010506551,328.585569006604,534.593444336788,279.721225616606,452.917508414411,175.833650467251,453.279868446651,627.560359728038,367.211171613728,567.594383545271,42.8784395604899,509.600662603992,669.86875633136,305.677496607514,586.071416854324,765.576990357105,827.329741666812,-20.9780704609945,458.422530674422,528.074971524815,688.725657562753,583.436193154267,305.932226985298,452.703766360595,567.377488134763,519.385734138998,401.906033398748,517.919435196246,357.699684222497,379.354271665064,397.655233359829,312.856273459451,459.462208532337,457.648372171679,289.961944190304,474.252482719187,331.725348806147,243.235524040156,461.900382503459,479.649389184534,329.08244907411,472.549554240559,310.849384224806,332.474295644513,447.69008405601,458.048238942165,271.45390426352,457.737751573271
216.448822536191,285.735291282633,1501.14339048326,284.515232789209,324.965259209336,132.40548424376,272.820111235894,351.324374954392,219.670171398626,313.822099331116,345.252918425212,110.474843903724,247.600552094164,325.41996077636,111.702740665073,275.112800528413,108.874195647746,211.610789435007,389.052985724179,199.633529036473,319.086821719996,123.998592002688,295.521791225268,452.924884433787,219.70397366002,323.877477171387,22.8452594793606,232.224553858425,369.985679400175,226.397873167964,305.391244898006,516.869738921441,727.79360192392,-4.78949839668485,357.984775052398,159.474682527731,455.473647559061,518.615038224525,295.818428027507,305.788205411425,159.526072120136,306.789460323052,215.472884959529,200.606584785392,255.42121042629,325.715102695282,264.876165729035,302.393627462948,358.058204631251,313.222379461094,282.10337227132,335.780938538228,261.034232938253,233.720100635428,346.554808418649,338.30695828484,280.663577137019,348.658426919378,223.663745531724,271.835925953087,329.225937721596,330.905786608874,199.380580810469,340.369244272753
109.36678082457,161.684368786325,1632.54270736025,158.873356645085,182.864430057921,44.6911509874126,150.043500066554,212.256992143576,108.308872897528,174.79253882869,193.480369635104,23.6465748639256,114.48657411322,167.387556958002,45.3878618879662,172.3330117155,81.3795945012365,120.374298452356,241.028725061347,160.862241644677,210.829571339198,120.964221476771,196.065917389504,294.918358748244,158.349972513469,154.633480923965,96.6070841890263,126.231377587789,110.027439570515,313.56348108054,138.647056420619,238.675599031146,487.205330695406,127.120658785439,392.297356674374,-144.564198963635,134.911456294821,353.276123895825,369.718229200002,243.792904249094,-292.7173741008,-36.4698824676237,66.5989757604819,-163.621264136655,180.858703582128,245.59745680332,158.814063434801,257.330243923124,249.316690224072,169.342421011909,215.733157976111,189.739059366567,167.448267963636,207.900030808162,225.494533219027,172.916283019958,217.853151814304,219.666630391044,146.362870564,210.457040965139,216.226917315909,189.099268044211,135.061898816582,213.376431735903
31.0801059881886,71.3822632781598,1192.84115279238,69.9770995727339,76.6777794250878,1.50915809077498,63.73443483392,103.576619266605,40.6724802060017,62.9047661407388,71.3551477923857,-10.6962533580109,29.2476637965982,45.8374441838832,26.098915916053,128.627668310237,104.295548359395,78.3148693368397,171.339368980707,164.104848174786,169.526835092791,168.126771133439,192.894877075429,231.203622756093,214.026049212618,158.35503445579,230.569594560191,237.859916827375,44.9401741017055,493.566175521536,190.198162298507,84.7497687369698,204.247849219709,259.648021101322,559.462412041757,-153.764927165136,-85.2477231829267,165.033734504337,491.316974149646,371.691924932146,-522.798028378812,-325.688535797122,66.6510283714211,-412.500974637061,199.177449826033,163.641858409496,94.6990505249016,171.989844022599,166.875345567061,84.9196358362549,136.817682619567,91.164983784259,94.4383038987597,144.389573656082,142.815351740521,58.8271924450522,150.634221111658,142.617889217848,102.715921349846,138.656219915491,149.405998337114,101.302095836649,92.6886718408433,132.37745227941
-45.8915406601352,-20.7043580384164,675.181837741536,-12.0695546676584,-28.4085453834348,-39.066012036381,-19.0521151110263,-16.7523650970204,-14.4943901329769,-50.3724119250287,-47.8662762082665,-36.7435899794121,-43.9196507315469,-69.6252744488451,-12.7815586690803,102.207905790825,94.9497272121944,16.4276666753369,140.246476975033,122.998670389724,117.498488372047,163.246080157092,170.262447376948,174.622990749659,246.520436298009,194.496673362909,295.500419885691,351.406089667344,51.9900807595596,576.670579881646,288.327582246737,4.5035765997778,-38.8246045759279,239.261611085036,679.361884884253,-6.42123754211819,-169.193324386787,-22.9167740116949,545.339892306343,520.539406970278,-479.27753457166,-418.17079734843,103.842436422281,-495.184224062857,230.716063016229,43.4121770918884,-9.35853012388872,35.5770460888901,55.8697984698828,-7.91666563070271,36.1746795640776,-5.54816702119159,17.2701099537635,29.7461271617485,48.8640520430091,-35.9416569309251,61.1942225872608,69.3565190477093,48.9379923156935,30.8202142348531,73.450005082467,29.9360674754793,35.7087343746341,59.9068247304738
-133.215392201596,-125.325154706346,420.452470484368,-108.198204174272,-144.279041443717,-101.442008229207,-114.916508801866,-152.838220064792,-85.8925312889836,-169.790129956722,-169.098444498053,-89.5716328247226,-129.695146668738,-192.761067732195,-92.2686263254301,68.2957201800134,25.5322868662474,-82.8062750586799,103.724759877448,21.7465381860317,21.3566828683485,71.429642031366,64.7309869815869,70.0900341211055,168.557973480795,132.065714086038,257.062323436587,311.289181250702,-4.48608287644368,517.49646029167,265.489006774471,-107.679819460834,-226.925489087569,136.701584364296,639.309006760502,51.3131796317998,-227.946069321566,-197.466294056466,499.328666801814,505.843496810189,-352.251519761149,-328.743767902229,59.9824005408571,-430.261705364161,192.969878765313,-100.895685583468,-154.628096321313,-108.327609893278,-91.2542079777527,-144.454349103213,-85.7658903148777,-125.380529319117,-76.1757585371067,-99.6583413843307,-80.7847118491706,-135.237276514572,-40.4873110901413,-28.9209127579836,-30.84283612455,-76.4055942768465,-36.3414849614132,-49.1549771800275,-38.5228405772569,-23.3167431066086
-194.987000300692,-192.148838608452,314.73022322834,-176.718762637821,-217.451144954866,-147.153420182209,-180.524763177935,-237.413841811905,-149.359085798172,-248.637490754555,-243.153171258185,-138.799962106571,-196.285171338792,-277.009084443026,-152.451316674992,57.2740921281213,-30.1024656981319,-150.872822097303,79.1865406583829,-59.7738644842143,-62.534273427456,-16.7478751335909,-51.4152850008115,-21.9433838714313,54.0217869990271,21.6112182977407,202.327912399237,189.005698269428,-77.8163973339682,417.653207164743,171.892829800492,-211.770055910451,-352.18892248602,143.002039246328,507.065841094965,7.01104899293748,-291.142086219958,-285.211683562949,420.239150171507,371.03516956139,-280.603158301396,-186.347227899176,-17.1268485424187,-253.399831308587,106.089133003747,-185.946920688916,-247.061996110954,-184.218526381354,-191.334034167735,-251.234121588336,-154.129875731795,-215.767353713131,-130.969577860986,-170.128898393278,-185.018493927406,-197.608619763017,-97.9665196211852,-108.852618189958,-85.6656274803058,-118.642093884664,-123.91051297769,-102.535954236325,-83.9706411949656,-80.752628397181
-239.926461279857,-230.938309240214,107.189041440348,-224.460136363555,-255.421456195153,-181.306110181984,-220.252694589576,-275.197183777476,-213.222698052589,-301.792713565781,-286.871560652934,-187.064115688334,-255.001601014016,-330.411506596019,-194.062958327872,49.3031733847086,-56.6435990497463,-189.118226832029,42.311237453719,-112.303090621528,-134.810446592664,-68.9555413685551,-141.864369522365,-94.8588645443309,-43.6100119573498,-76.2976319729506,147.266110802592,77.3071997364109,-112.974089676376,306.43621626346,104.235828421715,-227.134912770383,-413.94183639014,217.128936252365,356.262589014206,-7.93742756810076,-282.530506286667,-265.749736019746,324.270432890018,236.689279581469,-198.710222576049,-88.1938341188567,-32.9558962469664,-39.9074759325497,34.3315386251887,-205.322781277438,-273.59483376335,-205.732504305822,-228.838157205049,-297.453263457889,-159.538211087647,-268.087394809902,-142.798025524968,-183.56907169437,-239.098515356038,-231.68198533393,-116.530725271873,-167.95734502129,-112.86596572096,-129.75149938826,-177.679709489298,-155.277264227736,-110.397400462354,-130.22583125616
-285.008608778199,-279.149086153418,-170.811840361799,-282.77194711054,-298.175165178692,-234.122725602029,-266.349446133998,-312.981701406568,-290.530828494153,-361.464974458774,-341.511494204862,-255.795096866574,-326.958832673393,-388.03892710873,-260.262093387202,15.4603656821824,-96.8758494665035,-250.060408581323,-33.586118259814,-180.1117605126,-226.990591228257,-128.831675540055,-225.209068053913,-189.299735782245,-133.874412945419,-161.868330067473,54.9682681362216,-3.66250622545683,-137.450096995019,168.107224368079,68.5465738373744,-177.804738255426,-427.073963917592,199.014660470026,192.009584651965,48.2664442757567,-192.729862841348,-214.140989044272,181.851245496437,125.979004985378,-36.9646610894678,-15.3837935008631,25.3697087979167,138.947412509524,24.7922826534061,-216.997233155455,-288.702994473295,-233.435493976584,-259.397308525138,-318.753255490332,-167.902374294527,-310.442547940761,-154.78395357212,-193.404378910925,-269.068493917957,-273.880222667127,-143.290844244185,-224.849937943918,-144.744418683484,-173.205065409259,-224.695069818681,-242.62038491326,-152.670102879851,-200.342457214493
-290.372855847356,-299.514294506784,-306.240536742927,-310.327871151421,-314.248857606595,-270.674273824922,-291.438091902323,-327.163986615319,-331.657021861676,-382.521979906423,-367.315781266834,-304.158408368706,-361.275271205192,-411.1107239495,-319.063940855416,5.00817733340048,-131.937367142764,-308.65143271509,-88.3163487061425,-233.108030052666,-291.018833651033,-173.788211960939,-268.930934770944,-258.514794828296,-181.823523114523,-203.374480046132,-17.1457201664517,-33.5175309798915,-152.276258850639,64.0252037153253,45.9653819088706,-132.665072374134,-405.811421600729,129.375445484182,31.1709666062095,108.080108120312,-102.608218794783,-192.238868978889,25.7677336034159,17.079831193178,121.754570103032,64.8235475027286,95.4879175527239,260.454555598643,73.7118515952575,-227.366832236693,-301.157712596106,-265.685204509079,-290.744580773346,-325.952238101175,-186.942987628081,-325.153072326268,-160.529044628486,-207.566892669483,-277.926770043357,-299.607103465154,-170.096608616823,-248.835372442378,-162.746714051074,-229.32827733363,-249.752733601175,-307.697623249677,-192.648327168867,-244.796921979511
-255.216932065443,-267.818534111578,-301.99900176697,-282.111648844898,-283.466292208794,-264.730753932809,-278.084725193216,-296.995538864468,-318.137061169474,-342.596332062178,-336.053390677791,-300.399360527982,-331.507806066619,-374.246802913449,-331.912015378163,39.6053904109618,-138.486331529423,-324.962421605342,-91.6136386611965,-234.147815474005,-292.593866343864,-162.583137976386,-257.358150130473,-257.710681969787,-171.06979442475,-191.951760869003,-12.9577201258968,-39.0618706081578,-143.887032757649,19.9516829097139,6.89419896311345,-136.055492046367,-381.753641076071,114.350695105921,-107.735777286126,84.5987464500522,-71.5916079368888,-210.992865858146,-98.1677498619688,-88.0547167521302,152.622881998481,93.3064223227694,96.229233087288,293.861548334101,96.8242699601603,-226.161380405806,-313.48684861365,-285.53127732199,-311.768672111309,-331.834669219334,-196.403537293208,-312.911755281907,-156.922295286375,-223.628050954451,-281.149622038078,-298.716698735921,-187.545148074337,-245.259730782785,-164.564362895558,-273.560547235628,-257.580790583033,-313.775552251452,-221.674434426032,-245.607987692538
-234.027942665634,-236.213005332687,-340.329450250461,-252.313968416058,-254.284193510169,-249.078022993309,-264.227640165359,-261.326560447569,-296.543912934353,-298.60515258991,-295.771255482631,-275.930070794932,-290.909274978252,-329.165457880866,-322.226559701151,63.2369750610117,-142.697131076747,-316.365744879751,-101.405035963733,-213.945192085889,-282.694520915176,-125.397517564119,-242.958929886472,-242.558835654831,-157.866416167656,-191.169800915231,15.1344269336606,-95.8095070685208,-153.345565406283,-30.6547598304536,-86.2383960096712,-204.151973927757,-394.40761653702,111.376266439978,-218.866630751785,-51.6591706867949,-102.35543838233,-273.424053876268,-195.727808004103,-165.685828343134,63.5925489718729,3.75117570865367,18.4737423484744,204.444602447541,15.8263895442298,-236.589418754214,-345.11098705114,-303.353026468626,-330.509075793889,-361.496872579133,-212.26215976129,-318.011826377219,-176.846220154763,-256.490895654392,-312.46628370649,-310.838781555816,-219.016921733947,-269.113483875043,-187.84270015396,-318.097940326197,-293.349004111753,-313.70412268929,-257.559205322217,-257.907061212603
-232.346922416422,-236.574132908797,-444.95470730755,-252.574451377001,-252.448818259752,-238.609017416253,-266.223350263855,-244.813350725175,-283.700711625855,-282.239528573135,-278.374396659685,-255.221910583728,-273.868135685803,-309.198115327975,-306.403713440977,58.2800653163814,-149.342792009508,-299.584891495087,-137.417184733493,-201.260303187324,-292.264795124644,-103.013368796667,-251.308431710284,-260.583241838086,-170.698790306474,-230.166648204077,9.93905370824422,-193.599374734835,-207.460721121588,-105.735644499888,-201.948147494661,-296.988608274119,-451.229961752469,58.2901044838519,-269.143716984379,-233.304973290914,-174.713551855135,-390.331444956349,-265.737506185573,-198.301687201054,-12.6949281376317,-179.399781937984,-64.8045868620922,30.4908234604682,-148.466964977535,-263.179866137743,-379.952606935081,-309.823664823029,-334.327332359552,-393.982210281064,-235.4335717303,-340.97772953586,-212.992662642807,-288.8926697118,-355.346054317583,-337.639737699143,-253.03401260182,-314.77259234628,-221.346224870783,-347.083029001699,-353.111800226468,-334.984258284611,-281.886814418393,-298.113287219303
-228.924932248987,-251.104460145963,-506.877244016258,-265.439283417455,-264.106463366435,-230.238465118685,-273.242651971713,-247.288389440378,-274.061789824342,-280.085647606664,-274.993474185919,-241.519625028318,-272.396913014302,-303.708090798637,-285.494860748855,52.4257287077119,-150.31176323671,-282.89000312266,-164.552199910563,-200.863026341129,-299.37742307339,-111.990284655506,-271.93048330539,-292.522655632385,-201.255635422142,-280.640218741154,-36.6607345706602,-263.87369888717,-271.631260019277,-166.557559499466,-269.75042057356,-344.029392308364,-528.600169752531,-24.8558460908077,-253.32306339082,-356.121121685651,-268.967971057608,-548.339459481575,-296.053575956753,-217.454239750531,-6.38327333275456,-374.638333073546,-123.671869604644,-148.349570040088,-334.390778707184,-283.814905310357,-394.007148876885,-292.540453533089,-315.51818667119,-393.845036890072,-247.582952653903,-348.488614950204,-235.245703829944,-295.529034637656,-371.932311500691,-348.526335203731,-264.863838290478,-338.088085996935,-235.352032786617,-345.275405764191,-392.293047108479,-349.914797389507,-280.652170757512,-330.983049250016
-232.749435648755,-266.689754171661,-517.465833919634,-282.575196875893,-282.362614660603,-237.329226351657,-287.94048987132,-272.195400753562,-283.344912567496,-290.190301619542,-279.92536572465,-247.13809192016,-285.512005512807,-305.519472562872,-278.775931542962,40.5018170647895,-162.280506837604,-288.046794160163,-179.376882169495,-223.02841553822,-302.233112237292,-155.832812863668,-314.317221290476,-326.0737114336,-263.310131129528,-343.178688053682,-124.503593120354,-320.06166175838,-324.187789258261,-223.219206380742,-297.921227128189,-334.582063433949,-572.749927999193,-117.696098046258,-244.621441518302,-392.406638660997,-368.81247742434,-659.504595169472,-315.101167943356,-279.314169647233,-4.27837634880129,-495.078200348219,-198.045626578221,-305.120768114735,-484.500503887741,-291.116213520268,-385.264697622121,-273.192204498699,-297.632225641237,-364.541632218126,-249.816738864041,-338.547405320938,-248.101658344563,-286.927992342688,-363.95374232668,-344.104330408205,-266.894271266202,-338.771820890726,-246.714719881678,-334.559699987951,-396.508274587607,-347.435828278071,-282.712508464421,-340.305340735402
-243.283442950258,-279.83961431899,-533.164460045496,-300.3493636124,-297.964699245624,-252.93714840321,-301.662367314008,-303.753189534675,-307.529348955342,-310.986467391729,-287.645707816171,-267.259427309055,-308.108708355074,-309.000374299203,-289.942480732991,10.5370900381345,-184.797204813913,-316.862562995301,-200.089900658097,-262.788722987437,-323.293511276965,-209.311978237319,-379.331548197563,-374.454345812326,-353.095497488322,-435.942251957045,-241.149339542345,-413.386811422278,-384.957539061114,-313.551611197852,-355.781356458853,-321.99982563348,-520.94937302009,-224.700887548857,-313.178461334416,-413.845750985109,-445.781240833019,-621.712945613254,-364.543806274331,-393.575548224256,-119.741000268766,-518.128459779377,-293.499036251953,-466.205936016987,-534.6341691255,-295.253507812188,-356.622669202815,-278.124426278711,-298.40743864089,-327.630396440413,-256.003754080585,-328.137693640777,-263.936122491554,-281.860020736189,-354.004986904146,-345.957270581823,-278.449866538328,-338.321062445902,-269.532590300738,-332.561786962067,-384.109515429589,-341.660988941893,-303.311119556051,-333.210296700829
-255.61962996481,-296.44414720851,-556.708550610303,-319.727534688302,-309.764742955824,-263.007010818358,-296.035368683012,-324.988616133652,-327.602633385572,-335.256473567605,-300.137129990054,-283.817101384236,-330.436130968544,-319.320737900454,-310.662209216689,-25.9814723996068,-211.315382428309,-359.946324971122,-238.298714939618,-310.039736167411,-372.255431179574,-261.886884437472,-448.791252498968,-444.774611534405,-441.740855518126,-536.757398098161,-378.735907663619,-527.064453404339,-470.9604676559,-454.058805391785,-462.215509832444,-356.799763722723,-405.301278310698,-349.455111395799,-458.277991280392,-496.203906170654,-472.464679730341,-484.041019000858,-460.038640231964,-531.781530549616,-333.686294054034,-543.899805920581,-371.221410451749,-636.709872219305,-487.752627550012,-320.452517201066,-342.955970432011,-323.621003952845,-334.317903172272,-315.627738879224,-294.465100837508,-342.711455223732,-294.808934248483,-304.055239197674,-374.830021778367,-377.152941607318,-316.933099616799,-360.490896797963,-302.182281854428,-359.502691374379,-390.199991670858,-357.737800872727,-341.922879913225,-336.182759579087
-273.19811021713,-313.255863706604,-564.512215733852,-339.898053827709,-321.672927871149,-269.258234631554,-269.308834478655,-331.278412770476,-335.857400009657,-348.509679464052,-311.784197072489,-288.013899837356,-342.1421989133,-334.88682104153,-339.873699683834,-49.3994877503584,-250.290549252594,-408.319002622245,-292.059748057582,-364.439630739632,-424.042935295645,-330.844503851398,-506.635012112433,-516.078358894166,-519.863142538379,-596.359565203643,-527.551115094299,-607.391406360672,-560.403480928513,-632.096950996297,-550.576387684652,-415.996024263621,-329.250218708994,-473.766396675916,-624.029631780697,-587.359422443476,-433.42943426436,-393.653767099769,-576.825776109775,-647.478389919566,-479.650222824059,-617.773868913243,-385.769209589379,-726.319467099786,-414.152820063452,-368.067211717177,-369.894196260561,-391.226047626624,-403.222918948592,-343.483997441362,-363.182196928808,-390.620623553213,-340.317777760908,-358.769896024294,-435.418918354061,-427.109317808727,-377.998358105841,-408.888218677313,-338.35315109377,-419.231244036169,-422.850366955546,-396.746615085923,-389.76405591642,-362.351862748618
-275.961571206701,-302.717510198415,-562.732873844736,-337.210552254222,-316.088629209867,-265.931445634088,-239.847147384417,-312.884927772378,-325.660695628762,-327.87640894471,-296.175513641464,-280.18566379635,-326.437249759331,-322.628342634701,-367.684283167944,-52.5552541042525,-291.445517235927,-439.888913603205,-343.060974747752,-415.103834443501,-445.856126477551,-403.605655467664,-542.197182880749,-556.404389618604,-588.774578064534,-605.831623510627,-643.480614258908,-653.529460115473,-609.517514068767,-798.901839698293,-570.804514886102,-407.027124886819,-308.270086432936,-558.533987388913,-766.284336703793,-547.780100131533,-329.908933051536,-384.155889806353,-668.216464639317,-682.072033185995,-424.714469853724,-598.923904219479,-305.77374401742,-622.527979615931,-345.178441880211,-397.721479075523,-389.617211550175,-420.547102677494,-447.866172992789,-373.150860246543,-397.168404053047,-429.60151391373,-362.723836702946,-392.123101449674,-476.970687971697,-443.48253465926,-409.209608558422,-436.870865219322,-343.715098621759,-451.959192197993,-437.059617731763,-413.875774080607,-402.820998268723,-373.891542630661
-263.810932333192,-278.861554708095,-579.986164387764,-320.280653905202,-300.093347428453,-266.28047200344,-245.893563987441,-294.40042798734,-318.921913840902,-300.923313095043,-275.835983315025,-289.192638080512,-309.020668140722,-294.181525296579,-397.276015751765,-72.767618873823,-325.638065792573,-460.53794453575,-401.469457498489,-459.408988610644,-461.883587510922,-457.859699230034,-571.685210968698,-588.976781375198,-643.879356524196,-626.489103621352,-697.619275134801,-719.699464645297,-628.574209903232,-900.293788329356,-592.164147907288,-329.172384720748,-304.699148215856,-593.193855804845,-882.113975627016,-404.449283059796,-250.141575075137,-410.894497074602,-717.797335042974,-633.945378719129,-286.497271149273,-447.619213586217,-184.931410362286,-403.770702025176,-294.716547747473,-403.74082172141,-371.986795846653,-402.80145093368,-435.04826400692,-383.257594283227,-381.822158680561,-432.367609073352,-354.690103087056,-376.149896644859,-456.514702876595,-422.32751114509,-389.897808881309,-419.718575731572,-310.685945626846,-420.52132240697,-415.698373299968,-400.863483591541,-364.295148238226,-356.53078046822
-260.467564371776,-276.826188515868,-590.430439200964,-318.759246214289,-298.40006583994,-283.613508982092,-284.776266637564,-306.061430508905,-335.531014323601,-308.713740559574,-291.753650123029,-320.005244680235,-322.967457657751,-294.75402427019,-421.790974758554,-123.641848266203,-346.717293340388,-478.442789440705,-470.048232796325,-484.105001964278,-491.747651646087,-480.347112558035,-591.885520346129,-644.016643873045,-653.905254870405,-674.464409188148,-683.38791452949,-786.819045413046,-650.629480862728,-890.043328227322,-664.429905657162,-302.770088817074,-316.867350085754,-573.067158526493,-913.109838616087,-342.72923850885,-306.661097388101,-445.281730838524,-703.252526815861,-550.192261275276,-295.560255408906,-356.723562602343,-123.980263376083,-298.019427176026,-294.842442300039,-408.834786695382,-337.195447091026,-383.382729138643,-391.950022278217,-380.165757218257,-373.050474364087,-406.015907562965,-350.996160070669,-347.729462454316,-398.096552296424,-392.889935168459,-358.726998214577,-378.977074018758,-278.642749856823,-358.591625041233,-382.728429750638,-390.93183424983,-312.596861815896,-336.772896369084
-242.562383894344,-262.327867198883,-532.196676462593,-300.717876886157,-283.564594916086,-274.302244015028,-289.006784396837,-305.151587607984,-328.175215545622,-307.024532635066,-299.287888784405,-303.262575650709,-319.956531349453,-290.376644908043,-380.991786909155,-125.794519692436,-323.573006270718,-441.267447727609,-478.251260352217,-441.112038646726,-468.954399288602,-446.376623075528,-542.345815214301,-655.261470018941,-576.575065091117,-655.278464582881,-589.941410013973,-745.336952454337,-620.95116518073,-745.241596015217,-673.470905332685,-341.747634132893,-302.471463566298,-474.109479095883,-758.855835399506,-370.016655037796,-442.482838627093,-411.472449534824,-573.307240224763,-424.108464980424,-443.825184258261,-405.866891052918,-127.630758035296,-379.847049546208,-333.509614341173,-389.76621918346,-271.208652604229,-358.801821983022,-327.141068771687,-326.517719621922,-366.362184812716,-333.125989763684,-343.842123027848,-313.79113476923,-318.339053542126,-322.286669283164,-330.507398757439,-309.354744190143,-255.648382318079,-288.186781484299,-325.196668868305,-359.266384147744,-263.15873241593,-297.976604244792
-176.799757109963,-192.5254407793,-442.406737520464,-226.213961875508,-220.279340906334,-203.256691513377,-226.451089029254,-243.108073965037,-249.556199621794,-236.392530545938,-235.52439770637,-197.545447169586,-240.839064214316,-216.87831864156,-242.809666483724,-18.4610112281491,-249.471009290122,-314.062876595623,-377.178496151126,-329.130423080892,-346.872944359093,-360.396594944283,-408.203224611436,-547.222632429497,-431.423467841206,-516.199195430618,-447.11467677089,-573.150640218156,-468.797761938549,-513.832268945889,-517.498008465891,-311.871931170217,-197.521909686243,-326.020020287367,-449.377242188588,-300.902089915953,-490.776270264854,-249.994524337219,-349.762652722428,-214.152100111846,-523.529496832027,-432.429173523612,-124.586911416545,-506.734527374946,-361.354618112158,-325.10388711382,-162.948000429463,-298.932745780047,-230.712842818301,-196.474049464625,-311.81283693777,-209.133441627103,-299.466651239356,-251.188829244017,-217.553729923799,-188.406612637031,-286.520120245599,-201.742535044669,-215.645503296267,-210.783550442507,-228.630064393505,-264.356329092619,-204.262115978992,-214.253870759624
-88.6811751247674,-99.1577074323804,-405.279567499991,-125.093946380038,-133.082271045729,-105.556711112608,-139.394347898125,-149.732977764797,-129.83029556495,-121.205188306328,-122.263792595341,-56.8679169847767,-109.676201129072,-92.5951265059478,-68.3425004698062,148.331730414976,-163.658128283942,-148.010276223808,-221.109732516582,-212.268953781284,-185.402554233095,-265.490494395274,-258.466693519977,-362.948890033324,-286.428742659629,-321.727380775086,-312.933779746461,-362.529173334054,-236.433517028248,-276.273124093676,-259.321801215881,-157.347176079725,-47.0408778244875,-196.299228819952,-129.764788098183,-79.7000140051857,-396.288142888272,-54.0063193850519,-135.033458001448,41.6781188304255,-453.938883769388,-329.58267802017,-103.441970801529,-542.452941184829,-360.375662619964,-245.435322880301,-65.7795147843768,-219.032091819881,-132.547829646905,-52.9688692829224,-224.974390199761,-89.1391559637522,-227.875001857331,-179.476099151289,-126.405857355505,-62.806551477637,-224.302316703007,-101.476554741368,-155.203539455859,-143.923478364693,-140.673470427374,-147.674240496042,-146.891551026553,-125.153316925339
-23.5985541312412,-32.7072006964959,-392.011774243787,-45.8709988300737,-65.1229873499408,-28.8121291154084,-71.7537941538044,-77.1485148860948,-29.2129202909657,-19.4579519274424,-19.4991260293452,47.8210430155071,10.6043347237395,15.3687596268893,64.2120754968195,286.792951833467,-97.9028130137512,-12.97682331596,-89.3604968508438,-127.404252897236,-58.7002824192282,-188.95697652461,-144.766167300376,-202.412349397229,-175.079961786242,-135.025717718868,-211.602466010471,-163.688297621772,-12.941761690908,-70.2042866377405,5.8970247911466,33.8673380500892,48.9574807688289,-97.4667070517831,109.760207150669,165.409124248667,-226.554547757033,33.3123561173476,12.3525197568104,234.401418673518,-321.074007888455,-194.464407016805,-114.470847575634,-483.850676642953,-355.310148964957,-177.733649236195,-24.5055610743985,-149.061442991919,-77.5101354114864,22.6323782360085,-163.160586148982,-27.1119635611821,-166.250465242927,-138.863556884905,-80.7728365147998,-12.2567054034994,-163.128501272394,-55.8618795572309,-94.9324571764054,-94.9180326044642,-107.674867434553,-80.0652976434875,-108.871333132844,-81.3199028167493
26.4454508030154,20.5662286518994,-322.403096622473,19.4239470121115,-4.63089392435097,30.7109287382669,-12.5204978513146,-13.2566241236406,44.3181155581589,63.4170346993304,63.4829198923568,111.870631648143,102.929139850083,95.9957811738228,150.007524273473,372.544192027067,-42.4964800176078,83.60536646529,7.33201741944877,-51.6633400156937,43.1058664788784,-118.68273208581,-44.895405899715,-86.5900514761913,-67.3335227696615,52.3544789075447,-119.91255666753,56.5312487954876,188.210569121673,121.704481523188,273.948867838037,203.652161244443,108.949260505947,14.4442093851729,299.115632455509,352.073095252358,-24.60280198809,29.2886676000286,137.48282872881,340.949418461949,-168.177345677096,-116.755085585349,-138.255414223187,-361.97793194141,-353.039007346205,-97.3456166278473,3.35991314534669,-72.284543880655,-43.7477764407006,49.412587667341,-116.197253859614,5.74670798093081,-108.741382563543,-106.279966090868,-52.3178718451372,13.0339258854762,-101.779410283067,-26.876598261863,-33.8165241244913,-31.18376032582,-85.9216822329028,-43.074305700008,-67.173997945248,-53.1230932929028
97.988343461375,107.239855705701,-223.432377485365,105.861572456844,91.8733908978749,100.878385569772,69.4074191505148,85.7111345569765,122.387783346585,155.980947252989,156.660785774571,174.12256051529,192.215606594119,190.849244269732,227.777756976112,435.81192545513,23.1229094812084,175.25490518833,107.237650753033,37.0182961482004,163.543589084634,-40.6921891067526,80.0081699541354,35.888624505379,73.6848579030219,259.35582841427,-6.18551718822079,313.22216566305,395.723991510522,328.178210986315,558.571128305412,385.49166563095,239.373525025617,163.817759525762,513.408538936959,507.424980225785,226.449970259879,84.2746316964225,308.782544697177,457.102346307788,36.5581767039099,-28.1846586166882,-79.6846759281692,-163.655345514702,-298.550831720447,26.7519754735264,90.1221410928199,50.462380545502,42.2527828641797,120.41788633999,-20.9601138059595,87.5319283236501,-17.0539424037974,-15.2991843841488,29.1942019891895,107.507833577966,-16.5903035328629,64.4711883246301,47.7224834476795,77.6327408536601,2.34790413005573,41.4087279162698,15.4233085126439,27.1182518624394
182.464613652676,216.994204469741,-170.282272888404,200.624498675221,214.384176178112,173.57582502332,159.405104303277,203.851233623679,204.731519378031,250.374769965867,256.25742951532,237.4240976499,279.207372391795,299.939014502001,295.327566525463,482.823353304905,84.5844085850969,259.683009832208,216.512163448246,117.698990538834,282.4768631225,22.7365372557715,212.113439885951,175.276488911334,218.601730068914,451.051943907072,108.366235952413,544.731688350188,586.184233529965,520.664116987779,798.00688350358,585.012694190187,454.096130852821,305.344519497822,748.330558628157,643.881222503462,500.341624472671,268.252762555349,502.680955561488,624.698053788166,275.375952676655,152.732897865867,78.8479521813118,98.8988152108729,-113.95827212765,171.336259191072,237.066920117746,210.819629987143,194.011485715649,260.612153090291,119.549231781016,228.879292366892,97.7546495585505,129.854113160418,169.819853540148,263.149556686794,86.0082999782328,211.839371248036,137.999149839624,202.203120103194,146.498046528554,177.957837368683,120.043979831422,153.988295329676
254.807760111502,308.000675816223,-116.848294291765,274.675810125823,318.31650685392,233.289616554802,233.488838501565,295.888844812044,276.967356416716,326.450626917676,334.912401001108,286.284142021255,352.972613236917,388.502817074831,332.769072679831,506.490508365548,129.624434329976,319.005364450851,309.700190019286,180.522871615428,360.422354118229,68.0926479140613,313.664397744266,291.333236264141,318.854660562519,575.513039571188,192.786688074531,678.626658301431,704.207324528462,634.215236092118,907.074718551124,735.412436608805,650.207946902022,391.729102506768,909.228409433387,731.252624372021,696.689632922425,502.289265597995,636.952257359573,765.812782831119,472.237557375673,384.85544762734,245.178734754211,357.768490007822,204.768888621919,290.759066964739,386.528171096899,356.234693829305,346.592029792494,405.918804343048,242.810403260513,369.570046888291,197.213659540695,262.709539719388,309.07743223742,392.093471101079,181.951234790617,341.804430272908,219.732776498412,301.271257974746,278.857286914583,302.18895713148,206.896499829287,274.748153471102
295.298443047036,352.816049246648,-11.1198668548889,315.601415453728,371.007394232409,274.10313877117,281.174912454084,339.421387099541,328.410952085503,374.86277145829,372.681604264928,317.586366321341,406.295289431814,430.379367053534,339.125416334222,506.395536314499,167.159549329936,351.765088095765,351.509941540097,236.817914373629,393.585388871565,128.670340681206,370.158845846078,337.734106101044,370.587886216021,600.66896491206,269.19122283359,680.111640741814,703.463044504439,640.35735572319,839.407005243204,738.425811966576,694.106862540888,434.280084165353,896.952096769318,715.357795713491,710.670349648392,629.251266070698,668.562939566,767.511222621954,541.70887992707,537.42333282836,307.660437366485,524.122379736181,488.349957466641,337.881680076935,458.214130106947,412.824797196046,413.28321891201,471.594777653732,297.09174570303,440.009202137823,255.740453570937,325.349957496445,378.881147260719,424.525143434839,240.791865663016,395.435743222166,276.354771618832,351.748694942053,348.733161209357,356.977674457051,252.350133548544,346.534902955785
262.661483787676,317.629189598105,17.0283852492363,293.487538441364,340.9076891593,259.956456815707,262.844746281008,313.342905373557,317.629660319365,361.443367127721,345.558861595965,300.318096988502,399.31416054737,397.056760660701,297.752095543947,449.095264907779,175.806861833209,332.388921115259,296.199769547273,254.156036520173,365.575239371309,188.635147781127,358.107561442607,274.079697946656,376.310830086256,504.889882574244,349.860039219235,547.798446670694,552.570585241011,560.680135699334,595.361766226083,537.209502457384,515.94977899544,455.872570808276,690.137986669445,527.162492300489,519.290048652891,521.905686071341,601.982143291468,564.373617218509,436.906010402055,505.249020477163,206.814200314116,538.375517104391,509.25637244,268.93124219408,383.509245750407,328.09995589509,342.534150255677,401.953666539525,257.433048797665,390.320395647219,239.531141236331,286.551715213028,340.018365058686,337.055180085873,214.912822032357,342.101662142541,254.043266686893,312.146690817502,321.745011731146,310.372136772743,216.140733715471,324.960471754255
163.785455153177,213.794495096596,-97.9397865057162,209.29331699535,245.807783390478,183.057783348771,175.09043814169,233.213778292849,234.988501385046,282.399529740663,265.547571268201,219.402046887512,318.487706525191,305.18984011859,205.593172451835,320.887090973439,136.47244064955,247.379880434556,160.953070319673,206.752531897848,271.148200244366,204.90523111907,279.135841699824,127.696362386205,343.754772427499,329.146451768696,409.909757238934,360.154040572178,299.111760282033,462.957921697518,276.686451804518,211.685544035657,203.837561078828,466.630390945646,408.742639203249,193.999198544879,226.942627041527,218.950934883816,486.982518902657,233.494521637407,217.787969072342,324.901556361709,0.900584602072355,448.921017349307,277.246846975736,134.211866112425,206.370725586105,171.62455097649,192.926271069564,243.59269781946,169.851821811491,259.543956439378,164.782609325744,195.963617673191,248.303479659301,187.782828361073,122.934426075131,222.164981149343,149.553289401003,193.086633082566,226.415452738317,197.44816980847,100.778002931061,220.779737793742
76.0381119355066,118.369544182652,-96.1106955019353,124.179900827881,162.104922649957,103.300825184052,88.1495152121972,161.963525494059,144.147644757064,201.735201198289,188.033144811449,125.255270595939,221.790848523344,222.427128440058,108.104811492172,175.554663225927,81.2995041945231,144.794052775052,32.3136108184594,142.539856309744,165.222650430101,190.987130107388,196.528552233478,-4.11542169799334,311.935536390974,185.36052692554,435.425000159662,238.435478511197,76.1259134386981,398.842955819717,44.5318467967393,-80.3675075493497,-89.0895363446171,458.813433392692,205.836356230936,-120.594691361756,-39.8259768999987,-128.664304195537,383.464592622959,-52.9085647551249,-6.75099765398295,115.784808690337,-183.584978094757,359.330159939344,28.2835780510764,54.840543236467,57.3506065130187,84.2367210462036,86.4205350225725,111.858209988652,123.042702051016,157.43723544373,111.604114467077,156.661123779988,208.906486700684,82.0617823794509,59.0824276457051,131.7893164238,56.5006404939314,97.039821331319,151.456860286631,105.801519036165,-6.00332918585702,122.124604898762
31.2322003499589,66.9429837544184,284.500999083536,69.6133075270553,117.306781553599,51.6081619020017,35.894030151967,119.118787042747,83.81663368491,153.563771015669,133.64850497803,56.4034358531155,149.188037710925,167.534082622014,39.2948383544574,54.9712376996866,45.5237719517645,71.9711255554444,-52.3744793549529,108.037924714899,99.5270141326028,179.193468039158,156.613087190605,-63.5458658093616,300.130673043622,137.306970061846,419.141375943126,194.831417812906,-19.5943215143136,312.585076464589,-56.2558214808267,-245.059178093699,-318.618796035383,384.055215934884,53.8719567784606,-265.44176580404,-237.099811505431,-447.369867528412,267.654110288434,-242.218512616215,-162.015150534209,-64.9303966636359,-306.437382400691,302.222633657494,-91.4465622811787,61.539216389255,-11.5361894779873,102.141876139687,57.6565631414018,44.8757068195871,129.797811340125,121.83575708444,106.716087263715,186.38708858054,230.192146929405,50.9331535817139,62.1943771097559,103.615031355021,34.3647003808958,89.7130225547689,132.533605933446,67.7414832510288,-38.8591061303232,81.7730609525552
-9.95852591400484,25.5838965578991,857.142023239118,19.6954648571193,71.4808347251264,0.477674637715653,-12.3261610541746,68.3440450159653,29.7765409993435,105.388336066334,78.4713980353872,-2.10767336571716,83.2238494907958,105.17795707403,-12.6722047181159,-48.1096745613805,28.8740174555009,29.2937938954356,-124.124554146666,87.0889082964855,70.2267573714527,163.87749068127,135.390616340648,-71.0273869186128,269.627187171169,135.831689665869,342.657077260069,121.27547952554,-11.3068714223025,106.831603276388,-125.166233847032,-274.376785038105,-501.070815989711,196.07995855556,-195.009054972423,-236.135544760461,-346.636210805754,-729.059681921256,62.0790626064223,-415.758901088445,-183.834644080643,-206.581302955181,-420.297329365679,266.589807173478,-152.842745845794,96.6325622844966,-43.4521739669896,157.199216052342,54.4559959538979,-3.34320062273921,142.2600212852,102.638755420961,109.939270401953,219.390483354365,242.717927352722,46.5638095504147,93.0079939804337,92.3309717254486,55.2376424650424,136.082268088711,130.55673165275,42.9997729903926,-11.4522126071352,64.9659487024337
-61.7826663805076,-21.291375770447,1146.66452234796,-34.8433909541665,13.8347469273675,-53.2742405846596,-64.2097722667111,1.91502105449152,-25.8259525989833,40.7250371784122,20.1062616014068,-54.7282307556982,16.8062587658339,31.6019754665295,-59.2326288412812,-135.993097839242,14.4788635091789,3.01768997286055,-190.383762457305,53.2177349898419,49.620925410216,131.509988203183,94.0549517760765,-68.7133540550025,178.327103249019,93.9839119287968,209.420816864101,-55.7216888973693,-5.60934590622084,-210.913895151925,-264.362115183402,-235.573617394304,-602.453930650272,-69.4632238001173,-554.74633965121,-173.974794571075,-359.481110199293,-919.334134676434,-223.306240526993,-603.90579128477,-80.37352903513,-298.885550265049,-540.493010961878,255.659709534699,-285.447366050548,130.313265692932,-63.7197315348356,197.827023341407,55.9564573928385,-44.1938672741597,151.612621681096,76.9679579904319,111.524565402725,226.884543781775,229.79047048077,41.1984543752416,123.175636303438,72.9331935235274,89.3522032924537,187.921463326219,123.750276978716,5.71690682425456,49.7221653736192,33.4921752891338
-100.024728049655,-57.9314165484626,962.219908090199,-74.1032235461804,-31.6436669676186,-84.3459613485666,-101.117407581729,-56.0285910462177,-62.4735641511767,-21.9231373280593,-25.8035390187945,-81.3491091248323,-33.2976377875297,-32.3001541360911,-92.1104769388125,-200.121167509427,-16.6211087405159,-22.4539533718801,-223.498583947888,7.07943376083272,15.2792490564062,86.9626339423808,28.204612705031,-87.1486864653338,44.4009683837318,-20.2260345588838,67.9342770174879,-291.708303256855,-95.1510410387203,-533.076774005285,-505.276055417042,-257.06781840177,-602.477941104911,-296.466602962424,-905.914098959644,-257.83467769696,-352.15424837004,-960.223101584987,-492.740256769955,-780.77857519541,-6.896178322544,-371.504424063076,-624.97683751484,237.541132121836,-488.877239187159,152.385739973879,-67.6805967834612,203.442100463573,70.3205053998758,-49.4297378070691,161.028406501382,67.7374088648512,116.667557990566,221.282709611948,227.873080584327,38.9579746128306,137.430188443749,59.9454805779489,111.472081999801,231.531889672781,134.449557806021,-25.72720635227,121.66516856123,2.51274887184553
-120.02078387221,-87.0650235884207,591.384286908264,-97.7399017188114,-70.8698714253923,-95.7983136939986,-128.795167820649,-103.559495470673,-83.5487170440448,-75.032674628996,-68.9668539472368,-86.8755409850341,-67.2393827405677,-89.9836397957884,-111.557101199448,-249.467670375021,-71.0654405498745,-62.8636071984432,-219.879846364473,-42.9451167898074,-34.1062186168635,37.2676638121039,-42.2003708563389,-132.444826027028,-67.2239178732436,-161.936036929836,-27.1174959241594,-480.518419218635,-270.784926930859,-744.523327524487,-797.278128749097,-403.112572678224,-552.328490508962,-387.123277481918,-1151.07000058139,-534.081762189502,-419.690364565698,-863.195531049835,-673.256783459097,-939.080460020417,-89.4776230293737,-456.706312068711,-637.994469130718,149.58073448178,-617.757124173386,141.739471892084,-72.5223205597096,161.998303136043,71.0832453832229,-34.2440624038728,135.22273522528,77.1206179231086,88.2657721678915,190.794401390289,235.640626780409,44.0926796955746,101.855761550023,63.2520578010512,62.3446627203093,253.191811104133,171.487242313434,-27.5634305547342,162.800877990847,4.36794371154564
-121.248058714395,-106.62702839615,399.451920275777,-109.680378597994,-105.294504074324,-94.9606153690282,-145.958969397877,-134.318875935687,-95.2634712475087,-108.995961724766,-108.292571095048,-84.8969956239482,-84.3677724866608,-133.725888924946,-115.204702289352,-277.60246808191,-113.727071087573,-92.6148177654561,-191.410934031851,-72.772955497,-59.6415583951613,-0.846770566497046,-82.2670258911169,-164.893498780729,-104.77710419001,-246.775180092776,-63.8863556640298,-540.577578002076,-417.499489666301,-768.115649213397,-996.506212468762,-581.928009487064,-490.69361350801,-353.320460779706,-1211.75279460537,-830.203827704215,-528.974154101222,-674.43221857561,-724.197031146632,-1014.09585761926,-223.652331431167,-504.105010293927,-537.421743179729,18.1897151127466,-551.568124460206,129.533576884624,-84.6873667950187,113.451366908631,38.4350870201367,-23.5363558757829,78.7745219138889,92.5741639224305,27.3870601554066,123.967148341786,198.67857196071,99.3762943605687,21.3680053532971,98.1893557001786,-62.1975922239566,228.672201561609,207.30888817654,26.9966668403957,159.076307729688,59.4046828901505
-97.5872775457424,-99.6430326120547,397.419787221369,-102.650706986818,-103.569634915467,-75.8801697989951,-134.524355857173,-126.742600061763,-88.9418311569944,-110.785248619104,-114.506646502335,-70.1920833275848,-75.7327869660516,-136.365620939933,-91.4271139732655,-265.578750871955,-102.312021516722,-74.5084109008864,-148.158308208254,-54.787789554782,-35.8267798735731,-5.43042074824879,-72.2384529181041,-152.19687191615,-78.6100086961946,-237.698108344004,-73.4408790008769,-480.975582086577,-445.873646200109,-631.007251464935,-991.05389119482,-692.565064366886,-425.105564389366,-300.153963829873,-1060.35177549905,-937.899592333314,-606.61609245392,-442.217267088608,-647.469854083661,-912.674130382039,-236.203260353742,-445.376018080561,-306.809547598055,-44.5183647284493,-345.44217560988,176.341165780886,-68.9302622222513,123.935043070205,-0.275573235312859,8.06983110027937,63.7216187401863,108.819573011818,16.3749154036156,41.4209194653251,68.5764593487561,241.156546153581,-40.3915257326575,165.587997277955,-150.785558047827,138.856478411569,185.094821841308,144.368490493849,134.510278515215,147.573548953405
-90.7706658795397,-96.3196490071566,331.188096489554,-107.021868198641,-85.7745405627551,-70.1214431210929,-126.412901525331,-111.898672184462,-90.4513812037684,-111.188455052651,-102.252337885889,-60.7847178945523,-73.3494704785795,-124.487017171029,-66.8017507583043,-256.16819376815,-63.8493750281912,-47.2131642417552,-136.783408270814,-19.2619152236493,-21.1894262308945,7.03226349874778,-52.4993951334267,-148.144863325536,-48.5398448328908,-200.597521950898,-86.8735406272337,-392.161139109962,-414.596008632672,-474.910027076555,-843.911226472646,-768.323130018317,-415.039075252001,-308.97328311831,-818.840485128979,-865.605123409707,-688.745774918034,-240.286983331476,-537.828014405879,-684.866354358804,-163.448690987632,-318.352739493647,-48.6818418553753,-15.8191486281639,-158.459032230444,242.286542999924,-20.4137500345284,170.641701699697,-17.6590764079421,58.0314699432852,94.3768536662772,93.4439480327955,71.8109206608784,-41.8300922377139,-134.7220582237,364.781453322891,-59.0989846045203,186.467237259662,-124.736412702116,-5.73748757728963,51.4589928033257,234.664028805184,92.4290265264038,162.639487953925
-126.339959841415,-123.160780845577,134.613444584046,-140.846501677656,-96.1637692560791,-95.6030203468175,-148.158429289178,-123.933319063026,-119.510607949401,-132.166489023274,-109.045937325989,-75.5551221044349,-103.667096107681,-138.288538935245,-70.8543409012283,-294.824563923088,-37.9830677643404,-56.6921595391632,-183.15882158332,-5.88068860646024,-60.6040070354527,19.9708288857285,-53.7647308510948,-197.974616878988,-29.4852788606858,-195.810280536404,-89.548039996792,-322.26338757866,-408.573094262273,-389.3510661929,-671.221357441001,-818.419686425058,-487.634164837665,-342.96805471448,-621.329748156349,-733.095316920478,-758.691251883118,-132.78860319151,-474.145485046854,-461.441187115502,-130.376223268652,-198.231509133275,120.363098598586,24.505019844544,-35.6383530859044,232.061997492955,20.8063455642249,166.437173889937,-0.496693460799644,82.6553017074805,79.7967603035612,41.4285651167263,94.3608658293258,-112.62815372649,-280.164363772872,339.464350854477,-76.2514293682169,112.020122246811,-48.6516690559255,-131.358212629227,-120.856555390248,204.808190356793,40.7376690316263,37.2108552774256
-127.795555151864,-119.190679652897,17.4813416109124,-136.150655983481,-94.6145592625972,-90.3600442215919,-136.341091577849,-111.58021354043,-125.869175756408,-125.601302159163,-109.757954795329,-78.5760162811481,-116.392019589355,-141.035204551867,-70.9366998139292,-328.90163149017,6.27284642355631,-55.3978083072678,-218.409845725741,18.1033486212488,-85.7091303569186,63.375679259637,-27.3962634569628,-231.739209614168,26.1158569111608,-174.744826287423,-58.1171553507185,-233.941401976992,-378.539786763628,-335.2699349216,-486.85613583941,-734.551966760994,-515.948250339166,-328.51694026021,-454.135897401302,-551.368098054503,-655.636502740149,-100.485328009886,-414.005127694682,-269.94824688815,-114.49574398996,-81.4600619819832,207.171888474591,28.9212561300382,103.481187179773,161.630241076376,39.7078029182024,100.619305762993,50.980331932315,80.7266796502796,-1.57443879096949,16.4596385086013,35.9562122990809,-135.234839221687,-230.750192684909,200.407195108586,-111.429571229328,48.4984767311889,-23.5400669911573,-165.767667975917,-148.967045979936,125.309734058451,15.4990519513513,-90.2813169810682
-64.032866321917,-61.7387431123516,45.70021805751,-72.9852304430321,-55.3072700739858,-44.1149603403751,-70.7991860339349,-57.8526965302502,-93.7937713757811,-84.4909644415844,-86.4853489720336,-60.0946523458357,-89.5136411474351,-112.664308115635,-58.6502636924506,-324.642343470236,67.3247266626786,-20.5392144572639,-206.542953561009,61.4341683135514,-63.1075345096482,119.947480279924,34.6798241900588,-206.938839603787,98.6101480674199,-108.660689901184,-37.6793466325784,-139.276534908212,-289.056566310947,-288.229099245143,-308.857326013294,-551.936913604338,-426.851645503068,-301.216320323038,-282.416700188106,-359.392156892412,-396.432822932665,-92.926294595195,-322.01036510916,-105.306159213566,-99.0355260272681,15.9083070528639,221.627133283977,-48.8082040092218,221.31327867446,103.396913216008,18.6754243842181,24.9242922073992,70.07458170864,25.2288693347115,-76.9125598628529,-9.22812760545589,-55.2587589402303,-119.658934081011,-79.5280393322914,-12.0236941585938,-154.446172421703,48.4155523717167,-92.0386220952908,-166.415384760158,-23.2777265695371,95.803952814032,-29.2818856494961,-71.8294820367501
-24.808276619022,-28.5366938455658,36.5587814423006,-37.4671094093287,-39.1838082947558,-34.4583993692375,-31.826351960757,-37.3913716078626,-78.4497319526726,-73.2219319325427,-79.4293507617739,-63.9532071157826,-76.4903773987336,-104.048604085151,-73.6323222774011,-337.289656678783,79.3559491771589,-14.6134779971636,-211.156699760669,70.5513235204749,-65.6240936621261,129.523695884646,61.9434651836747,-187.464611498502,114.881025211071,-66.2180049498903,-48.5475100782661,-102.172271124716,-235.295040968904,-244.590856877052,-208.573702242385,-473.978037681876,-370.442135966421,-293.723819231448,-130.159180861616,-294.436619750648,-245.52500497208,-109.203530505903,-218.00501469191,-13.9970402179623,-187.346519415081,3.44653085974079,126.119430177009,-254.110531558409,159.62249520495,44.878645307124,-61.072389258097,-49.3146843039221,-6.01299203681955,-131.393096810286,-112.973421291199,-138.685614214845,-140.790518937539,-136.770742792962,-71.0386011668726,-323.390933558429,-204.801585017574,-20.628310291078,-232.822690428287,-254.355396216019,45.3280109814271,73.204258105786,-196.666337262813,9.31308117217165
-46.0975367956702,-48.0067938537133,-71.0494833179693,-58.3709891440942,-66.5659950569507,-64.9854598023399,-44.6689811578239,-70.5353899786876,-88.114809766494,-98.0854087576749,-98.9346250881465,-87.0034017135769,-91.4128457460805,-127.057443491709,-97.7095234385989,-380.552008051423,43.5143063088966,-49.5861036222721,-254.211217833845,49.0536779204592,-111.267980920936,113.14268489928,43.9212804641829,-200.428008490363,90.668526241852,-82.3006017769875,-3.25047784726047,-101.130377324004,-260.244255857816,-132.883619601293,-174.643575644075,-519.737705642601,-476.585468229355,-199.90431371903,13.0727889833177,-334.488664329981,-324.363361680291,-175.518352408409,-80.1186388590776,14.6290352951721,-383.449118356619,-149.26834270287,-24.8161408875093,-501.915087002522,-90.6790601817647,-61.514842282863,-132.59412643305,-133.768479545537,-110.208708474951,-290.79265771013,-129.430544104189,-312.201263874738,-203.19689520507,-197.500058014521,-235.383527352159,-607.55706286926,-248.066491849083,-215.031068690418,-356.62510552039,-426.308013557552,-64.9996509604739,-8.37372611704104,-439.795697733935,-3.2669061693719
-78.5331583656973,-83.8082681555592,-156.502208980911,-94.4591264192729,-108.160274224721,-87.1303663567109,-73.1033222431489,-118.35282026701,-101.011925350879,-127.182471465189,-130.288763248289,-104.110799526023,-119.405258392401,-160.356220848682,-100.440273516085,-422.672467807391,5.2209175954502,-83.1540011933696,-292.00889085939,32.5711075448421,-149.540899465455,109.944412077581,17.247163390636,-219.139351867772,73.8291897581456,-125.652490374566,120.323130781849,-81.1397763418583,-290.517599440688,58.7994405205957,-127.335664314511,-524.756597278186,-661.918591466416,20.3409290420746,160.792478243307,-307.82745098374,-492.980055988664,-301.717808969218,90.5916233967443,55.8478948693274,-541.610291770628,-364.103718547725,-113.970726600794,-651.795772441638,-370.905328602563,-199.416950022408,-120.268248264591,-221.293890747644,-162.483717899316,-310.051800698503,-139.843689148884,-382.313162058037,-223.481753247749,-224.715126886023,-366.593980892685,-703.600773994027,-244.374406719148,-396.7281312498,-365.025667466277,-540.23310082663,-264.873012148598,-135.72530999608,-559.696881118484,-129.684240036103
-88.5415429150051,-110.832773164619,-176.103233113453,-123.519031132602,-145.7318108786,-96.8905534652745,-97.9479867581844,-158.026086935806,-118.252081613109,-156.531403594499,-165.998761637182,-118.554825657243,-159.780589586285,-194.453273541772,-97.0189355150256,-455.306163863132,-17.1721150055575,-95.7225287085702,-289.553330002553,21.4243187897054,-156.875512109909,104.172092205457,-8.09018917927045,-227.800603350492,62.7338160162418,-155.607368321392,227.351293624197,-37.6715768239382,-267.475977896541,235.23995885772,-22.3580470882344,-430.216741313357,-740.045908473165,244.097712165569,297.555542311916,-161.104214669565,-557.073758455914,-406.649777038961,241.225477827178,158.787682531586,-543.256699844177,-490.000212818344,-90.7736496408667,-642.770592292267,-534.41700754814,-294.435211423733,-57.4354648701977,-317.336620721543,-220.468563070418,-211.431390647432,-162.140766894213,-337.519692901883,-209.540705937893,-179.130587979406,-335.625570168284,-646.764559243511,-167.023829381478,-424.143006680386,-246.806800711236,-467.394067337542,-382.532074859698,-243.469983659136,-441.733727333094,-261.478267611149
-65.0457357926306,-106.828663660604,-206.346289598603,-126.395791910933,-149.781663872419,-86.0155702511524,-100.47619324872,-163.859177124817,-121.908566004471,-167.996491554962,-176.106455496635,-112.859082062371,-183.280327372361,-198.230806929928,-80.2586037857914,-460.864831200463,-2.63443059917803,-81.2101780232552,-233.046692420413,23.9843641246284,-133.873402295291,98.698448149264,-19.2211870075974,-208.431278410269,57.4518709292452,-140.409187303842,278.400170274257,20.853415709771,-195.216027314535,352.155422025456,124.820578563886,-293.273673992921,-607.476492945443,398.276033289574,435.347847059181,17.0407064946015,-413.895805097706,-342.39578647541,377.261247787489,315.654419005512,-383.811732484635,-387.814438698769,0.412663197787409,-477.465725427948,-517.337085254106,-298.932081118724,-17.2873813986485,-425.439686352422,-351.859460439008,-113.394443360998,-222.263122612898,-274.124010502554,-200.863105732998,-132.652151587267,-248.387300972755,-525.397466357025,-63.3819525953125,-304.405459123398,-99.1496451669968,-258.540141553677,-324.510973335922,-254.21488598082,-203.177139212141,-283.972466211689
-36.5640818237844,-89.2300574791866,-318.52634737064,-111.51880654781,-128.777353638879,-56.1143765603082,-95.909087576336,-147.594030122948,-110.861296835438,-161.433078647398,-165.340107947371,-83.9472148167619,-182.934149505373,-178.531005457187,-53.8055765620447,-443.655745669319,28.8617757632169,-72.0414966729555,-174.160288231232,25.3440760122826,-123.024956116659,92.0944020396333,-33.2979650593239,-186.287184922643,35.00076359792,-118.678111919666,282.758328621588,46.2679049472387,-135.15473448305,406.343451703274,218.594940728488,-175.98135969794,-367.149712668596,488.532302696999,543.656974192839,122.606491713891,-160.34541403794,-129.949393562087,500.880300921832,433.462895694952,-182.781092979837,-127.333574236945,36.9378289634418,-260.410723508369,-378.581226325986,-247.673775355323,-31.8528091214599,-482.845475725578,-476.800961898212,-101.734275630614,-293.442777116415,-279.353827415618,-209.707884524488,-165.286637088947,-285.773202695259,-389.122564430487,-32.7011847147287,-188.066044020832,-39.0542951123936,-118.196706513415,-191.1279931918,-181.792064008163,-63.3376776302342,-217.265867100595
-59.9471098499886,-118.22415872164,-492.339848715261,-129.043460372645,-146.072216362206,-56.8406365452261,-135.490326072742,-169.786542836274,-130.458117875401,-185.177698797414,-190.711493737904,-85.7050563451848,-204.754812996869,-201.730102943055,-76.0528777514116,-460.260384089009,2.56635082885385,-124.609376396416,-202.937278534206,-32.6070497104393,-185.611840911389,35.6281357495707,-105.832432345242,-230.827256450106,-55.4030457248654,-175.360209765775,209.56462044968,-29.5397325317306,-162.257453142314,356.384128102285,164.286856895346,-127.432393783192,-215.856356492031,476.589046199547,527.118170022259,106.169216376044,-20.8531709136746,21.7314371756972,525.267658501269,403.304455007881,-97.0607410288251,33.3513188512795,-72.4709008454019,-162.077418640594,-274.917565788816,-202.193257897913,-99.1890972635959,-427.718402764431,-480.677872939214,-189.848535766431,-301.133641863661,-349.471409163678,-192.429089059969,-234.478776367256,-426.650720757598,-313.796661616367,-90.2482379333169,-208.365961150603,-81.5238818186148,-146.301389134784,-159.98879282077,-139.196712309335,-91.0663883102918,-182.2410172297
-125.625205582943,-190.394318281034,-622.907856686984,-181.941198407626,-206.773666177249,-103.054482234465,-206.35499324885,-228.7256800939,-187.243182788812,-241.846729014034,-253.16179318753,-137.36744748023,-252.832606611416,-265.633507386323,-156.361678301154,-520.897346788961,-88.5478200545474,-220.447583232822,-305.4832707657,-144.937481712431,-293.823419690324,-74.4631807585629,-224.493474667185,-333.135479103766,-186.632746247494,-304.796710239299,58.6768044979849,-169.487416894641,-265.244926505328,214.509424811722,6.38924191382031,-148.613874650873,-186.407409625856,349.350651758876,382.677971308015,2.65868442531418,-60.1622606476439,30.4309601158059,414.144123835849,248.338025704397,-151.200930805747,-21.0463811338555,-263.166180466106,-198.424042671194,-292.494607763666,-189.477451579645,-180.66441783524,-321.622420424533,-391.066435695076,-296.144338632547,-244.520740035702,-390.611277859095,-138.637948508171,-252.083643778329,-488.303770710157,-310.593247497721,-150.518336319622,-345.627016985098,-143.373111763715,-236.313901916952,-268.458286076572,-193.894580553236,-171.699550847625,-230.619701017671
-167.008979038937,-235.10278572116,-634.765782253053,-217.225696555092,-248.046785981859,-147.438248774509,-242.12065691972,-260.515694449585,-231.114877297588,-272.784145274269,-292.630624893672,-187.81231110569,-281.274161500264,-294.031232970308,-227.346024130068,-566.871400942211,-166.675321743223,-288.433409464884,-377.184996445349,-237.523390493494,-364.826018863786,-179.265552502809,-317.941385953877,-412.273387419592,-285.284167743712,-425.237134902696,-115.726189502651,-282.879434741814,-359.65638671383,63.5851943664112,-146.082758390514,-184.72501891567,-156.193820186318,185.799611537156,214.177296077543,-108.225449547707,-135.838497413053,17.6437758712624,260.34593171585,78.1596541148483,-226.520918803074,-144.737796009226,-394.629710852681,-222.702045426896,-361.509725190288,-207.445761711772,-218.864034445308,-268.113518765739,-313.707938664644,-327.07619459581,-209.26853889698,-358.383429406623,-109.269865602673,-230.860240742957,-436.714270840048,-300.689491468771,-163.918761755785,-509.778828199367,-162.368928592813,-268.186850695611,-420.633684619382,-332.569463405929,-195.619161945326,-318.5387704975
-153.597886969269,-215.05670831075,-549.519217707119,-203.524765380196,-235.816409006528,-151.912490842218,-218.772397965403,-243.96210350397,-228.458035755626,-251.043117373788,-279.351627547565,-196.701948811434,-270.823272662808,-262.280348685011,-245.813666433414,-566.626607386337,-185.527342670546,-304.570158762117,-374.023143753619,-277.513271716095,-382.086749645926,-254.391430524911,-369.494128243688,-441.68488214674,-360.595449020159,-503.659562434786,-298.606057898437,-376.000872306528,-398.832889645858,-71.8723717102549,-262.079148388474,-182.631913443557,-53.2626481670498,39.5136321768503,77.5466783368815,-162.968855424493,-128.023420538787,75.1343411488556,146.658005496213,-59.1106288760222,-217.608439580365,-174.661375182412,-408.078456069129,-156.058911621986,-353.311748375954,-228.255356528163,-189.312861728752,-255.126839631607,-262.063429042593,-277.161406692932,-217.235299889695,-294.637943134649,-121.577471617625,-215.989166154033,-372.219211981975,-244.531374075349,-143.445068548285,-618.374079255716,-137.105092039476,-223.552847541531,-502.135488204065,-495.368432805786,-146.481748359411,-378.631381105957
-108.053154870626,-158.37511183135,-437.402611416369,-153.950562214712,-187.530900151094,-121.372020398071,-164.012338551029,-206.813279076511,-189.428955649912,-202.96509106495,-232.972944496611,-170.742483247329,-234.605729553933,-211.959591283154,-223.293464000872,-536.483061173568,-172.408577915258,-289.649463607575,-333.885310572697,-294.538369510397,-382.714636158125,-325.398761296888,-414.533265836775,-448.560452704848,-470.781164849461,-557.244228838917,-512.835307447634,-506.483806194922,-398.630687965514,-239.970983348086,-350.346446335141,-124.355138407969,94.0432308140629,-131.848763171734,-55.1078832310662,-140.443703382133,-37.7659380611133,167.336331384444,47.8005920664563,-166.45385181098,-130.976367341561,-117.163108800282,-343.353006547112,-54.035000598726,-215.827921569019,-218.339436865523,-115.724204323471,-211.410227290437,-179.030431582175,-189.284426179344,-206.144015858198,-213.673865157754,-121.152060208274,-183.740351623987,-291.626316209572,-153.768091349332,-100.927280785125,-575.940359096574,-86.1046793100954,-132.371332973386,-440.166894266046,-556.243104104977,-55.9997529087736,-353.431754267067
-62.566508553121,-109.179672194918,-358.716169762345,-97.0086420354999,-134.070619976249,-79.314544774801,-106.778289856191,-166.514809106613,-137.456843608182,-152.771538623888,-181.613331405713,-125.209868419537,-182.551273937891,-168.979379897903,-173.863527441908,-479.624546150426,-168.355635825214,-251.215900724558,-280.544603544341,-312.475345449036,-373.55329797336,-397.087265148312,-449.962795985368,-423.914078258573,-596.95213885346,-570.332636320732,-722.453909299706,-647.011069643255,-365.304010881127,-450.702835862981,-379.616246728169,-13.8219401843993,241.623103708901,-360.356040197096,-201.5749251349,-57.8409358250761,99.9862500399329,244.512036096524,-89.6575250099868,-215.616760390786,-20.9091682758288,-51.0786620839939,-243.780044336582,40.9356483159847,-4.79572436408352,-171.100827758677,-36.4257154019479,-127.453495513653,-63.1832431211815,-88.4927642888484,-152.681692377037,-99.8568387253493,-83.9015010219938,-112.527087805914,-145.813742797026,-31.9943958698748,-49.6903061775408,-361.923482028334,-34.8429491974812,-38.7710514445924,-256.475121393989,-417.436705731767,24.4385179846975,-235.55060264375
-4.43496743013158,-53.2655048793978,-304.854802522714,-24.5726725879848,-68.288125631137,-14.9395056987713,-29.0917846099447,-95.6679830951674,-58.6343230912945,-74.8909926746325,-106.680518706188,-41.3130554745198,-94.6837064738284,-93.5225491883617,-76.5650756729525,-356.925588800398,-152.625191880592,-159.369015564208,-176.761831949654,-294.513557900223,-304.542593145715,-413.223538082904,-409.895116352086,-312.628109067836,-637.344335957688,-476.435520070322,-824.754348832738,-684.498339943867,-246.532343091041,-630.491057371363,-293.278763755617,149.243321164485,388.106721944699,-573.144757479807,-314.542616405091,91.3058467070185,277.554398716364,347.659729571881,-236.327149866471,-145.894450800531,127.29035741278,45.1365902494265,-82.4916914488622,189.237347526423,225.551767755843,-79.2801778462143,50.8438794116844,-10.8177211222414,63.0032175986843,32.7741807159652,-64.9691723505715,40.2236317761575,-10.147292502878,-13.8654401215799,31.6759520339641,122.314937906894,14.3288717570187,-89.3377489489958,21.145524043613,41.938972052051,-43.7885259452586,-142.295847834362,80.0223731557313,-69.037852681645
104.988397044648,61.1660522543954,-203.763987981378,98.2698410970396,47.9298364680122,101.30586380567,105.966584032771,41.7639726831725,79.3321297266793,68.305013173618,35.1656805235465,99.1284644438807,53.3527989853102,60.1004471601242,84.6871220367484,-148.79918588252,-70.1270606349677,5.46260561187702,6.4817732157117,-187.211802362266,-136.390631296778,-323.891107136475,-254.570582814208,-101.018649788865,-533.979940651583,-250.666213490573,-771.501990730557,-545.106101255097,-16.6090954813255,-705.002735878831,-96.6546241048035,336.528503779055,550.042435171236,-683.13195749722,-348.398425831072,306.698154013696,473.498148089176,528.176165129201,-328.703897524114,30.1121541809455,337.266155893502,237.418634881805,154.149468040924,418.958809076095,471.534542259843,63.5972757593748,174.919851522846,143.05385379505,216.118745737462,186.621601548986,67.9656613450691,197.933250262223,114.684164377706,113.998773109434,202.608618140993,290.69326817337,127.31629704024,130.350492760809,122.943698894085,148.277550765301,136.071056061016,116.162718121833,158.962873976314,103.173180342667
234.464462764054,208.162388842916,-49.514001028272,242.340226078799,193.613408766442,229.646478321495,262.237238246079,205.565207973968,235.09088888139,235.084939455239,207.683854537112,239.880102884299,217.116413783371,239.450255767709,251.066108664324,63.1068260994739,49.3022877836901,183.996540907222,201.111122111166,-28.9093980159388,67.9795059534211,-186.425237068332,-54.4708285204413,122.338758884639,-361.833344258512,12.0787644370465,-644.777702326204,-291.076930153853,218.862342224611,-685.713641641648,94.899931992918,454.403631126794,706.903179458022,-718.808196806394,-335.82541064928,447.904130721105,629.652051519706,720.522469480893,-392.17607200079,155.303585617721,504.940293407069,473.941130633486,350.237806377062,591.574660459686,698.305609834618,204.854813933062,318.072908234658,284.495857382752,378.0886104,343.226204613345,208.433913973728,352.574251286394,248.518731447523,248.630005399581,356.936698904552,432.572654013944,268.762065369239,278.020453834855,252.027454507096,284.662221194618,271.654188715653,272.514395373806,268.978110697014,245.121713753427
299.344756511636,293.968326972611,56.6573357940124,324.431377584338,286.383160060854,286.131209079797,350.818666653305,301.146434350836,313.484152072348,328.803317399832,309.305706206759,296.350391556946,305.615138323247,336.884535672639,331.146267217883,156.844812030888,103.622318515182,279.850943802722,299.562201738303,67.7820221946988,188.346628698708,-116.118332126796,73.5472830952462,245.951307763481,-247.82728953441,180.78190010677,-566.406982881432,-73.9322421653995,322.603395712774,-647.426537510233,157.831571560202,442.880626198826,812.630601547933,-776.505845788345,-338.59403813044,349.718209155862,702.411036129551,828.83427665653,-499.5418719629,89.2844726466334,503.801206547904,642.983778957547,373.884469105698,569.609248199617,850.297190337005,273.496807553602,432.592607772752,354.266042073282,485.292242619792,457.371960049591,277.535989466537,458.772414548562,303.49449941819,329.52939515818,458.049832859803,521.02840064783,348.356688899793,365.065269186557,321.857198801144,378.651552324867,350.732893346502,334.886689644655,336.767866296732,317.834273443204
292.887301199628,300.123420659369,65.9163573935566,332.373406999751,304.658669160461,268.738503422889,358.846035356922,311.635168430664,305.734366992221,331.185455818436,316.830867776214,277.316380620567,305.673241126983,338.32561755613,321.527836930893,131.144086501456,76.8406680327011,280.123068377052,298.952424141139,70.8907535468079,198.768530863646,-129.377773435806,108.614582493999,271.052982011147,-213.863704690904,242.789584629473,-557.884253847859,34.8417535853999,313.818815699154,-623.339013741862,109.062476375905,381.783264941934,850.784899999372,-860.052173152724,-346.93767010795,105.688876248098,685.789303478907,863.141686830132,-623.473522938859,-86.9541486929906,373.979000350482,730.907899839069,268.547529549125,444.700181070389,943.743001268781,283.220982396082,511.97790754323,379.648268325335,534.05424441937,530.44568650993,280.834290314434,509.941342440711,280.771988192174,349.377571505643,491.953760831093,570.238483179255,343.861233817026,403.304653407259,312.386500291394,395.0033594318,376.377484710929,351.111910034786,336.332943957192,328.957312365737
285.221825840194,295.013428188796,63.0180251586322,329.664739895575,306.183384491534,251.653897339867,354.782717585127,307.522599813516,296.271724074864,315.115379140768,304.607418661022,262.39883940174,291.743727607447,325.501142570955,298.564813715004,99.4827344568482,56.9196840117606,263.220328547762,290.989055062985,64.2059383753644,188.829318583569,-139.699551018946,135.858335974224,298.387485226287,-173.368396394293,304.615894514396,-542.838245486748,134.105553012465,341.722750179643,-540.507672719298,112.893226154157,395.141827730723,854.955341649085,-851.571864634331,-268.582072885218,6.04817270610436,617.754361039875,879.392814694597,-642.308306081806,-164.347966756179,270.896372277224,798.522510889616,195.773326594904,415.849539824401,1024.74144087874,287.62463999755,570.472816494705,401.168433634329,566.277766459845,584.04947116263,286.116991334939,546.69255672648,259.309172806777,355.828085688234,505.690128352498,597.004538147242,325.149337498155,420.59261549853,288.897456472971,386.515283133557,390.448703159385,364.290520466721,330.105014351237,336.669142716749
289.457751096396,297.349919497055,108.482722300161,332.540661409897,312.450545231194,255.969678859922,361.850396762146,316.45946602356,312.394607081987,315.922871356204,312.516587962483,265.979688132404,297.973349181105,336.593761096317,287.912830954859,113.691566217763,79.0710336871252,276.216420377216,316.201160142162,99.5230411789992,226.476560374718,-111.513188572887,211.441455805133,379.843738437181,-75.9380714768989,432.063389327375,-472.720900640251,336.684278604589,477.029023146492,-321.712025699596,294.88248681206,497.169403083633,874.976971460678,-691.249635799421,-52.7114822791737,173.731983618136,596.325940442517,872.7316951742,-510.11178485121,-69.5997548208932,311.357249132704,863.324217859899,237.032928291421,513.750940395293,1063.94834704532,261.651244071846,587.931753745903,356.04033613478,547.438520313848,599.855563921492,278.683473069688,565.435559215076,248.503480982517,340.473673328111,509.09640246374,578.906714319852,310.830403139767,420.43944201893,267.535149052924,375.160037840311,405.556951751267,373.3085036786,333.737755659333,354.842122562376
273.629147694734,283.627661166413,146.941337104483,322.342850795904,315.362770046631,251.193801030563,361.112006204808,325.408495268024,317.958079215147,323.983949418561,332.800164046382,251.244625943797,308.999098753628,357.322664047788,263.82864666528,145.483114809387,101.896929913175,305.697113647828,362.053543093475,153.428973784703,308.861864938238,-71.8690698067681,319.812166230874,491.022336988907,63.5785994348697,589.045581845119,-350.459016383837,604.060872135575,649.70458469745,-10.3317875482336,574.861858765087,625.419553748302,951.057945300522,-466.23165365604,212.792335837097,439.228011192189,711.933447519169,843.567293093782,-315.114960370164,87.5331470192147,513.164146642762,916.891781470266,360.496325543905,611.787081006853,1024.05987628545,177.957295523523,553.291979202131,192.297828723207,419.019206764751,566.116660594765,218.694167872855,534.372640646107,216.760069724822,275.658405348143,465.846210489392,519.728897419534,268.213803424382,396.851370563127,221.117172342353,332.877404040374,400.929666219329,371.80241096442,302.513744371289,357.656062673589
271.347018109072,297.389703176808,151.52810554195,341.574839796872,360.625606086528,253.950492716583,383.786504171614,373.190588138403,332.77236728566,371.994415390065,396.385313633627,242.28972766505,347.084115848097,414.356548090719,248.890957913297,203.242747569156,123.948038395769,355.348305014096,451.448299433424,228.014892906845,425.711093923004,2.64406221657215,450.2876589548,617.548988545977,243.666550852674,731.257599380997,-155.146499920132,830.2322958749,776.118125233358,299.015786548118,771.440116868084,729.50164424851,1086.41709087468,-247.414907308553,408.805208083862,572.898658063495,914.718884688996,868.92671181063,-138.554824962883,197.610234660849,750.02113346069,972.352037627213,500.746064992394,611.208148420774,973.567169477547,137.664706074197,520.493285218569,51.9322143349438,279.123419124553,545.87696316808,194.678179625132,501.680774063635,222.865661851315,237.325177009402,418.092302407752,504.948593322674,244.300672326097,404.978346058632,198.813551976026,294.956818125947,407.140752419552,409.690229054342,261.159687590775,373.792530746196
324.04155441761,377.391528866666,224.558321945118,421.706115634206,469.682678249086,292.424276521517,450.86258331712,482.605319463069,391.022136134453,475.193722094509,515.84011347103,279.331190025703,426.886678621614,525.170314437318,280.409223585135,297.919175401983,178.681915802507,435.198086717467,583.829278455141,345.395833882338,563.988491592672,150.139447304412,606.058209797203,749.169712872486,468.233984329408,856.49504668095,144.960842605512,997.243185312804,838.509432887011,589.919309824849,842.979833777008,762.334344608901,1178.76406628288,7.59771904576694,554.419146088256,540.474871794627,1004.8714163164,960.545052013297,44.9586109729515,294.150008685754,801.101487262139,938.976834263219,603.113719283026,470.3296072364,992.601105905602,239.68696372487,533.191896882379,125.40304999959,291.494306927608,603.351438267341,305.712447875759,541.698567785583,328.829907985875,309.631626067079,450.287835957326,588.73276781408,305.485976394615,494.946649157655,260.208600708816,321.390464051779,466.182972114077,518.586143773674,276.112098213704,443.071416684121
386.481804026102,462.140465294147,480.648201410931,498.201419262601,565.836867577145,335.946795648473,504.716375423691,584.655708812014,454.484374267591,566.380590893025,617.587403170353,330.99968138975,497.665977634143,623.542729062607,337.785352382902,381.16961901416,264.026604664968,520.806473776087,691.839552317087,483.739333505486,695.161028322823,338.914861917524,772.108651320658,860.615839240669,717.352633115793,985.606664605821,526.451085179976,1169.50141256497,878.931209269858,904.956651433828,925.749552646885,726.445532261375,1095.75004451308,335.346443829441,781.168922576884,533.54144609465,862.023865270785,999.830935265971,290.345330100205,510.949244353264,625.616875463939,632.726277825979,685.075783655598,191.779102441644,1048.46313847758,405.430630644017,514.552093685444,348.688160379341,398.498236899862,672.657074427579,468.242109254235,602.442476146661,456.147405871675,426.563730006038,525.882498275067,679.240601308569,395.171585831795,606.949841506384,348.96508627216,382.041219181351,542.120264353827,635.397126258254,333.657873591193,530.639900263747
395.012847507521,478.900709401625,861.63618643406,502.693021879286,574.450455899872,343.706848850177,496.569828281202,605.905930035887,470.677331002699,584.139815845507,631.006120637048,347.513006932442,509.956114012422,637.332575785315,377.800607006019,412.098623160286,353.164610444812,584.835995412214,728.60961956314,599.921792657872,794.34637797303,512.113630156988,913.769647582823,941.335857790709,953.205310187157,1114.4179674801,903.899700206784,1348.13828889094,941.037172252253,1224.5695871518,1102.99749760852,713.279726699847,881.601319837465,673.747622923481,1100.33128512734,716.416669278425,652.243551799388,931.945067141056,561.670500821671,862.777173617106,482.787292662933,160.003830491501,814.874602373493,-85.4156695174892,1052.71423267198,488.302280061685,323.376519861798,483.599519317891,379.579648338311,553.353491274588,526.955505139025,515.859981762301,486.715531907959,460.149426223696,503.382739729414,601.494926012727,412.703934255859,620.129957262292,372.764569595671,406.438635168995,563.222077015194,665.319224606605,369.021614135806,565.176298905121
335.193964120876,411.690931476233,1107.74235671115,428.386284317115,485.708666926011,304.074902528054,431.433213765415,527.288668612458,421.098448853675,517.89732832318,541.365852858421,315.014143719339,449.046337367598,549.247150245575,371.297433831859,381.268573467368,406.888790865022,599.022565025309,680.211185547944,651.384960116703,817.321463435063,629.483896638088,965.553966828205,953.678054736478,1096.88543544537,1154.55773377837,1171.99669028521,1401.7615086427,969.218856198725,1421.33228155628,1221.92627183244,742.906683610405,692.527079317295,917.470640577341,1275.01337302858,958.20700937063,606.85408893775,810.366149226006,731.74030547547,1111.30616145032,570.115256349969,-36.8803644570597,953.658639072423,-161.004671679436,929.147629948048,452.171757482274,-30.9270910690035,445.144994443755,183.442369575896,141.800001328557,454.811656048007,205.434615859855,412.315776829454,383.960050687993,320.17731503906,284.191317291485,355.49598974383,474.479308381585,321.245723293834,370.539535767941,490.853195309357,556.382012532167,348.191961967875,498.872007176019
217.750346516037,270.734730408424,1006.57491989929,289.297396552998,317.674024590747,217.771051166375,316.442546975925,360.269698541727,307.561942574046,371.574817181518,359.471129444633,236.180090516959,316.7392336456,372.930815964026,307.200072806511,283.273763666137,382.103114896399,528.15088774399,539.809613463006,605.326617600739,716.831835883258,657.715922980252,875.829084111015,837.773813016385,1072.13112099506,1017.26240413402,1265.39221492668,1238.65840567395,859.735092581678,1392.22033721029,1087.53186106194,687.312037639069,538.525016128321,1021.32378012716,1103.85963180034,980.977718611814,660.666663725019,626.78524036297,729.429881068278,1027.32050407693,715.139085043426,177.121571455004,955.589404423534,-34.4781468699437,615.726933623007,349.44851844293,-320.206704861249,327.045874019857,-23.7925269513296,-314.986930800601,325.579997435778,-145.150411072294,299.377976167844,259.876509329957,88.5957046127236,-101.050634927451,278.920160152678,240.727577747424,241.764476299751,280.690646534956,339.782786803933,336.733147344412,269.577301425927,337.934734579319
76.5632142120945,99.1352219940962,670.331468859689,123.198737967774,120.866091294599,108.70085933933,169.468786038938,158.423797718605,170.413980702168,181.920288033206,143.655830770139,135.781569048588,157.518449506416,163.00552244671,214.93352940981,151.683936302228,291.23058054703,393.456659548914,367.439186987125,489.768634111812,538.904507732447,599.455892172209,698.092381847867,638.829960089983,922.047283857405,776.170317196369,1201.05493678642,976.358397845112,652.425947519617,1208.69392560414,783.095660023907,507.640141187507,321.164836756983,1038.07565421783,765.432579075214,739.447296379869,599.859954839171,339.787461261939,650.610057905307,722.878138168108,647.24343145327,391.841716523541,758.645240975909,99.3606769779601,139.589134452287,225.923046926218,-373.198927109504,200.035466680602,-109.389418872563,-466.02621420711,198.03302543076,-280.154046598201,199.427280794783,140.04017007089,-40.7341256211372,-298.757682902052,206.615261771892,53.9638515066285,183.49623955483,158.337190347727,172.288826557374,113.715606565056,156.481942547378,153.436194757375
-49.4497279189115,-52.4720301728853,393.923481563347,-21.0158446632843,-46.5778863114685,5.36311775835113,26.5826969574913,-15.3258034175358,57.8261137906133,6.24252449708019,-29.7939453848311,46.05898254515,26.809141376264,-12.9342632137376,131.836640506212,41.5835562126384,194.440650194577,262.902632085624,251.358925843346,372.313393510026,386.654930503612,494.334247900321,534.443170622862,475.579224888615,759.769258439129,585.875147347646,1038.22875932787,785.85439393891,497.734136128904,1013.60494660663,564.956232161878,370.111334300323,45.3123968138422,1019.02807163623,577.474680171821,444.126238082995,424.712918293784,-2.76803209592339,613.493260485249,481.386243825305,380.306337249632,276.272711263259,444.148965572048,112.393371708744,-341.164291519617,90.625843295739,-312.299753723607,57.7767257593581,-120.51116716419,-361.622500143324,78.2803640215306,-229.4404284885,111.87267901494,26.0826828974734,-78.2436404080116,-308.307242688132,128.861482465093,-61.5395372234498,153.661577170269,40.883800817078,27.4382210434056,-47.8153784768538,41.3563668912127,-6.43965612376842
-165.764248133744,-189.41967968339,268.55003869057,-143.852979934405,-186.952862405398,-96.4348709482731,-105.773308412019,-160.49206016297,-42.038693195568,-142.244893249239,-162.763810658853,-41.0950377657769,-83.1863500563036,-150.37171703057,47.8054979146,-47.0368916756557,114.622962713979,154.556648880591,177.12853273041,269.899503036127,273.364926642186,370.739158838909,398.097428227386,362.304467482841,606.692911986349,462.203824224402,811.864058140957,664.221987606349,429.438827707247,824.3841315641,498.393578001277,387.193098702587,-190.870416969883,919.544112138279,537.236099882739,272.059504907641,266.772285757324,-339.121521749837,582.132728997086,373.631224668596,127.257205645717,-57.3665738500749,132.967926228568,17.5285217177801,-675.409465626068,-60.8273802740818,-342.143121835906,-99.4718638848766,-167.923069285266,-332.557124730469,-51.1557029081721,-230.022482292852,3.8282590631947,-87.7447470404539,-128.574267187807,-348.903148542594,38.0567412090673,-193.64454452976,100.461258444766,-40.1182809590446,-105.554459339958,-199.519774784402,-60.9376792840104,-171.395332909065
-283.861597992202,-327.450648971656,155.508811477883,-263.698013449033,-322.161936557048,-197.437155653769,-233.477127916976,-296.479737636054,-157.622766676505,-273.728036994348,-296.580310403942,-142.805111354367,-200.459548941322,-275.402550822392,-51.835394618085,-144.69481307007,38.4553257492125,42.6321621446804,67.9295232265037,157.897037908637,137.733573532072,245.973559372776,241.388103243649,223.446034564019,416.556027664307,308.377838604248,555.007557826122,506.874492862414,348.248420661029,593.201605583925,435.700952988687,449.308439260323,-334.290933525719,701.123484193014,440.966646076503,226.350111947575,139.460577325105,-647.399340119031,481.341079509411,280.01611764965,-11.6238284297143,-379.577594344541,-109.245489656703,-150.603250132665,-846.25474483459,-207.809917629459,-459.224813483026,-236.537410256676,-270.352263931873,-468.756660370311,-176.927851935003,-344.385817380237,-118.462681721757,-166.353796411982,-188.442361085485,-493.969481383973,-43.3613593300762,-347.126330418875,-7.18300002811696,-61.1359590649038,-202.319630462166,-372.175631301604,-131.572887048363,-329.063440610698
-371.645244904104,-429.387809505053,-16.7959598544781,-358.613602043981,-424.362194566504,-272.672631605478,-331.197216170263,-396.958146689349,-265.186656195835,-369.549980062597,-409.895057475275,-235.706845144416,-305.503936865845,-373.641639310322,-141.883973106398,-246.79563823284,-29.5111299148606,-71.4338375699061,-81.2339855282757,40.2120581064902,-31.2025811526338,142.450896319906,66.0782088948525,40.9620966459294,206.395513377971,96.0621325449411,331.4507968305,282.729482814699,196.070576451581,350.253381410669,266.085226894065,403.80841714228,-409.186096702568,441.470160170244,239.14016920838,200.427243158226,-7.94161324927645,-866.85098912034,337.423744441231,128.506482141343,-107.946484599154,-594.958187680076,-297.237575149127,-349.542587619912,-920.826944514086,-314.265876006748,-546.128759109393,-332.732445480352,-379.258984173504,-594.070551729194,-259.660624367203,-438.043176132674,-200.79939606124,-184.572156015206,-195.644237988437,-604.260831971791,-79.9753466940263,-421.039032001914,-116.472712123232,-15.8320063135834,-201.572297481713,-480.808799546218,-144.407367763031,-376.259772842552
-398.668685695597,-454.190185706197,-149.836264505853,-395.11882491207,-453.238928142881,-308.843431877615,-368.139843072699,-427.687034512252,-321.533993442685,-401.087988326061,-448.030200262397,-285.541474813625,-359.773749337973,-414.93152754079,-196.834164107173,-319.930710723191,-73.474454162518,-162.665073157631,-205.893974585036,-51.3689577187173,-179.892712681648,74.1874989549065,-81.5664508204937,-129.564948269625,46.1690652890054,-111.400272290167,192.647102831248,39.3800098185166,12.5359878822573,153.946041042619,12.053844420532,239.167725179967,-451.387720756419,250.269282335892,10.2542405259574,92.452290057816,-161.245974179214,-909.787919255291,203.614571399198,-60.0642108760681,-236.200601911637,-672.93814199954,-456.784477288162,-480.094312798209,-938.486162027433,-365.145511555912,-561.12160428223,-388.721116615383,-450.720951058462,-587.083861460735,-280.801903333673,-424.461166792251,-207.874355747318,-173.493778920419,-168.423425032584,-562.493478397428,-66.4102453133884,-365.335887799623,-154.429692117422,57.4753068233148,-104.217502504924,-437.621966410011,-105.870241320959,-258.290025994262
-380.866302542876,-420.872569782161,-170.612308751072,-376.240334580126,-421.020886807839,-319.076744052631,-352.069162565303,-402.986143877121,-323.782489756247,-377.506622361669,-414.963782917298,-293.233555507739,-360.617064913471,-407.092082857209,-224.657172490837,-348.928867850967,-96.8965064930929,-226.086351897998,-271.886569978564,-106.886668761083,-275.096833449716,37.3331076840296,-183.389099168883,-252.932902659928,-44.0866014425719,-272.343855988694,133.926523747953,-175.449654423357,-157.659198887912,12.7253322489348,-246.108497003711,32.902064949754,-483.492980052158,152.745100091956,-188.549677355786,-101.197911978803,-310.754582495265,-781.427593493618,99.114810546597,-233.016340504218,-404.641980875863,-634.119660956119,-572.074579769392,-494.693900774667,-888.535188226422,-368.946709547741,-520.566567277055,-397.554330263022,-451.656752436948,-466.981861275324,-256.217418351812,-323.807913251956,-159.71900699166,-168.162741463009,-147.907035720602,-379.458149549751,-34.3293663034572,-233.305390003794,-114.27748680996,103.016426991473,7.53470968349815,-277.874416820371,-45.2340773192137,-61.5336984484761
-350.197321555979,-379.098583347057,-154.077285916414,-337.944853173426,-378.289501074551,-317.846924094795,-320.22335367466,-369.630198807172,-302.465282456673,-340.30796534814,-368.552502025999,-283.206423205925,-341.14160532538,-383.213440176459,-243.595341306141,-354.687472281286,-115.951555401445,-272.813350233752,-305.389851966406,-144.407891009396,-337.189398895396,16.6254335552341,-253.205992061843,-344.810442173791,-103.38666749816,-400.117096611947,116.725329915791,-341.505670953268,-308.34039631805,-73.1829241485298,-439.949847958619,-160.97489051729,-535.465803440444,102.988973341877,-311.572220703391,-297.412159451568,-507.139923842899,-604.726459918639,41.8173707115424,-343.440390248234,-615.826497229458,-594.081663907973,-634.346972295589,-497.66365887382,-754.991521531351,-334.800157378161,-446.753587264253,-355.778429230453,-387.988871850499,-301.607071837755,-224.417122628305,-195.591140878688,-117.862615362838,-168.977998192393,-118.620231350406,-143.159740170089,-25.4361116791228,-107.976843994198,-56.5503486866127,122.22082400988,57.222585538364,-124.104138774968,32.8073203825686,67.9312935665881
-285.85618382635,-318.310490729349,-150.086239175273,-278.468096127515,-320.340563925903,-272.785919767851,-265.392960314423,-321.072054369258,-247.6738686387,-282.792946020344,-313.195201160436,-238.822505328671,-293.659514066074,-328.263308248144,-222.605058103414,-327.454992148593,-106.340765519455,-268.469189674933,-299.883784449035,-143.572547851751,-355.16955426824,25.4969077761262,-266.9769607913,-381.55904660452,-130.168652119356,-466.495969542375,142.527626245959,-424.815763124527,-390.044531392577,-62.6014153248952,-513.960875263774,-289.867964332271,-573.182490417525,86.1301812248583,-302.798626161652,-394.6320696676,-715.352688399807,-452.432075560644,65.6309618371522,-353.670895989608,-832.665191111009,-626.5885492147,-633.786232908273,-576.762926308073,-521.390580325466,-232.366165600065,-340.295695954186,-244.155737507829,-277.464193981487,-125.737551185993,-180.649238134002,-77.2006040570779,-101.491036843281,-131.665408469522,-33.1533359195787,77.2491942384857,-28.4791169259459,6.92467547051162,-21.3550825250722,194.933592293107,89.8030680043852,-19.7507539015298,160.733036236178,112.340771224053
-152.143982853892,-196.956069581234,-81.5086998305974,-162.638079596417,-201.973407337632,-146.572016710156,-150.202080280314,-210.756834529883,-129.090072892876,-165.949893482305,-202.209967591822,-128.997485623791,-179.03113120211,-207.377393476189,-117.148217924871,-227.532327936998,-27.9345658463541,-167.70156876583,-211.129269571873,-65.1356845001381,-280.708357524693,89.4894538890942,-195.035378159463,-310.95310780742,-89.414785196604,-418.750784285696,228.322010977321,-398.932056372645,-342.015700142558,51.3550518155026,-450.218674764913,-316.489188483953,-505.774558456336,135.019125605876,-172.605174468835,-357.247530781208,-785.426061488531,-270.752917732064,177.796463134501,-255.519411712512,-945.354407661082,-651.651119852423,-547.418814819159,-658.320933215059,-207.491935820866,-23.3621429841841,-181.027041219896,-24.8035038269476,-94.2377009713886,66.190857697537,-59.5394885401313,49.3859960412982,-49.3326272625838,-6.65616530958941,120.529954785784,266.61022929182,12.3595763059497,164.327535563325,9.64168897178716,339.265933491201,211.734056582578,100.18567425349,322.203479918611,199.713308224941
-28.8172771138385,-85.3676789278707,32.9088901948742,-52.531309429199,-91.4756805806447,-22.9423806948421,-40.8389437738661,-101.083634135735,-24.3655366770027,-59.7728174298031,-92.674706097875,-27.3836226322408,-67.7805884435219,-98.1027577442154,-2.74278767408691,-124.632722268597,53.5364021502509,-53.8441610498759,-107.558447037409,19.4429437100979,-177.884039157727,145.277398882881,-125.317593182924,-218.449732278707,-42.1450184159016,-336.125004586453,286.541443385295,-342.2457769402,-265.735745691552,149.943909449574,-336.920778260428,-336.103199067765,-391.179251001707,218.058243476095,-44.9715912566667,-293.912308116236,-691.224707243706,-90.9891963955452,300.457366355564,-134.84628034381,-897.724257366798,-590.779937208949,-427.025720968508,-653.612215232201,39.0636485206437,214.323878871932,-22.5489385489014,245.802176369956,129.591814049164,207.678097835507,116.31959047566,164.789466905983,34.5585911412697,133.746610374874,247.551895190632,359.464421807638,54.1412390430595,292.383980991289,15.1017876090962,387.150509492041,354.55182577885,223.087548918981,368.665737520412,350.346699376731
-27.6456858353837,-92.9816361413222,6.21923458919052,-55.8767673224438,-108.208224769051,-17.8352140737936,-48.5679883919517,-108.252172283166,-42.5381577686301,-78.4003600249366,-98.6939097749503,-36.6062459810885,-79.4629884250933,-110.481655642345,-1.99333314482312,-139.987386185368,32.9156013280403,-60.3703853110333,-112.703780727826,-2.9288387985706,-175.303841215925,99.1824366299252,-166.832578700922,-243.681257902969,-83.5175301570363,-338.415856441656,205.546595628474,-344.583817144686,-309.209619913628,126.25567597391,-266.977461325296,-453.556216321305,-376.858788196041,251.766278373534,-2.67904448271346,-311.631772141973,-560.174232881914,-55.5597123168866,352.749127067628,-86.8198313727106,-727.495562182164,-470.564059038226,-338.666456642304,-546.738445678925,55.9368562098541,317.892369596873,36.1340789250351,411.657473881534,265.147558092685,182.583865910066,217.714052457892,180.466293332176,51.9916240575064,159.469931739337,249.753885800278,261.819123014115,-9.95413007385468,257.333270988736,-68.2945427557353,218.019633867628,345.300827654482,248.195023086546,197.93378603655,431.557005514079
-82.4168845534098,-151.485239875889,-230.095808997024,-118.203016726079,-185.884164064501,-69.6312434993553,-120.186121378496,-172.761570199231,-119.401823617127,-161.042587119285,-164.507758574733,-101.78827449641,-158.890956578544,-176.705144091997,-70.850934255425,-217.219534185636,-42.786703742622,-142.311178165752,-170.625870684792,-87.7830643827173,-232.466318275756,-10.1133043495826,-247.548170529192,-307.369632460779,-168.221017358338,-348.715934880652,32.800455824855,-331.038717807411,-373.126899458049,52.2546925628733,-162.208741235724,-536.900727675806,-379.361941566919,243.205988235406,51.2759421905212,-299.663296348168,-405.392583605256,-116.183559306108,373.416906558042,-44.996799612355,-441.845230781482,-282.312539590591,-209.874183815861,-294.182957950344,-77.1494809118241,251.042179230114,37.3818175883919,405.327509970483,274.089920167254,67.7390130383357,219.343555555012,111.359764387487,16.3220188449423,106.783813610798,200.849706336049,68.6396060314323,-133.69496829526,128.165859942047,-207.082787094395,-46.3589225402489,207.356190592631,184.909044490333,-67.1387842981296,417.028191241896
-35.3326901360806,-89.8076313772132,-493.643021799218,-79.3416716448691,-133.521001203831,-31.0035961082918,-94.6607606931267,-118.32325857291,-100.088384059006,-137.897585741105,-115.444647562549,-88.5047120350098,-138.65933117299,-128.259081191167,-66.2040918932425,-186.733905870682,-50.3680294604364,-138.360157198158,-112.867948485801,-103.801665766886,-189.194381158561,-75.629418204607,-217.97372428938,-210.304234957624,-184.134892933248,-204.66801558957,-108.577898944178,-174.965076380835,-242.330072444811,46.3363252405664,97.812190665901,-369.866641241568,-174.568025749902,258.837084227462,228.003717313291,-90.9733794449361,-108.646008975014,-32.9975786559411,436.639053071619,117.449375828603,-34.0982126168707,47.8134782694829,53.6556015946471,130.216801351643,-84.9479283490189,143.460055836229,124.622126588032,307.452817986807,257.968565172359,99.1250786292684,210.708199622342,85.2509180931162,36.0303595310439,80.221414068049,191.81519566432,10.7148490584773,-202.288350189068,55.509389729657,-305.02400675746,-350.329527889503,10.2424497991905,108.8965258342,-308.420237296251,329.767463803726
112.516246823702,101.449564691393,-582.563005577282,80.5990492142525,75.3006370784968,89.2905945669361,47.9828429298509,72.92585068367,23.110829489816,11.0557654621874,73.4703344225648,6.77512462898281,-1.42955150024655,53.2793442209949,14.2908132007522,-32.1065021806001,-0.794217992448561,-26.808436328915,65.645749635555,-49.5015475040781,-29.886528228459,-96.5273589339839,-90.8891201024984,32.1143186176933,-136.268240831613,53.1728962095839,-208.777756271388,75.0953977212183,40.1766266765554,92.9792476961579,412.991184008444,-19.6025528705714,204.929079572957,274.796574881896,447.152890841777,220.111377395386,282.807724958904,253.898134808711,507.78106230099,336.022538834848,353.440947686096,456.061702237181,340.776871976209,589.451057392639,156.700762858528,97.2831600507479,284.883138791957,206.850740723794,262.414037292755,257.118121079913,206.60386659904,100.200573418778,95.8955403354527,40.0613371756866,127.889445913428,97.1371057195657,-241.850299336005,-23.337758129296,-340.082510102661,-776.338233835263,-370.548849612622,-37.403200610036,-569.092944809848,-12.9681495642462
226.901679075346,270.442893554473,-478.428730377878,229.848303320583,274.095029104002,166.215727326768,176.568090489961,247.349437206433,131.100279003895,154.268722373652,255.177246018869,80.8959510328285,120.229418229668,228.345612988438,58.0519030515379,110.133617384205,11.5821203149986,66.7129036831651,212.408131569879,-22.8940870258146,109.589408430726,-141.489888528581,4.67913201422243,219.269958382991,-108.489770171741,232.043044547558,-329.927106868537,254.735613100935,231.193207984473,106.785481056495,557.963258239353,221.516792554509,482.583536941483,194.524021272279,541.934975396893,384.815826587843,522.52949100763,518.550897259956,488.982943296677,413.769680897468,507.563224357639,708.763948585146,434.233336734546,857.435713477935,481.938466810411,97.9126580491456,360.306518716638,141.145534086731,238.723295952113,240.112301052824,177.969507262834,42.701808964322,118.800853753132,-32.7234647628128,-29.8828720971942,118.278028087009,-270.534050218093,-191.789819308261,-310.303334369218,-1103.84762613052,-854.5940489886,-291.539014635871,-774.247838611375,-660.868060020485
263.645747148485,337.70603498746,-286.875293842175,293.127043193492,355.788737151719,172.597732802749,226.702489700018,319.215291591708,176.345099369531,226.885481378349,339.323837572666,104.516443792545,169.526814215597,310.179199397218,50.6762267486102,178.702905140498,-7.68340066886382,86.8395895646785,267.644379667918,-33.5199681457471,167.148932038696,-197.852559643736,39.9895801509702,278.493728565038,-106.819339009094,273.220018988987,-460.29115041962,320.743383080668,259.613203627034,63.1202205537643,497.298177700092,255.009666924357,522.512712726594,5.27877534236869,480.681461593024,371.41540401615,515.174725821965,563.647474286767,359.576137837153,317.813123648355,447.558802395071,695.060787037121,322.852813833761,841.744991727317,680.193407843014,117.713199004937,319.174502565012,143.290296551144,205.872690627636,0.546120704828017,184.119148152797,-35.3605560069037,143.763945298707,2.05569951757729,-78.5145620723524,48.0980330822666,-173.054205484226,-271.19881898646,-168.556999262105,-933.803242075632,-963.178452723487,-429.65424712436,-678.261353210832,-1131.53043927366
305.138667132633,372.85505640706,-103.446358371107,328.509263704155,385.292309036024,195.353701459571,266.764423101021,355.691533467706,220.584558627439,288.371470361686,383.149930280826,146.731238787636,218.340172144124,351.688400297339,82.5099243975106,250.509414668364,20.4084622952191,114.091882401258,325.965207765503,-3.52249842933929,216.896896775775,-189.816903200036,97.1358656207638,329.974571464721,-67.0940521549156,296.948200480599,-516.795512940951,368.319506536157,281.540107027522,6.39563618134776,400.759799045675,278.844876654832,474.284628839001,-164.633323250209,349.833330230537,373.325369464848,455.002426902589,472.471374632731,199.234999849839,208.162511790137,423.672942478104,602.313475742213,217.082302857566,675.1612439059,737.552856008634,173.819567027091,290.057443074403,226.343532394123,245.066333274443,-135.725896474401,285.007779630164,29.4439645727338,236.93098294405,204.82675583157,102.773323400505,75.2486860427803,80.2960977296477,-92.8114512461754,80.9451707486644,-331.437489147898,-512.750031511233,-254.101778257514,-244.172703400661,-977.650044347565
405.445342675153,453.007646512323,35.3400253930219,406.785967992469,455.718275751535,283.634767303986,355.745158044239,433.169911488496,311.768166603078,389.299955336015,461.63417576481,247.457275208855,323.031596046947,429.237388479188,187.909197076901,385.056360424768,105.788826454983,211.302535914202,453.865119579798,83.8481907212161,314.911015918025,-108.288090710489,201.5895691581,460.792627966235,16.8015493928398,380.768968231038,-447.090186219555,419.639440303137,402.568241919535,-32.0812075227685,368.433991838976,448.208259525106,535.775144389589,-182.691232810579,185.494860452193,485.052857675611,528.62734796869,478.938939553835,81.4162681337945,176.222297558367,565.585520242924,673.113079332605,241.975655951824,591.342000268526,777.954324744408,275.411584984233,355.735338750248,350.433417606152,364.269659032354,15.0592457920557,416.692772396285,233.48618014136,353.174160240246,432.602645632131,358.249336738008,252.816913820601,340.839217649845,212.789420851692,348.030412514261,239.485934867852,77.1890739260001,82.5313369868831,263.542034502741,-406.920740309493
513.808937525095,552.221933720763,132.325470018202,507.417648439984,551.338399297954,388.675442921067,456.640172200771,526.206767698884,414.68659354085,494.130161643739,556.145613832484,361.985860127754,443.480049895118,529.064847302584,306.2159082042,528.598574855554,180.225882833579,321.488290409603,582.586819023487,157.362175054726,398.886104803554,-22.2369790120203,266.095917466031,584.259560282065,67.7749040317483,428.286593637714,-287.905720006345,348.380713986555,514.763569139168,-92.5345179743458,285.374565605701,647.654055423579,696.435410893519,-78.9016609908101,-42.9893899829953,572.751152351118,662.147039395327,649.034160716974,-5.14543684454979,139.587336262896,733.904944140862,885.991274303959,299.599289350105,684.554863413504,853.490158069855,386.383254932593,479.805555805619,450.44324718216,499.64999929097,286.365597216885,460.156731098874,438.69250148127,394.276091315156,536.392872786951,525.361462143931,449.115255442154,473.673262699719,449.011191124016,537.681494405054,530.410262314337,442.226319604513,350.206572044928,600.997095682239,130.67816485979
553.317531436324,587.788824125753,190.384283217578,552.664545256398,583.617973567116,438.394481563657,497.442486534673,556.448243605601,463.193193579703,534.51220786922,586.870126665956,427.904012705256,502.070258362842,570.160019584549,372.348589795709,596.929515197489,196.825760043489,354.420399345702,606.559558583894,166.103933285377,381.823538331959,26.0721975436972,218.08433278532,561.847914717243,40.488104015411,311.976367950545,-118.7997440351,94.4780256198553,443.734825895653,-193.280374831474,29.405209221061,673.620115130709,761.889749512239,21.8547765460758,-282.73790246426,490.390270556453,639.290756996773,787.154801501582,-81.1094992438563,31.0431700195003,741.444151531314,998.727956979651,281.354701703129,806.368364313521,879.764198221712,458.362875718576,583.494038233366,486.82284280745,593.53455089334,476.771486004605,387.620983752528,568.092635208495,332.875760864259,497.846337053016,593.663635370581,572.478674665858,474.183679030276,590.710812112424,602.703457403878,628.844728160691,628.806802057538,526.899406778448,724.422600566047,484.733796979601
511.195374185141,530.362453755833,207.685810546455,510.846252427666,515.94769112659,419.705690784443,459.624254585757,500.214974308079,442.553427894334,492.346928014565,521.844152680724,432.605245441528,479.250503645497,516.802122976809,383.487829453768,579.872016439094,184.885815133428,312.696677049849,519.683948261258,147.860223239048,288.923253196121,71.3650183270808,114.210733866891,402.429960262198,0.960450334010917,89.517981088225,37.2720398512304,-169.227324388209,206.926657747884,-229.806146253414,-252.352274103482,499.473146551974,606.033269345731,101.754236949222,-370.01842961907,303.932208578097,386.20277885488,688.055823508847,-88.717451608826,-51.5648116789365,575.946382965718,847.371881962986,244.078242219474,757.473884277528,765.383810096015,476.691632541697,607.136222966197,468.490709683326,614.920572089046,546.66721297313,275.075227600767,607.813256243404,229.537457790461,367.945716894798,564.928956483856,619.280252463313,400.761000513154,658.008423248166,558.809588941435,641.745990650901,723.940362005854,640.339843638091,696.251332052435,674.357336993206
432.281740138695,434.564651413918,200.243569633014,428.184233278041,406.822494752447,375.715724799086,388.448445299601,412.163768714598,395.831833288676,416.340837830922,419.7631089869,405.338245246231,424.948607260339,427.058008332681,378.202478274449,531.07243153202,194.463000377448,272.669569249501,415.542988324839,165.292132284085,220.936889546108,153.21989095138,66.1411056708276,253.424748166599,33.6797516769798,-51.1327950498045,202.483584551266,-244.270321731691,6.02264899348319,-129.089118421469,-309.315458491389,238.747554012328,318.236381127197,204.344304714141,-261.319493009113,169.455383206337,51.6737675214318,378.176514069986,-6.0227995006348,-8.17021519517206,363.708071207318,490.459379059701,262.746027373063,515.259063362984,515.869305718665,452.358003814937,548.832355466034,425.708476171139,563.110931896005,534.773313076298,186.344715204799,554.394004252507,149.394088748173,201.402375067295,424.389130011053,591.281027054788,306.575761575029,614.449176070352,474.275596413636,589.886155182194,676.727559113634,645.747568102964,598.723879105018,690.919672221491
370.918498810579,374.008097614975,201.699077698824,370.595391904608,337.879287854685,350.211680492198,340.083586976798,358.862975718612,369.289329792712,368.172651897271,355.744649216738,380.038978986792,391.18949720127,374.663838722693,383.841061297229,498.795406499924,227.932942182363,275.220989090172,370.371556669854,214.253756088642,213.857215767102,248.227735043428,96.2458300285018,205.015146939936,117.800405820231,-51.7327841650569,339.772114492836,-180.682664718268,-52.2894337195229,-25.2060873393951,-187.540724632058,-25.5086891954413,63.3497875373693,245.551337785116,-161.963173729325,72.8095846415157,-187.156147106057,39.4205879867782,34.0022117069292,49.9879082040978,194.201824541072,101.455855980148,263.830809973623,199.203196649963,198.432549759998,400.062311840294,478.104493554387,391.976180549293,496.399989022514,493.562532835459,147.347782476491,464.982477521077,125.075071152783,84.6169147610491,272.994651779594,512.788691363549,256.216222203288,482.20961866462,421.401309041902,525.865995495062,534.482129167853,539.390286386511,521.314844033785,583.976400928329
350.415392501387,362.548674824327,229.259531223608,354.781631002247,325.348507860344,346.154592738615,326.795307738641,349.234608360474,368.632156223439,358.152574932789,335.420009553321,368.317634696687,381.500384350281,363.748128306175,391.611359309966,482.588586555124,253.304041154496,289.065230469547,362.860894866355,238.556731408968,215.405921687632,299.764878027027,128.880607081358,201.566407293849,157.326267376096,-35.2990163425337,356.368578543076,-180.949205783317,-67.648392454386,-105.852122528448,-166.443404190162,-245.790533449073,-117.067146593612,89.6091508752683,-277.307594278106,-108.977438547282,-294.767327254478,-209.380512189939,-102.897384669824,-62.1520021740018,53.9932985873868,-189.1064534057,161.048467180305,-90.3300027826729,-123.447630433924,323.032102923241,462.462857149855,386.548786393817,493.382546434536,473.589241283532,168.555135176619,429.533431403053,150.973061439823,92.9100148618721,248.571194313892,439.61931131264,279.942723409643,358.391291716636,403.427125522942,509.54051210953,455.040837355078,364.625825624121,493.772645149616,437.127797201884
326.704129836331,334.620818789312,247.943571048955,324.594951962337,301.348878238585,317.809261421068,297.857619505685,322.648097239696,348.388996994478,329.975329009379,294.400432817061,339.060034310175,350.060928525951,331.50384918442,359.690524830182,435.328674382284,239.218021582957,255.777464541405,313.523064736172,201.675637565504,166.406435632146,273.733786095599,90.1847940286288,146.798681250301,95.3121340998732,-108.246040248507,230.379722177229,-326.347844926392,-158.713782010012,-359.554211335339,-355.004605131411,-394.012102762947,-288.139815995651,-217.820680935896,-554.904250522323,-378.652765331562,-351.994808973103,-385.011241184366,-357.474409020557,-315.238026437892,-103.848326527043,-377.661726780761,16.0289761712607,-324.090025962309,-395.863755752985,193.254063278386,466.048657311336,347.781924400522,528.982888853145,468.775482061195,166.520522480156,432.276954329452,142.223219370362,136.192414622683,295.693619266712,367.973912070153,271.288247441124,263.373915720995,323.558012068709,464.471093222279,422.036825098632,134.730022378708,422.256637508104,246.146142232123
235.861620635407,228.720053700748,205.957682230351,223.125482706229,202.014182237554,229.665808996428,203.689520427624,227.884673522121,263.272149820132,231.749155985367,183.908535234239,257.047176985654,258.805640809408,226.773654491048,263.930571766608,324.793767965777,179.82651027562,157.27687485247,185.821458705041,119.908256656694,60.9096296314176,190.111907567189,-17.7603941844929,20.0714910562414,-35.0287515804366,-246.131417112297,69.3831116042664,-526.97788745206,-307.344721988964,-591.850291121737,-599.78039204789,-487.049379891908,-469.103532128916,-456.119458558609,-776.836159481173,-608.394143637954,-435.825111637958,-559.500816190221,-553.629163318519,-490.776458323745,-275.880903399298,-547.016440721136,-72.393182114187,-499.521645315368,-561.063536802887,-2.52299907253165,363.853106436243,167.992684119566,449.602233392357,428.638424285609,22.103552808648,358.164246669811,15.4943327344353,22.9834475770875,221.264951662255,244.661907225829,96.1889096259735,128.114245584623,102.202698540137,243.618334906119,224.270081421569,-92.9990157125892,199.105206597904,11.5827305574797
77.8872141146776,60.4143045667457,96.1525269269169,62.7625801967783,41.2824406866643,102.116407392635,60.3600581965878,82.958124887609,124.087430966842,77.1303875097585,22.316370641568,133.403600390104,121.178521892583,62.8297414618547,129.514157336518,170.005341514296,101.389436870289,27.4027507200568,11.7177422454368,28.0816077812134,-70.6432236179346,100.052430106783,-150.409843684191,-139.632597925386,-168.007900654671,-384.346214189522,-19.2023278836644,-682.006533229953,-427.858834480507,-655.532332043091,-734.375338521345,-523.041528334369,-617.839281606016,-492.315331846823,-815.140858667098,-686.677127156916,-546.85044440351,-771.267303466195,-611.566310467353,-471.996994089911,-414.546463117853,-728.639840264176,-135.773715398033,-617.469520110545,-628.053798994242,-239.018908862117,52.8537964393663,-163.982592176664,110.289814275048,310.919729912796,-234.111437114615,126.897316212985,-188.078995380677,-268.268486271643,-70.8197732107318,62.0207204911306,-203.211668202317,-87.5243646522261,-195.747909476783,-149.942573578025,-226.261229036223,-228.371875715111,-139.792296583673,-205.211316919429
-112.671704539337,-134.993255593594,-51.1639749606496,-127.667448645001,-148.193858847146,-47.9442898523188,-102.985236868134,-90.246995057128,-39.857142634287,-103.841634051144,-165.30001156362,-12.9976795004139,-46.6966328161366,-132.856992592873,-28.1608717337518,-17.4161014749818,12.7326312621194,-122.869164179635,-189.157971350255,-80.4401169341872,-225.737411063585,12.1554523301325,-301.708940408758,-321.70972759689,-288.741335465386,-524.202183213125,-67.9135675594011,-785.255107986266,-509.730954847291,-595.438001203439,-752.477761940337,-503.191360583472,-742.988128866748,-422.832973700459,-723.159456161349,-635.440695307455,-674.985027409205,-986.649513927601,-596.142269775902,-365.610930979482,-528.220076094789,-858.988755646868,-275.068723020179,-695.585584945743,-724.028850591294,-496.563932895624,-412.280341798754,-532.213217719437,-428.148949808684,87.8351335879567,-469.219216962257,-231.654105881815,-377.933288191255,-565.981925545246,-499.272039735688,-162.591973827316,-467.048282831171,-355.434819034076,-444.156913648955,-536.443521516704,-723.37013975456,-316.911392489357,-454.477634074847,-431.452078124239
-312.158275704897,-338.9073311222,-172.105427875273,-331.33425889945,-353.051806832162,-220.894145604272,-280.412030505997,-289.857738148493,-215.205981289239,-297.183214089125,-370.931759405742,-178.51358191672,-241.071361428109,-344.411590899009,-210.470054963057,-238.649723481296,-101.197327640319,-304.890118842386,-418.728531976639,-222.393275366123,-408.586896308286,-95.9533864184977,-471.058622209434,-526.660582302858,-408.305565609933,-680.365358125322,-158.215345917957,-855.746937227071,-605.260427113993,-538.603014484539,-738.081872050395,-514.75243983408,-871.927641712534,-394.095305806424,-604.608242890361,-584.619768388055,-824.90539039229,-1114.2585744627,-569.195628674673,-306.44152837101,-650.972898741298,-874.746892774331,-459.546924720599,-735.466799382876,-928.151529821199,-710.955139072562,-764.752436007115,-772.72955183297,-847.189396837981,-203.402835472749,-600.259430173323,-563.298060832423,-511.555837155683,-711.86234923456,-836.105099945126,-415.968644735392,-600.433247234824,-586.82152989232,-583.294667995862,-724.315448981578,-970.73404828313,-468.912607908276,-636.618250685103,-731.200572700965
-470.348767949396,-493.214017041844,-177.202054917016,-486.709690454357,-517.872398623977,-362.704989145773,-429.226505514094,-455.328119923316,-361.142361206039,-451.78827256512,-538.184044480639,-321.999421879712,-405.492862418999,-511.912700531703,-359.026054856293,-425.999738368813,-206.46956875792,-453.80806671177,-609.969306700493,-341.873528622992,-544.179178051924,-190.81347543805,-579.969223515148,-673.688794916779,-480.802820760817,-773.744305745567,-259.919242593644,-841.880592761802,-686.730747402603,-502.992371345818,-705.262887387077,-587.592656259793,-931.414913792302,-402.540734879354,-465.585381701325,-583.93681855195,-901.38753043825,-1089.1946135169,-493.23327410672,-277.551083344565,-694.678408945807,-771.217439413616,-527.81018466568,-692.632366286823,-1122.31349117526,-773.317442331934,-768.471460787084,-783.906796569398,-890.764190540005,-444.341200312821,-598.95461629367,-696.521812686066,-557.272452894752,-656.377197312624,-870.451425846786,-625.748293414372,-593.838489048407,-664.603095507008,-603.835453028946,-654.689130812878,-876.972900415482,-620.08346643402,-654.339468274716,-960.27561199569
-523.354567463288,-530.789754770317,-63.0307056509976,-525.604166298132,-565.915011703789,-406.485913633026,-483.163259552219,-502.170149161046,-421.206688439053,-501.085385766361,-587.136411023014,-381.415622316139,-462.601405267442,-564.071580813448,-397.409924224708,-485.773084596201,-242.542664992271,-474.905800448874,-662.545711122785,-359.032018322404,-537.013418842261,-216.954456899923,-547.455973935649,-656.198121584466,-443.359118682383,-699.533156581331,-288.685090361062,-683.545276198461,-637.723243817274,-410.056466920645,-573.335001520847,-576.27162138371,-819.908332558068,-356.313860554557,-246.085966531691,-523.085147634811,-776.450040872935,-920.570627453938,-324.70341834859,-193.639458291679,-545.147131243841,-572.181357083653,-417.985176809146,-537.320580003056,-1131.09311934479,-684.453743515244,-525.971047824023,-626.765305428897,-704.059031313558,-537.25287705877,-483.935025680407,-629.355190091786,-500.77632595951,-465.218854291451,-662.490301495005,-674.247412193237,-482.390682671521,-558.15519907953,-532.616140252915,-461.854729426732,-609.993729429051,-583.404443367876,-565.398809233793,-874.542825434301
-487.967493296257,-480.740121402912,29.1885893363315,-479.393507393788,-513.191819248697,-382.097943613704,-453.418365234933,-455.47123499989,-409.457048511103,-467.740904625109,-532.781353570436,-365.88468658369,-429.301390492443,-526.310961645524,-355.632382442313,-437.630297403237,-228.225158655914,-399.752792947746,-586.956401488583,-298.778194749448,-426.472273662885,-202.26115220485,-430.318156124187,-504.315584838526,-338.238833159773,-501.306105427245,-251.675290456772,-450.565281383495,-435.855859760625,-251.076193332591,-326.799889850869,-376.97125791945,-549.372371171742,-237.244247361959,32.6224302953594,-326.182987157347,-505.50244245899,-627.871186208838,-117.469999268574,-52.4833776541628,-282.997496667504,-319.041713865306,-238.483496723805,-306.752776254345,-914.139038598019,-558.791863593622,-340.962371643928,-472.756498258055,-610.702932508491,-485.967632004353,-349.663838824156,-533.688217856718,-404.050363404824,-312.840296241357,-518.219147658876,-566.149207843706,-364.863349831841,-417.040779944563,-453.716003558611,-383.107347456306,-449.280801181141,-363.397852469957,-505.668604757806,-552.017970807723
-449.577231727713,-433.226588739238,-6.03301540362116,-439.190159122851,-453.914387763792,-361.74959671044,-415.642877480327,-416.326412751285,-389.319570979614,-437.079517071483,-472.384319353698,-337.165371399576,-390.948472618789,-486.611039526512,-325.374649484231,-380.083118461563,-225.625597940673,-343.054839659352,-486.420570289644,-257.404169532631,-342.843162555725,-204.982288928784,-354.571128535156,-362.377195047923,-268.603714611296,-338.50449226842,-204.598180441916,-293.177553427336,-221.108653039476,-96.2981190222525,-86.4483728913898,-111.802524301565,-219.359877912965,-96.0298749843277,260.779965178868,-85.6292929019383,-259.031012586562,-234.693181199985,49.1344290858702,81.7881003218245,-89.6740962781175,-94.9826126926754,-92.3304710924047,-80.9771704770086,-573.708198525157,-455.869367839148,-335.64293582298,-420.701498505773,-645.774856771814,-397.647710045523,-299.001249279861,-526.0659583697,-340.04429542471,-326.445041114758,-595.179600697245,-468.401118032334,-329.589273560246,-404.745652276672,-407.373372170096,-484.847385330152,-528.271000963049,-199.305401711388,-529.679776782097,-349.651718617038
-445.130947064964,-421.515070065911,-84.0550835471278,-436.399510198296,-436.986468104792,-354.260586304917,-406.516517389103,-418.528614043876,-380.922683189378,-438.993805360135,-457.594221888936,-319.954045625973,-383.652557087391,-479.848416843297,-328.525722356195,-354.390036476278,-239.451557972062,-339.640023216015,-423.873626791975,-264.147894411112,-326.185889570691,-215.651230649986,-344.618688541827,-308.635158277558,-249.97274141328,-283.17775299897,-150.196368983564,-243.707203396061,-123.038180645988,36.1631756508152,60.265392410682,35.4892543511675,60.0341961195413,30.1923809845668,390.932098012559,85.109313940248,-103.03364891166,143.118782111473,167.35168117615,170.751241815989,-12.9152994016159,26.6787411216143,6.50134540661732,56.1799224889896,-249.489275932889,-355.207607252749,-404.16834059649,-436.734624450128,-604.876043591718,-407.563384448657,-351.649236658539,-531.502671643818,-318.810331416887,-432.566012634465,-684.462761621504,-479.150551172889,-341.501943875608,-448.49362751343,-332.336910216534,-562.783564790913,-645.869435629427,-219.58416999516,-521.697537902243,-368.094239506435
-435.8801836782,-408.347990583292,-72.7348810793045,-430.286520459618,-427.886665358339,-335.147498298829,-399.792896133582,-413.104842798954,-364.03216281122,-435.60682782947,-451.006946102841,-303.825607635759,-377.155016028716,-471.884864681387,-324.689759735508,-332.341282286437,-241.190113611934,-335.472087361419,-382.662887274164,-269.683776750257,-309.451935076393,-205.204912126565,-327.671105074219,-291.398628802467,-223.307639028364,-258.313294344389,-80.1946674239586,-189.070136920235,-102.048072129141,174.899771398376,179.882883424001,71.0951414003054,228.49241880771,110.270128627531,486.888049471403,213.588864332749,18.3949815760989,368.449931149436,265.885650432588,238.116904893934,24.2511806978517,81.6908007932962,79.2362890837495,77.0842073070721,-2.06840742327618,-252.916097981464,-416.791981623368,-439.993602631319,-429.866818011543,-522.08448165472,-434.707711123604,-448.808676467862,-327.02760952884,-479.321836209617,-560.571023784789,-502.952015718827,-317.625668918007,-376.817145567554,-205.231569139521,-455.744649271117,-524.898311693019,-284.026242716015,-393.85499758668,-360.504062011405
-362.647018606354,-332.099664530269,37.1352039224991,-356.742989631994,-350.894392201974,-279.484958841181,-341.320402137411,-334.346367816147,-309.086282374056,-369.648863313214,-373.668649038231,-263.780415541499,-316.667204283992,-396.878153655439,-272.379949458469,-261.951394839674,-204.874237006854,-270.098587878424,-299.520436612253,-217.478254592247,-226.68478763806,-161.722248215504,-238.846645699434,-216.606468579376,-147.20415628211,-157.377962958409,-3.6094108758979,-36.7460021872204,-23.2993196764212,314.065878934527,362.888376061136,154.96988741434,342.763503386366,149.816462797304,610.380403659485,386.516746981722,177.613582006837,455.697968269469,368.935532804455,344.055702108362,67.3647302838788,132.880201153964,151.625451546944,23.5295778504139,191.65517139262,-143.696709703078,-296.881415897713,-339.510110674513,-214.972873142583,-568.484871017083,-407.819032344178,-293.739442474625,-314.476294400962,-395.350989415169,-295.136663142545,-421.932055639483,-231.355831816264,-189.850729183183,-85.0013665943204,-250.857225969777,-201.867974973434,-222.466723948045,-212.59269454783,-168.198482439495
-210.812831034673,-172.381605447732,167.535021339781,-197.552605439862,-176.311780444679,-170.492107315927,-209.52639752165,-169.905844255765,-199.882830528811,-222.900904612495,-198.847566149995,-176.574261636355,-185.412121496233,-229.62716256961,-167.119357169064,-128.310641315311,-118.240765920622,-144.36559146516,-154.649673132983,-104.41002292518,-91.1298308741656,-77.5772727665336,-90.7274130839171,-76.6726598391287,-29.1219798163959,11.9137014674342,88.2573302349892,170.340950719771,120.37712847104,425.218703026884,556.690167393758,309.739133956432,486.700509583456,224.270693688361,730.835963404612,547.191562148731,364.336027173036,504.984822899857,485.725546152141,479.709289973339,71.6525765244624,131.787497524374,209.995720372976,-84.766189512973,313.096083522483,6.84559361841974,-57.8065580455039,-98.2378311725698,0.901930261878967,-415.22500500041,-192.732371184315,-118.545123221513,-199.774338595474,-192.362854775965,-42.9072731438772,-258.699912272723,-101.211839713777,0.821439265047768,-6.08687876328384,-84.6200715046431,87.9787189652011,-43.3235722959617,-70.7081837111206,101.207918024245
-37.4259673819748,11.1729104709762,265.562037625891,-17.493652061862,27.2929347320516,-40.2916179370299,-51.4929555746018,13.301281163538,-66.8374643588812,-50.9594299275509,2.15798869011845,-68.3896152472658,-41.30300519113,-38.4925034368322,-59.9231279728614,6.864802477618,-20.8057024806181,-25.3951459704201,-20.7377813166937,8.02351884748106,22.9971085791352,17.0950409342713,37.7722875722916,42.525240579048,86.0113393749307,145.372512896858,192.906748341636,330.225075763179,201.870281447669,502.255441677334,643.801980257327,393.272830863478,635.190024682259,358.334709169373,787.737720968014,559.158023879436,497.542233386338,550.793155104451,596.426161065322,560.311204071742,22.9354317781136,88.066172837444,232.708693881927,-204.577385169215,320.919791753631,187.678506205872,183.323201713826,174.471296632068,200.405356865361,-148.158434557908,92.0890270564902,48.6848121759296,4.16980970585301,42.4359205117364,158.718888396615,-104.216812137298,29.8388479382943,127.617401468094,51.8320077571353,18.4656003807349,244.755460857161,133.2095780359,14.8824908518745,299.606183675947
105.212464117834,162.769721376386,350.998091861384,126.153092119163,190.278013113103,65.7307699487352,87.4371748210257,162.060725719188,52.0830236251441,93.7462995652547,163.898436530137,18.4906076406326,71.5699774448234,110.27230241517,13.2475584638785,100.342393414803,44.7665011782542,55.8322395869557,64.2148776247594,85.2278828760152,98.9627878188431,84.5303745065702,122.56474149976,120.42150126691,186.333946077033,223.917763776832,280.350945857414,435.581575515292,213.450039294098,567.29837776636,634.110939478183,414.904209884463,738.111383589106,474.411944722586,773.929043714386,483.742909582674,571.558033247606,609.695975010781,670.702737546015,574.387661207377,36.7002056055462,183.191885409156,282.740691956309,-162.243831318414,315.59783469593,341.065454991472,359.860572860706,348.681403168065,348.021217622506,87.678733535752,276.469871120754,189.208914718056,194.968842363268,216.349806534908,294.743159851513,34.3507787686751,142.128336431543,184.066030830167,134.955753673066,101.769843503003,316.793888203548,233.235329136273,99.1657998462838,402.079012143459
222.145658697755,287.503061296241,444.0062135606,243.697453770578,314.239135575402,146.98234843356,208.829315703988,289.952566385975,152.330512468606,216.857539758836,294.885653425067,87.9264415957061,175.1081143716,230.524953052758,77.6387456812263,184.398584179908,99.3200604131723,136.269737241815,155.264276688894,159.060269901065,191.322730546856,138.509616786349,224.759287921373,230.705853049831,307.48446886467,331.21511619139,334.170747536797,552.333293904258,287.846731386883,626.273610901001,617.906215539605,535.275518993496,823.205309050418,521.787734743993,680.152642354466,520.977143814724,677.089979425467,701.236898796373,666.458939392963,566.623731293547,214.287526084917,461.17938408167,410.242289174588,143.979638045766,458.098290277434,417.339719228997,510.998397435282,424.597960228265,457.610993474114,257.812275846062,334.095741231439,298.468571613947,305.420140573365,322.852801301909,339.439201222425,172.858529349271,254.197794312503,183.403725823705,266.91564263752,206.507595978049,336.641145257167,239.666974485014,251.264571449804,431.370795673654
305.426580796019,368.829845031932,486.80158773621,324.802357090672,387.298164322473,200.667941688273,292.6559730623,382.881258834197,214.872025530312,303.795344466774,384.086277536993,140.266600340052,257.570256382915,319.956513497761,132.51403684155,255.702640356198,148.54381160678,208.642309179584,251.829956661571,223.705281978141,285.48649997606,186.126785805735,340.848812134433,362.015774412178,426.997202505658,461.026285044105,353.104244861845,665.116167546844,424.735716672566,637.904823987368,578.258456398701,709.435034446755,895.748061023197,521.86382681369,474.41239421145,642.832663517021,829.469995019669,739.434184490265,544.254191183876,495.267991834995,474.402458019504,713.225213757402,519.727862006921,534.600851436771,704.515784112816,372.988876843102,608.930215442993,427.551893703864,519.216203320269,352.759517054019,310.495606292428,360.751336724609,320.489903781292,366.424045655328,303.78361660345,212.018118143996,338.440043264698,113.924617887047,389.118840834715,311.696692588042,292.94645468184,134.798397708298,446.167132825758,382.008912399996
315.584018664305,359.882943669133,442.988337143191,320.04839991836,368.409779851402,198.91733909372,295.332540116702,383.049405551002,209.163454273217,307.771927241931,382.910674879923,145.034629101584,263.633608591213,324.144528487095,135.227165694252,258.490071824964,142.507416528433,219.562178740105,276.089428021937,230.012422528222,303.742379021135,197.796053668141,386.069121490022,406.324209347403,473.234536489674,508.59025395575,338.167911057192,691.6373466046,458.432369355775,576.494010881599,432.302002588723,700.560888643089,874.580915781432,485.288698573508,216.898897782001,585.338731641503,916.432527180025,618.290590083407,345.727157356892,311.946805776014,619.963283614714,810.060829849125,481.913230784355,758.662712562261,830.094433742723,223.965223961305,538.030644331875,338.213669942435,442.880207021486,329.290958100452,236.77647272358,337.464431573414,270.995064761363,320.312334012215,217.509227079047,109.035843374994,342.93511185199,3.0445141074436,418.305069209242,357.271538001691,218.539021843127,-3.18354655944868,555.929053157632,288.760071840155
256.711194379952,280.564753377102,383.199379462216,243.402580589441,284.905821125672,152.178897643186,232.607938921689,301.953795689762,158.832611598159,244.027111598715,312.404583564342,109.509785171566,207.39633858449,251.908177911129,102.669140778462,204.808891730237,86.1615058720852,183.471657407583,228.224912731165,198.23378032912,256.972906883482,178.756311913968,354.453641492876,350.961926126277,450.044974158368,456.57733571796,290.970785310527,626.688050738701,335.122159627275,458.33114628289,220.660949652041,466.797102062955,712.011473160143,371.088478343138,33.6861696539718,273.437444510939,860.740197369734,408.860003348161,150.961990058658,100.061933808164,549.364639413731,808.176737334737,302.283414255578,773.954610991223,713.470066409051,83.1656771789602,301.678993655615,187.289704828477,217.310819035286,223.604404633597,163.776133133498,235.22947599925,232.501227129403,218.484476459922,113.963246971876,51.3629524751556,293.854349431791,-25.4729016804071,354.165482489412,330.44834433051,184.599205140699,10.446266999742,496.668329216381,232.742142760078
170.591906355912,191.325296076289,312.806245043512,158.065234506697,204.697412467956,97.8609865400107,155.811556042952,211.241081914364,104.973611849546,170.24669366761,240.281510724933,70.2030142484865,145.229254282199,176.35217451416,87.0528357356307,153.149914998251,47.5778903559089,151.890581179823,177.992128309327,179.93228193465,218.907729551861,158.492260204989,314.90599979688,287.310587859119,405.474464614077,384.199452490351,193.535509571699,525.620994493059,197.371101245517,260.90152993126,77.7135557620962,221.441894817839,466.507049119054,129.326503024685,-75.1727264364133,-29.5976871590704,710.393783955117,247.327914129654,-60.696512518272,-35.6608696369499,373.459884427636,734.159545740399,87.8806223887666,699.564604830674,445.493216837039,22.2458722582529,56.2053506777518,34.2351101834734,-22.0718285105688,139.013407401522,116.777963445113,126.02991569233,225.837263299319,123.252404570363,25.8437140471983,164.907719696559,239.415919138107,60.1781058772171,248.654629721084,251.321970563169,168.592440075949,164.933531090285,317.696575672312,194.651618576901
81.7644990236145,107.892414582074,84.1732171092514,82.5276290895937,137.510068383199,44.4801673544453,79.937119066639,135.156552200889,48.5631243507944,102.342490775386,176.288241428597,32.8276581588666,81.3619606416924,118.165318817254,79.7092169562042,105.72704666425,41.7809662970927,118.166669039329,133.798177180431,156.299591228283,188.810057829158,130.113188065676,271.269600671846,247.210663508984,323.165830645469,318.171890199379,33.8577636649415,374.911065945527,152.480695717871,-71.3170679792432,14.1424297978016,115.378126427261,234.955989995915,-221.5922700212,-256.837546100488,-103.036981562393,545.375179261803,127.762176932688,-366.911512498029,-126.907896286029,288.310613854762,580.417841409717,-99.0754313678112,632.854972075269,190.869387559681,-2.61435636714149,-92.0315492463692,-91.1513536752918,-156.987924573054,86.7158408248878,65.9465866254895,60.6469298665415,192.766989503865,47.3087404409325,-18.6708820988871,273.509154927169,176.931774822235,109.38553666468,141.976261740149,157.714875266895,92.6460466696673,208.419437745739,144.298424144038,84.2012787417908
6.6282486862372,26.9303566730691,-342.769509391523,7.61392345983167,60.8998096946546,-2.15194395571756,5.27337810908109,57.0618756972851,-10.219138011657,33.9410721285059,97.8546720352392,-4.76264040433629,8.75218990565776,48.17995213951,46.0260172288533,38.4404421598941,25.6821369197168,51.6728775993315,58.0951432632257,86.8257696423124,110.97264770187,73.5704828893172,165.311737227505,176.784248217018,155.99523684914,199.057485175965,-153.297039012278,92.7186871202114,122.077924606753,-525.686665081862,-128.931862586203,82.7733072838651,83.4700690725368,-594.69662157105,-634.007811433529,-57.3553309418534,395.313082899302,11.6859234499938,-767.211274727508,-293.478062199307,356.233276276221,429.314202603865,-265.844402453992,597.418145349081,34.7440638525498,-29.4453553956724,-170.992383662126,-145.247658974158,-185.741774914719,11.471607040738,6.95561032983188,27.8387264258453,115.980116092771,8.80835603839004,6.73455465243392,189.781135637113,117.729497117748,56.0050447320281,80.3976826115024,154.2369544503,41.2852032135538,76.4221363482716,91.1205768981308,-24.3753638636386
-33.0288031094947,-33.1136782834872,-732.513919556305,-49.6773379570407,-13.5263732741052,-18.9467321345974,-48.2462198965055,-13.2419693167888,-47.001608398185,-20.4475419880956,20.250693641852,-24.747082646892,-40.3922661574976,-26.6884925838764,-2.17894110738111,-30.6589903863731,-12.678573403152,-34.0251179775483,-38.8291801400648,-11.9878056100797,-13.3741611425011,-0.510673456000045,-6.46979634523294,47.860492779567,-75.1942407648017,-7.85730225172433,-310.748925046708,-324.614657712869,-12.3767200276732,-981.369441336887,-459.83352180802,0.430832489196979,36.724229050349,-894.261541612087,-1164.89910013446,-125.994691811907,268.219210110368,-11.9649378874858,-1167.7653665849,-591.854881447208,475.803597909,372.711654395612,-382.644831998745,574.903036399339,-50.7218415246289,-48.1227560854378,-226.7552089283,-118.650992774412,-168.492237855034,-64.7047417365335,-31.4721043823116,6.22575344509638,49.0940956590896,32.6709502314423,85.3939800637298,-5.1103078381215,104.525722433113,40.8780121171942,97.5606197243036,316.79492650137,199.961358103093,7.49155989658162,194.879777836168,78.6839580331497
-35.7664300430886,-62.5855240706686,-826.873282373458,-72.5642945508991,-62.2683409941361,-10.2330354091022,-68.3012506561281,-54.0029967282997,-52.7215782322187,-48.1666815684183,-29.0019281678344,-22.2719235213015,-47.8727462754076,-70.8178887997394,-31.3186961174703,-66.8903636455522,-39.9044678571648,-94.5102222961862,-105.55822157603,-88.1240798488036,-115.144082895635,-54.399163711709,-159.080717620828,-87.2371862754992,-265.897804009039,-225.192673526057,-378.313523850903,-706.582081963518,-217.589368119826,-1238.34787129446,-848.897404837505,-149.190490860823,75.2149569811247,-1006.42147115509,-1609.44256586612,-378.557537899117,177.181194933793,136.286757686349,-1405.13984848062,-944.065887153728,497.960691108108,401.933406276763,-402.994694734034,511.330681612292,-117.691342949184,-73.0990041350725,-260.662236309692,-91.2876203304924,-164.846352935775,-91.1774546253434,-47.0138255295103,-19.9417125396636,21.8138953866876,73.2469028064883,137.883820457754,-131.021446501176,126.527690276762,153.906096088982,152.30686791616,529.38477772883,523.551880560776,134.679133652334,369.506666273278,414.138427649384
-34.62751142986,-86.5516231874047,-656.914118751222,-85.7917722768299,-96.580762717417,-16.2074775752347,-77.8582992399312,-81.4348248346886,-55.80600228473,-67.449719176038,-64.8791937340544,-21.9456690283194,-45.9982548229062,-90.5076878077229,-43.5272610719725,-76.9977525735377,-39.8918833641609,-113.873852964516,-127.830461944719,-112.169180368622,-148.146534165487,-58.0499462957664,-211.531743291403,-164.589987103678,-314.246863128434,-333.820186082548,-305.360105659004,-831.053179475491,-362.947968362991,-1136.07111165234,-1040.31817920129,-332.718898143986,93.0490590124436,-839.961963463057,-1663.14779708029,-742.798495086389,63.757867658917,314.321779096474,-1322.90770314838,-1194.89816283569,301.974611049988,414.958073589887,-409.323155647112,332.749974436428,-173.387473210637,-131.347811159223,-275.037208686793,-117.546460988257,-189.240082535268,-93.0218827681922,-66.5417017774231,-69.7691957858222,-4.70741175876629,57.1928684318378,105.303528778823,-153.607803760381,109.284762389727,276.907668859443,153.114507829146,571.817339253318,713.137022474659,293.29417472269,450.539971009278,716.978830905477
-71.9670670188108,-138.64026092777,-483.476597725276,-131.087730183905,-152.811061254571,-65.4644327599183,-115.892126264428,-136.979082505906,-93.2172385572161,-112.974953599138,-129.509751215383,-51.1824287942586,-78.5045081038948,-131.880149300847,-72.4647446190586,-104.248199366756,-43.1816158202624,-132.611542483339,-157.097007925057,-107.805737507913,-152.58690628088,-33.6990370196281,-188.193308447065,-201.255753035284,-243.208860971925,-327.047027271527,-138.111247593662,-672.002580625328,-422.0900037097,-753.931262113685,-946.286314632995,-583.403859998662,-110.985413416593,-498.773291417607,-1275.4554523801,-1112.52432714549,-256.294769042356,217.677536415262,-966.099842193964,-1245.35223851557,-140.918628095607,235.298817047885,-534.051584720621,-3.53133475021622,-263.065904322505,-213.50167806448,-281.039064690023,-169.813184756251,-217.491601191651,-122.241817107674,-123.891989583004,-145.333270681444,-87.7557448951934,-30.4623881777693,-1.30383258995955,-160.745601549382,2.56412055040676,252.118794481877,49.4171978014259,371.440308343744,575.687421650249,279.271003749476,335.006631184202,719.288673355539
-148.543709639149,-215.188808946585,-464.810741567276,-207.400201061484,-239.643779296299,-139.031726161758,-187.501532078081,-223.157626288747,-160.417991094941,-188.017685834932,-225.807325902228,-106.747693257983,-148.264881849066,-205.274662552542,-125.358031693295,-161.303870303153,-80.2415287468397,-188.899347135116,-233.334210861044,-123.554409205992,-194.872836272403,-48.7343852098809,-181.377922486383,-257.065589571746,-188.165111858507,-300.135713955324,-39.5369566045016,-417.12448876311,-468.566914135524,-383.463881217314,-709.89170041259,-903.999329180608,-646.174077295105,-235.195921338055,-750.58951645836,-1335.59140867162,-878.221790726507,-286.721941659447,-593.576619281519,-1125.56505367164,-693.697766398776,-246.081998921949,-723.104492426379,-452.150893081797,-480.711127776116,-284.004973315818,-264.14740547933,-212.985146090784,-235.613035319645,-180.657120314756,-212.112677091587,-224.934716086295,-213.687064693661,-145.046422675921,-139.487118667398,-209.260223397743,-151.91376419517,72.5117807094594,-114.842277539851,74.5777800255717,233.087846022295,83.5934513238792,88.4228498500113,422.129495184063
-206.291865316846,-266.630385247207,-502.940903395329,-260.643605268497,-310.190787504041,-181.793799005624,-243.185525449687,-282.108803326435,-203.683526093411,-242.810910000469,-296.445855964553,-147.127110425565,-203.001492211116,-258.986131345788,-160.157366701358,-196.851255731571,-128.013035168549,-245.120285534604,-303.110700474113,-162.875206741509,-255.113133298858,-125.757185926576,-208.915861294598,-311.178544410986,-206.78648669164,-270.060848877248,-102.727269074177,-187.951620396928,-477.735049362025,-170.058106978872,-439.260937625953,-1109.21871396837,-1281.76483744219,-118.548603159225,-348.775453189331,-1256.0152076073,-1501.66107418091,-931.587369795967,-369.343893580331,-905.975405874213,-1076.61014539124,-820.300439648649,-761.494825376469,-839.829744478386,-758.154604069294,-299.052466475216,-200.571403011039,-218.048369305829,-228.625263312177,-211.268875197732,-244.063253251147,-264.711511384411,-272.011792652301,-207.805583723864,-239.43232488778,-259.880876317502,-241.627008770228,-129.061589455511,-234.428261276548,-125.135362339472,-60.5019991377098,-147.066507231366,-118.954227249186,57.2811628636022
-197.684069919762,-256.201845930908,-451.648230799009,-249.761041854929,-316.19251373882,-162.960658772791,-234.019593689091,-267.863779802606,-185.251125186975,-234.063201798455,-293.429388492809,-137.821898177285,-194.151144573205,-250.260568862356,-141.694698100917,-160.047798464534,-139.696794568809,-233.396888809054,-283.253293555841,-180.65695942711,-251.939016530704,-198.018833491411,-202.650732154933,-283.454194410598,-207.847097693392,-167.652620487373,-212.679288427538,51.4104789290912,-348.452971236797,20.7263504033517,-108.821672113504,-984.827930324922,-1593.38616249711,10.5405393432475,-20.224921233048,-863.842329266033,-1626.15373505882,-1304.44646702847,-207.282187537967,-603.146169297616,-1049.49001463322,-1074.16306278427,-522.647495330783,-942.564422277771,-883.024462686586,-229.217117748993,-116.595564806611,-158.930094613006,-186.456315841061,-165.786969083676,-142.626657008316,-237.338762158511,-179.575502680513,-158.31423863876,-233.472954931634,-258.45889703287,-196.177073373264,-235.326372254697,-246.648764887529,-176.654984134432,-196.015874544906,-287.637172477258,-198.290923680716,-173.647439609072
-150.002822251443,-208.539922555919,-329.704587255119,-197.543691426577,-270.693203309462,-111.336993334118,-173.778185360994,-207.594295064176,-133.525681455653,-183.491817304805,-238.876983203126,-95.0806853976521,-141.636239967048,-200.824164994163,-91.6230437139301,-75.4745592228694,-115.636395246892,-159.357008420986,-186.925882584823,-158.552644414386,-178.135028265544,-200.817764627434,-145.213753389732,-182.513176908508,-126.622898124349,-27.4151123782155,-203.461256954119,269.38134420755,-126.952519878704,279.523734816663,219.699789037159,-574.963270355579,-1432.76932106992,218.189709270264,292.183809628186,-336.840710154261,-1157.67221346838,-1284.65719604181,-9.39705146481762,-249.7314470718,-657.062270607458,-874.737026409282,-108.901486092,-685.398616984882,-831.626824886345,-103.949975294079,-82.2380682600947,-59.8373882598369,-159.625700529903,-94.5205398311953,46.4959978918305,-190.656076490587,3.92205751255073,-17.1511307299553,-143.433519199503,-230.799525520746,-61.4541380100087,-245.69201955913,-180.877365202057,-158.147222456193,-233.243521605948,-340.239782734914,-199.864199780448,-263.209751298531
-124.823427543756,-173.789529949435,-240.959025284047,-158.920448262847,-225.935346608861,-79.3621179445613,-124.984069811131,-163.321110941491,-105.566273951202,-146.205369511147,-194.223872563977,-69.9635036276619,-106.858762932749,-165.214167299409,-66.1891979579451,-24.0120639365458,-104.636127448262,-103.727666731842,-115.441956068248,-137.760046703015,-121.431392080785,-166.722145797871,-104.247352933869,-118.060283588895,-27.8664007957706,19.1906875566013,-78.7691602796572,343.827569339228,18.114329807194,481.90576446576,388.32525509783,-133.985740919847,-1054.43316672808,389.338727531073,471.385739680828,106.272625877812,-525.378052958749,-1052.61523119206,158.111231899048,59.1676785792302,-203.601980853015,-505.202884772978,249.153016896554,-213.513109373952,-757.816343201377,-2.81444223816086,-109.563355936114,20.5217009444751,-189.594582357601,-88.8873502267754,196.331625126048,-187.47503135701,145.533919354235,130.00859489128,-51.979751975031,-230.550308855846,60.8187322277449,-214.362637404929,-104.656470468979,-138.099939284836,-229.523964906877,-365.168323599014,-204.796647737814,-298.443281989504
-120.397269129223,-146.096599908773,-187.093499481114,-138.724365011187,-189.601626097298,-73.4289524950625,-110.098903324057,-143.333390330276,-101.841256289148,-128.515945259174,-172.481017455249,-78.003863614613,-100.666414150607,-151.995911298363,-75.5644280909644,-31.0860239058261,-119.249307609093,-102.837981095462,-108.69101011479,-139.065043032662,-121.831860883849,-151.983481017268,-99.4187123135094,-124.839708520574,38.7566430364827,-23.2525292464269,58.4089927264773,308.937025992913,58.5436363898237,559.101999156392,420.994711115763,183.657103498933,-727.672452720895,479.82780920619,522.693327894652,402.953582008404,-94.7485990150092,-777.891610857084,246.495664805245,315.237766906546,139.53346069399,-245.454640050535,466.101577035716,284.874453238454,-650.891063135556,55.7755964820635,-85.2502789522295,77.4282071730556,-174.000560899904,-100.074406591787,243.273639913127,-164.704347610168,191.529759426082,225.372738744708,43.8898984466599,-210.562437535047,123.566867546516,-134.376879604689,-52.5060922463813,-115.802208674079,-170.764842010194,-331.774541106705,-248.190072525786,-274.183476211902
-74.7042629581275,-75.6976795563549,-89.5338083367982,-84.7604634898684,-117.277025290352,-45.0670892571408,-77.535894573422,-96.9902929665055,-65.5986775631911,-83.2030017543711,-124.017491603581,-69.5504148418566,-69.3173325087165,-109.623963479623,-63.0870115423108,-25.3277556019248,-107.398834665139,-95.5323580188455,-88.496644971933,-115.293413507752,-111.550852695021,-127.590637898376,-62.889556415692,-105.729459113723,117.596548987948,-17.2795933402117,185.476056005378,308.283621551457,117.45971004686,603.41434573414,464.422697253003,399.070565190373,-466.253545599435,561.828225491205,602.166843261187,620.109775691967,175.155189037343,-524.240453180963,320.309568975685,597.83930223303,466.547517158131,-101.970000440875,656.535957818154,704.180717684532,-398.22570843724,134.44529021218,93.1179734773662,144.971482678844,-0.266604325298571,18.3683754634539,238.961241574652,-0.810530107449754,192.512629483776,280.644836562412,215.192470602354,-70.2906470136945,161.252782429004,34.5246231920053,-9.24106684278892,-64.6468761311064,-67.8973836216079,-146.937037697902,-304.174920486555,-115.413886342065
7.38481839382315,17.2295247184122,39.2232036262159,0.629302797471568,-19.6583236551898,16.5970731450609,-8.62672276373767,-24.3855542559335,4.8538246083986,-9.43451395120327,-45.7865417915853,-18.7267154758584,-1.69574740420809,-30.9399371481494,-12.0906801390643,31.9665689131054,-52.5619068186203,-45.6484502137381,-14.2691692901783,-51.5980481222757,-58.1492439967159,-52.3493808707667,11.2223936616325,-31.1830755305574,203.108042011206,34.1513907897366,310.165266183645,291.101163496879,182.945315092415,595.781541833977,436.297922523767,451.078126847697,-258.569850293048,596.189063042162,643.786846296276,699.872160352168,340.466699117373,-348.92703024715,348.821718230511,812.83548739262,749.0372725953,-33.0289213051231,821.399018818649,935.837651946499,-108.111299188914,220.534773434694,312.835711564725,190.783554276662,195.871600231774,240.396063704232,241.89239710573,239.810788285963,197.839560175297,301.229078926347,396.713816573521,157.532413540169,204.607615075191,231.149842383465,48.1118008819551,2.76289961055352,7.5636675016181,135.756385083617,-294.713116926529,121.409397823958
56.1169376720528,63.8360990743047,125.230270896782,53.9396703924363,41.0468215132164,67.0851484109522,46.1897549917828,18.9022108965339,53.2633125412859,41.4802884531159,3.58949302266957,37.2730286747842,51.5926947459596,22.4008033656631,30.039603071384,89.0201235008553,3.17789926156174,0.7856791568044,41.7625188812951,4.60741980650271,-22.3426944141025,46.4249726419573,45.1389575391277,-7.86119458950899,219.749294640928,-8.64248722263667,395.995606776964,118.106039490888,80.6242138286422,425.908021800988,169.38140645856,169.821778949873,-251.371666058439,484.460069906526,473.448782119196,503.255775800933,222.797026867137,-274.411575740083,249.999382909103,768.957486404694,729.221541418859,-114.704725800751,790.494635932205,876.106069188874,-2.49383210581381,219.527304170193,334.276230219583,152.973716144168,186.82803541351,364.05928080198,250.133349837448,346.936899421196,218.116259750316,259.265113020854,419.49420917132,341.983524477974,237.966667439139,345.797791903976,131.17088483841,52.2747695604893,55.80118595618,324.441340295295,-160.723665413793,255.296141645642
54.6063983657418,57.9534157812957,170.85458598547,55.2141445499601,54.5348371691488,81.7893188604564,58.8262683036631,22.0436704162929,65.2246012091384,53.3519513352289,6.78929262686846,64.3366720209351,64.9476397121849,22.1983342472576,36.8947912061146,98.4815094560509,36.4798045542153,3.9545836406428,23.456083406213,24.8379859719756,-42.7408495702769,111.338502448552,10.1550244357363,-87.6285999291957,151.794316261885,-158.271833802668,395.68852141201,-127.536992681793,-209.995786517528,162.053006034827,-180.426558650426,-362.401902441603,-480.982809488538,272.029117294329,224.387089356821,143.543098128799,-178.364387910629,-236.775818375701,127.087545752994,544.253445584714,372.786552724307,-337.932633461662,563.191767404099,595.760915458323,-100.166985340287,117.236490498278,89.3143099532554,49.6399952703924,19.438965074408,268.448247472138,247.460062079358,255.008552944428,244.186001825834,171.944671859095,269.869877671691,424.625671065054,239.707408669242,377.615865189412,223.712396957721,81.6473837664018,160.712934041148,333.979660906534,36.619429291736,217.699278041999
36.0064738591051,40.0686136391899,208.05750396636,36.1852267887182,56.3777024064123,70.3730208670589,51.3262542143566,18.1465120944233,63.5712501665367,50.3116206762393,1.86910181360978,59.735920637164,53.0093493142975,7.59995983270838,16.6486664627588,67.537128196268,50.4513588974557,-23.364477261906,-25.7771928346825,11.3753294810773,-82.3131183963311,103.255946046212,-55.0215881986015,-178.652539842227,35.275122375239,-277.972967925837,255.452413733692,-270.684618937503,-454.308651795246,-68.5357235625081,-314.576272642427,-746.423493637377,-659.935309205111,22.3220871069973,122.611387367403,-50.9274198384962,-466.645870816575,-116.060457425275,96.7455735102753,397.813058664937,69.9977770597352,-442.855286322654,372.333142916461,364.419026160466,-186.795100427805,-7.52712757224245,-190.96690214648,-29.8735785622569,-10.2979437187494,35.2901241096449,214.168868588793,121.032874237188,226.686393681235,99.6671862447237,99.273678698779,421.864850939165,183.520780375032,385.204274992672,255.00480411688,87.0336017251569,298.369337253999,275.796490477194,149.154365750051,149.092850926556
31.9815180749578,42.7653829704243,226.168908403217,37.0619468883743,80.5296527303499,63.7919617254881,65.0106289161579,40.6435891613876,67.5493046486316,65.5126991825275,31.7311716938242,49.5643037801888,50.1488883468109,33.5426701508056,-1.07901566799912,42.3833968050632,60.955541601324,-30.437041219182,-19.729684748595,-10.2469825540628,-73.8151972841524,42.6169673929134,-97.0108889106772,-164.589541522044,-95.232704868616,-268.621485236794,-32.9004139969011,-298.694253335776,-439.181680370738,-302.537092303262,-210.581137333636,-701.807317128252,-468.237223273929,-320.645529813562,69.4296858310394,95.2153125895564,-311.027464126669,203.181041925635,48.8663509852087,380.010277853176,207.772939419621,-138.574393037405,369.80049600619,429.182680824461,-44.0152816092119,-99.2417974006352,-205.602335958796,-48.7080177108823,247.786176531104,-130.849095123127,68.3075514701021,112.75522090184,89.1915799728826,9.50888423295838,-6.09963302709815,379.328863921042,11.3235327107762,361.195678801325,165.39274109117,29.9224695983055,316.520321560299,308.51972956536,111.679164723165,219.521970539471
46.0431519586636,65.3714984327507,205.377443532531,63.392253685528,127.18893463577,79.3699910946896,110.113237037459,90.3605914755593,79.3191887210439,105.299628760778,92.3393096722546,55.3192766433449,75.288864116961,96.203155094134,4.94830184313957,53.239335704978,77.7885937535242,8.60962346375733,56.1470858447784,-14.8802884517745,-1.34220434129656,-26.840260415467,-91.889861426978,-40.642793454187,-212.292990948173,-160.082150993835,-385.634098912162,-298.251423067686,-199.18782664594,-609.550843412501,-60.4356072509254,-322.839963353025,42.4855938622127,-778.241365629683,-140.015748624482,457.305221197413,178.051580959997,695.063880955713,-144.044142223255,328.227042793015,710.967491656505,517.791921093031,465.009071366388,761.052335246387,292.048981515535,-147.600466122821,27.3737521942575,-92.2487588198871,539.07839566512,-107.570537707482,-264.722706294981,202.952781428491,-181.860566394076,-198.05459643432,-85.9847886258387,360.024577257892,-279.262345952173,280.282559143033,1.64790999732693,-73.2793177680256,177.33967069089,437.445573114339,10.6328382414312,390.585319559209
63.9160407030476,91.225110765347,176.868610455115,91.3925620923213,167.951738546478,101.703143019206,152.957244205896,135.099758822797,92.6946849945625,142.392026975918,140.469407146386,70.4991570544183,109.924769558829,144.732487982262,20.2068357629918,88.2806373169646,83.093211015319,61.5759386031464,139.004923439981,-13.3576834012539,81.6831716872322,-100.041337075029,-63.262224445417,104.610640141804,-308.2847666604,-43.7452979593363,-682.978192995132,-302.828658740676,72.1168660695485,-901.065782100114,15.2611013297493,110.977847996932,551.62093527928,-1173.76258292476,-398.632315381631,749.136316179565,659.34582928844,1177.45237694989,-354.87885330102,169.940502758019,1140.06052928089,1102.50465064666,507.129483269014,1058.77202530206,616.230034843221,-63.3225035911495,228.243111030131,-130.273832410288,569.188710917268,52.6219150328096,-565.264042637957,286.688503628998,-416.697390919957,-372.236886438745,-117.609843840616,429.047670064902,-466.273561240485,238.584600940012,-80.334874185858,-62.815258692371,86.7869888755986,520.962226464039,6.71198241689856,479.865796680945
103.359893460549,138.491264126764,212.786425035858,133.630527232882,209.429054876336,127.702083633507,182.381532830503,171.713169844062,123.851149595242,174.477997992106,178.148426908489,96.7768518150428,144.793492317359,179.616784909272,37.9667074818054,136.225389476648,59.6594926410748,100.055098862879,198.604667861116,-22.5947139145009,131.50920191897,-181.501552631828,-45.0617556001373,202.057273044839,-388.637962766531,15.8367017364852,-846.552644065672,-306.690192733663,190.272312388274,-1023.14423235203,-29.5654479075416,332.039193094652,870.185873265615,-1286.00257924991,-476.097446465807,670.363428114731,888.485154318272,1510.48625928805,-392.612236245919,-31.4545860083023,1146.73251913844,1235.87658537431,444.016944433337,1017.40376527778,910.165178236258,246.708491560794,329.061673902695,72.469896760791,498.545074915129,263.111431515461,-445.742202383867,386.783375597412,-396.986295392047,-192.521835750582,13.4338015606436,616.332686096419,-306.207181829819,368.185064821344,18.3024155253997,170.436761210583,231.13746766592,494.868371095602,175.880084838289,436.982606749413
176.899449512004,221.905183384063,310.645366992954,205.529148198084,275.824806764923,156.918148912029,215.030928261244,221.103846923331,176.605095668245,219.38916705465,241.266365212298,132.045382577017,184.481833929917,232.99991126391,61.7698904944608,184.238985457952,3.1685244000906,116.629525317289,244.76671942112,-48.6310166337889,144.113736745926,-269.385174740471,-57.9270768115058,234.664880435925,-462.034124950335,1.36401856794192,-891.766823478374,-329.392053213037,83.4619105752944,-949.618748070808,-245.110688502241,216.709341651536,1003.07574186164,-1146.08233964217,-427.271622272679,101.994773545848,824.622679350065,1670.03426893937,-328.978902856196,-255.590521387208,755.658634641882,963.78283219274,267.593363238152,594.704456978873,1329.48630548124,586.385963130955,520.900208608066,474.737849715701,618.739905946645,483.60087447045,14.4475336399866,512.070768697434,-175.26102880642,251.408528396062,261.266687484591,765.672705964173,42.6080160064054,549.19780995756,191.177139793173,433.049622665274,478.041031594264,436.44132129988,389.551116549327,374.261895037499
256.353190014339,319.205042636816,404.046496919566,282.540086948932,356.683861671972,183.406741626438,259.43257731859,287.303498545355,228.558306897942,276.555201672754,328.496701869968,165.137964233576,229.389923304635,302.350300478008,90.1098916623365,224.688027589097,-53.6641200249107,121.759392036378,283.056948342007,-70.7493623181478,152.965570751452,-332.329470790314,-75.6494955080521,242.357535660011,-498.728938810086,-24.2318231585506,-855.070501231774,-337.486459305677,-99.3022746686031,-743.387891962314,-504.686459256282,-54.684107861267,960.567666489976,-920.359779619342,-411.508053471628,-598.466448487697,600.13018300636,1587.89525199337,-330.045303803702,-475.862975874113,269.279153791209,673.069684042014,15.8239720023703,46.8723121281883,1824.54816120756,662.979617654977,826.320895407404,683.439888809548,807.224863854226,660.530471007368,358.901404138485,519.057932467283,58.0562351011238,534.628261398941,396.226049762609,544.214099764715,261.061616804053,457.121962469757,312.830581944691,482.72199305526,552.145783209083,378.898643927784,485.000979093746,361.357054504674
309.800124926656,395.598059238026,479.037537351525,336.251063631188,415.322876276122,211.293293975893,300.837143435463,347.604466648656,264.911883976318,321.051687712152,396.067459887249,196.457924100833,271.89376204538,354.985562907674,125.657850137341,263.133758076133,-50.951922628386,143.62289998053,306.795066112307,-47.9236274150077,197.216974548552,-310.932421190208,-40.9250136548481,274.392127689227,-437.086560151741,25.2649753814482,-727.426083941999,-238.067232641519,-141.245857655665,-465.774951175574,-533.598044858943,-203.811343012669,701.757494247407,-644.659357824235,-386.565649429775,-859.927279513963,326.9841942832,1098.45280806105,-373.906148113393,-591.197252936811,-128.441631964604,546.900392927103,-230.657328827868,-390.282579831939,2047.12368943912,514.797961750182,945.419753396513,556.965183028135,749.157494568409,713.193786135542,436.849090517757,325.683347874128,244.345011038438,530.402621981094,309.057850585212,-108.511708729723,330.067137205654,13.4847924504902,351.073922633896,374.638875399551,371.786796753378,241.072244896474,444.947168240303,300.57233792958
293.283546768524,386.597454432384,521.644169860388,324.335406856067,395.738900049468,201.329601735852,278.777326791177,337.308442365816,247.996236638943,295.725218368923,378.532918619252,191.194321311217,261.710244574876,331.052088915947,136.866470681249,253.832639990608,-10.3670348525486,158.627319926343,269.338962901778,-3.07087058135373,228.76419700746,-229.754664036942,21.7117155926985,276.540764029283,-306.823678415203,99.9444318130808,-555.330251364214,-65.0771920082939,-83.1172402477426,-226.045665666554,-334.367234567021,-247.290943258584,246.416655391971,-366.168802163274,-302.05145359795,-674.84283495777,-30.48256453979,245.434768620939,-409.149320006682,-609.704782536872,-577.721431769808,302.862286894658,-484.376911749299,-791.405340162868,1723.53818158223,316.808833554128,626.777725020389,283.06111057526,372.484188857838,619.028917085947,355.624951452523,67.6736486792892,298.269269492986,405.387518581848,129.73227481446,-688.458956719216,314.089789441087,-435.736566506845,202.174725979503,258.320828653921,75.2727121311264,20.8627954301718,280.197098086726,81.1483365121934
182.635834927729,251.744221826199,472.771765129301,215.649334486954,273.965546676526,105.293418811946,157.466806380853,219.123868054623,145.064511022206,177.02501630547,255.015652085633,108.812340503089,159.484143948771,205.320201958378,82.7884275376558,148.558278524062,-8.49992023917623,112.885072043492,137.729865986645,1.19142993893754,166.397006033598,-173.688647931686,31.9417882444723,167.795402267688,-210.370910980744,78.7573226382504,-426.246753453463,23.5048619516953,-107.53876411131,-121.626297293436,-187.476100598401,-350.846544088396,-210.522035738779,-219.404740815196,-252.116465752382,-534.615152147013,-446.389509403485,-551.385181865738,-477.297105493833,-648.118282640217,-1148.0124330286,-299.378611881668,-781.152477947903,-1272.68620654913,963.032189721919,72.0576877091137,21.0861964155197,-34.4112936745432,-190.672709694241,425.685413008945,143.282252549008,-101.681681146316,127.769546253038,242.97797246035,6.7025850139702,-695.187417074096,167.253620914009,-547.518470555593,-139.020509398555,140.784692370335,-139.975623920594,-129.265441211512,22.9048480877239,-174.774615773781
8.38095521745548,35.3284876325207,311.814296539145,31.9135033779714,79.325435346916,-56.110836202207,-23.1101354565393,28.3833293946113,-18.4818846155136,4.81696949004552,62.6619657586423,-32.519642549143,-6.50950952208961,19.5661569639788,-34.7440858781545,-20.428199658943,-61.1553863454454,3.19672043463087,-54.639684611174,-47.9648436074949,17.2032412889573,-161.352537924575,-29.3853543012033,-23.8937414498467,-178.924448502968,-49.4911181760399,-338.443026578332,-43.1112864430845,-226.745747467098,-123.347713326269,-207.998881008501,-496.844085806484,-476.31980282897,-203.55122197299,-279.891330578082,-638.966706709202,-753.372161122137,-1003.31286178147,-552.537873581187,-726.88881897278,-1571.08153039378,-1025.78218687941,-1060.74910669104,-1681.70940229514,67.5426800542544,-235.120872956975,-589.648169580146,-396.09017207524,-810.081882345564,58.623441113477,-145.074687592585,-281.948806906391,-135.170305314563,23.2679702458783,-121.905098856898,-375.315279578765,-56.8327528510923,-442.517524315612,-407.013796695192,-18.7682927411426,-240.285496372103,-194.371796238213,-202.768260355839,-311.349326452066
-190.030861182541,-194.664665919302,95.4131630934504,-184.213243594073,-155.722911795815,-231.323013780453,-214.139617566144,-190.190582378492,-199.77862485834,-185.512508170019,-163.989595278816,-192.775090131362,-191.859084422925,-182.198975673542,-187.122473768367,-197.390929170827,-139.797558023579,-132.525313812625,-255.668524768212,-119.605275429861,-146.325376040603,-163.952866151126,-114.097725491164,-206.405588021245,-157.595739369244,-184.43577563786,-230.998027112064,-149.324359904412,-326.374040872548,-107.560718997293,-251.238353449422,-584.585226044479,-609.822725721577,-158.823985105344,-265.5018050347,-794.429936430814,-896.044755682973,-1297.16576311984,-513.38112143145,-771.443871576484,-1649.2192076669,-1483.46368419982,-1295.16803944576,-1826.33356574972,-769.392967224144,-494.395345977743,-1124.07430281889,-709.626752568138,-1326.99161036495,-569.12701411516,-370.098515750801,-651.570045342089,-296.999811911501,-233.621745870769,-395.19556107778,-345.495589591031,-227.683683296776,-473.813400222821,-436.797144402257,-224.798660796861,-391.435495875373,-366.17263856437,-340.582257564205,-449.761796336044
-337.438683819302,-360.482752457837,-60.1470378457197,-349.526926397967,-352.170265997384,-349.483569256702,-349.608795968473,-362.142854942327,-329.773505484879,-332.166537326411,-347.427574770357,-307.421818273095,-324.842350954009,-329.984951571552,-297.46952299775,-316.300352317627,-188.878129981735,-217.640191017189,-383.810446865233,-147.770117917277,-227.80360825713,-141.460198783583,-128.34304659324,-276.051728647683,-67.306403810701,-189.635407455346,-68.6860757096226,-97.4152723653086,-312.29108573168,44.9471475086465,-158.869688400415,-582.3198437692,-727.375104077443,29.700222188464,-72.1621388945693,-829.606333740442,-953.842362839781,-1590.68755919728,-287.670590840959,-708.40958533214,-1490.41312675427,-1555.81813115645,-1470.04101279557,-1719.69762102822,-1399.06960395829,-574.571547177792,-1452.5542709753,-825.61871984588,-1495.54030717979,-1134.17926504232,-440.924801089874,-1031.81131769931,-309.052580169625,-420.482389536674,-695.777279247172,-634.263745645399,-294.654266509415,-646.50250664717,-347.609163919317,-413.138547754938,-621.760482745492,-616.620278750332,-431.657945578025,-685.731402707779
-362.910210303199,-409.940176558519,-95.2656178973696,-390.933818851507,-421.750141762413,-360.856518590915,-373.241869197901,-414.181236327959,-350.206719324251,-367.582697523276,-401.618881610369,-325.036746617675,-343.645599794226,-359.386962752253,-303.804468414384,-327.270081975649,-168.321557387305,-203.131748290905,-374.872103837465,-100.834660687434,-188.648649220257,-78.3385768342346,-33.5644143753689,-195.377915549725,91.8248265116374,-32.8326082529865,112.111115331654,123.290820881383,-174.316072659001,302.833020287766,51.472420777732,-478.600051338553,-747.666837465853,290.393814024742,235.212554013152,-707.951325506549,-926.680937213796,-1689.35494131564,36.4251495738369,-532.7057514193,-1224.30437735384,-1365.52181140552,-1474.32688661803,-1460.1748819454,-1644.59352274225,-481.398626407235,-1418.15111002345,-747.436628853986,-1279.52838079019,-1237.53900329908,-395.792640094283,-1092.90131894547,-236.966574528659,-474.189155763122,-778.095734793333,-781.553727504353,-295.800280815194,-677.430504241728,-294.619422041471,-501.796073791909,-740.015177009647,-659.517584178706,-503.082214828202,-833.999290836309
-326.408943222864,-401.428216824676,-85.1120024746097,-366.651386491504,-409.87759512759,-326.057486136536,-340.066470977652,-394.346665786389,-320.725942089937,-340.203397046249,-373.531344804104,-302.972230557929,-308.603629681379,-327.508206540727,-269.018715389579,-285.198757457934,-135.496440920875,-156.236602880214,-293.052974866282,-52.9154298055298,-117.045755401516,-32.2336598821976,66.5376843276785,-65.8036092007985,202.863492068819,142.806609894962,218.73977733864,295.302483181495,8.23270754387329,486.233606477857,241.34969776832,-247.098174904434,-536.26892294105,453.002843070973,448.433241141069,-446.721732394487,-722.941477202536,-1423.96599101756,283.691545300186,-329.10374988998,-872.298692900308,-995.368585419833,-1247.21100472586,-1060.94910182088,-1476.31468510927,-352.121516117841,-1209.53309038852,-642.27074667034,-990.931082769138,-1055.18416310491,-360.896564476903,-899.133339807333,-204.042162187065,-490.991665639355,-668.618525960048,-636.326807273537,-327.247137772055,-505.263266572361,-354.368303362974,-515.499075252428,-681.270538846274,-439.599190841732,-589.310106932625,-775.969573655503
-301.169568792536,-388.524264509809,-66.7984379539543,-347.585252418732,-389.441217459847,-309.265524738707,-314.032251404959,-369.235345595206,-311.979572494137,-318.058349267185,-336.606797076902,-300.714975139602,-291.304763511434,-297.617629060768,-252.359132320843,-251.441102683953,-140.705088926338,-131.316493792955,-216.718700594817,-47.5587226435642,-72.8848914105119,-32.9233263360263,99.4097988164529,28.974283374366,208.803962469805,233.253052235258,229.883187057314,324.889286200898,192.092671026355,514.156626843101,364.950770362421,118.522576418755,-104.591150974415,477.621672566733,514.544842220678,-88.4675599435806,-323.069529173496,-877.767038041824,403.24042743451,-145.430530282545,-484.024853215495,-474.229219899524,-879.511567450661,-532.871763073582,-1045.21242865798,-257.253019967889,-1047.62382371637,-547.919770761002,-779.751432001039,-920.499656346132,-360.871674620769,-684.635364599011,-260.65800772755,-524.945386632023,-530.79797249276,-385.237427024902,-425.390910988784,-297.123670357464,-508.978920682942,-502.07879532871,-544.954565426463,-177.684181796167,-666.679978703797,-614.709512651976
-240.211288947437,-319.027892024848,0.757741876435993,-287.666790614977,-319.189188032468,-269.230663844152,-260.98655135551,-301.182672528852,-282.217032770278,-264.822511684685,-255.91720770356,-271.003842945739,-250.9283220285,-223.23946273625,-201.909106503144,-193.378750313329,-132.020659114457,-80.5090455068281,-122.592533244694,-22.7559642264292,-4.6171130143926,-20.9409626909748,129.087268101338,120.647551159158,191.559230624399,285.498447025342,230.216114265461,329.418087445899,376.358636739001,471.940445576435,438.428928456882,506.245567151939,381.537200767723,468.122611540671,519.001819726606,251.809739274054,126.232509652734,-265.788753407841,480.347518962318,37.1917720044396,-170.534844549543,7.42615249849982,-503.792992848926,-58.9981828626767,-534.328699620506,-149.921313250434,-788.207397688162,-322.171349272053,-426.41536717192,-720.514572280284,-287.084075722392,-411.330481120185,-318.591221261486,-460.736379997877,-349.151809652356,-115.82145889906,-504.567925798078,-137.13044807786,-627.440588099939,-452.146871565474,-386.47086049225,-9.10162299790898,-618.514599846011,-445.694580348127
-110.987505370411,-171.219454514758,11.4869243183278,-156.514611263354,-168.411419259977,-172.50656603165,-156.074328857017,-163.637808975462,-190.030100696912,-151.535073370203,-111.498876610762,-177.40720528829,-153.63513141277,-84.4177351473599,-90.603349387756,-90.964953693228,-67.4250219722517,14.4487903957675,3.55740630530902,53.4352817333595,99.7645311380569,43.6102804458345,190.598650826319,218.530191881559,217.70941199133,325.949898087115,299.587070787251,348.350828445506,484.851437292022,470.024973345421,389.642601882725,716.789644953693,731.251747786217,515.30459074727,480.252166677782,398.682373627235,451.565740530069,186.918065609668,586.423528662384,183.430190166381,15.5721215861507,237.69572693325,-179.59829337226,162.821243660154,-80.0581649345378,-33.5072369397024,-319.793399565278,29.6593694838524,114.581255986882,-298.528029406978,-129.265296319285,-33.690063310303,-299.725151453597,-267.765404135014,-106.871375334162,125.862560133377,-482.211776021407,-64.4603684527561,-591.067577257509,-422.032420265786,-275.519327719053,45.6828565813704,-442.379911288461,-318.07852965361
31.0886626487704,-10.980540155771,-210.287551799167,-10.8860501685296,2.49725059217963,-54.8708826484471,-34.2734352990723,-6.8991942566754,-65.5145916386275,-22.5952441714045,36.1058463309632,-57.6535866063579,-37.740850240333,56.5604599841814,31.9323026094733,18.3517633931237,29.3826716324289,109.550184793305,117.618814539704,145.210479711174,183.677438672477,141.994241347851,238.160808807543,278.412649388027,277.453065793686,324.855696325511,451.128512923221,328.932591946471,460.462075162176,598.344182523265,213.93894645934,690.066343041675,880.513917968228,653.773038821242,451.456736551911,303.633874085036,632.376815546068,388.409760150498,761.463767874563,272.714785021951,119.412442229442,294.924565509728,116.059740541798,189.781524283311,256.547207390997,23.0818410947906,146.75978824958,308.569355619941,543.580466086783,139.904445702284,-6.78139076528114,251.497130081862,-216.820040725401,-93.9725941206626,55.6829878013975,190.093315425215,-344.883473405394,-143.726109905104,-400.244357448663,-439.255862480765,-297.204167452535,-32.6605003006151,-264.042111385309,-262.974980712729
143.587278458648,113.576792548624,-561.799453179269,106.974643839931,136.625710961756,55.1946328158268,73.8619551577412,121.007889231076,57.9715096039278,86.338005285946,147.449554594388,55.411468243034,69.8055345614183,162.41407851837,133.52696052313,114.158846243535,129.25917020505,186.270171275213,193.112084499556,225.936207967027,231.070522994465,245.19787724099,263.266882749667,294.877213930127,352.99812462036,310.425138419381,622.400507668322,327.266023571447,390.881621360592,855.208256693509,121.964107664624,567.157418219145,859.350789768388,838.137505074804,594.970706838419,163.256481749371,703.098470745097,411.43232864052,1012.67144105578,427.039397730463,189.89593623787,351.17105449218,405.428829338113,225.090947913264,473.584407787688,22.844304233955,452.507193661598,425.150011711827,695.947699269985,401.429344097119,59.6925485398338,342.541283346845,-97.6610815353464,-1.49934269645536,113.259085511279,91.0102814603968,-120.438747178698,-236.747449996709,-138.919044287369,-330.688734226717,-297.27793947938,-133.376502668274,-106.249826528169,-162.209321219458
233.645496529844,205.006920336425,-702.21571409724,202.39328876917,226.671817777744,156.436924371066,161.463035190143,209.702266182531,167.659263462876,180.143626087849,233.686257584109,157.532928290151,172.044091140964,245.1059816103,217.583562536559,205.205092390591,222.767304977081,254.296776949344,246.281525654189,296.537072786756,280.012483879491,332.239550505386,310.793595814847,310.584532514647,442.992182623041,354.557573475385,717.714327632858,445.311046288242,410.390024944325,1077.84685705986,310.637952129054,535.091690071297,701.744482586387,941.297129979109,931.93526455808,252.762775853135,648.91953693221,353.413657760297,1244.03835067262,762.016764428884,254.422704904268,366.624599660492,666.558762335091,342.80783458459,584.068545044983,-3.34959159675154,670.806745904786,425.8150166534,680.726194483762,571.975293193046,151.781932854621,389.951748105907,42.6926399374671,103.53755275668,226.068901545211,69.6534221588361,114.060568131151,-71.5763835598516,93.0727249475988,-17.9865965924011,-11.9087465408689,-39.1554549711841,78.2860851139071,161.550706776158
282.937446451162,246.507171466469,-513.138509058187,253.474303300529,256.52205564518,217.772513411187,206.230497489184,243.423630703096,224.794106679833,237.348391187441,273.479032724808,215.81342652787,234.26077754346,285.138103503649,261.208984157377,265.236715503665,289.184769005518,292.101744381405,277.799345349274,339.246924667788,329.261978085522,376.393001559689,367.629063023361,335.645759878578,507.147700761333,442.468204665846,688.816019606806,600.534997931906,528.738338574857,1057.55337336733,661.242335717366,659.060320767814,470.643215101245,868.902631265965,1165.63246661432,624.582130615352,500.254595275541,247.323621349631,1266.0204151468,1143.06130956764,317.904268199957,229.18297175487,854.397644063752,415.102908301088,580.340936527996,-107.748861202856,778.23503806574,272.055358641286,510.665077189545,673.825517779057,208.9907958963,428.985307516289,127.961944289932,205.876871740548,370.136191987645,161.123251038059,232.329415669995,248.62095991126,205.407935748673,204.966146133934,378.844990650261,201.104737279721,183.248343749155,567.43190477864
220.440211315376,176.975828700838,-280.815229308204,190.471039612832,172.780490589351,175.633519371845,154.249091112301,175.384834047015,165.067960558589,184.121622147784,191.974845495631,166.886038293013,179.435595734546,214.697662527033,207.298074274354,219.161522479715,272.168618511371,236.471840401147,227.680984798828,290.910593170754,289.828813483687,330.294679967503,326.557480445912,291.497463886466,440.149290721838,431.511439278775,534.015118813882,547.931330573189,594.461938404686,702.21783343836,810.119001963329,799.669778432679,253.967089220483,601.457668411893,923.780011351386,1019.59602546639,348.229877247662,86.4277194440809,944.968310106129,1265.00185209035,338.117944730442,-16.2801162231157,922.943301354833,295.28342661623,408.525334900065,-291.270873602997,584.378222978981,-61.6708694036629,68.7178937664041,504.124864777479,68.1196263697895,270.92769644048,39.2179310733513,132.16889885087,290.27089249815,112.42866189664,142.863030085039,276.394847972112,145.21860203851,68.7792889450582,359.075227756676,215.656140836193,53.3909929770733,620.971916974661
59.1667188719513,11.296201332004,-265.067752641361,29.0681594061036,-1.99744320634198,52.9057158852108,25.118760006366,23.4670471069563,22.8393348928598,32.2927030059338,7.15500348493569,42.2195616680717,26.4805485856951,53.5393230552087,79.5316489428371,80.0187378573501,170.793489938996,96.5368345799058,87.033313805604,152.241889880414,135.383260177082,201.982150195417,161.034804501918,140.519234986546,233.554930642039,253.450937777957,302.938658051666,235.72984218927,497.291577003782,177.389354983951,592.490946017537,789.212157246735,142.02348754353,212.977558120804,274.123581057628,1153.41677412197,288.760890927178,-51.0026516881756,445.821639700642,1057.29343442881,334.133284756403,-167.315330827922,890.605712005156,70.6927292161515,80.4601690448172,-396.401960321448,139.539097021142,-362.582057884314,-471.398655636768,55.106249132249,-198.283746618875,-86.6540402424731,-170.416479663236,-114.294411452281,-33.3924908326195,-117.865798472641,-57.8957636165857,-71.7071030934683,-3.56862308322926,-216.847260538228,-96.4222746866832,-161.63469684595,-176.854956235085,196.443768259069
-39.6735420633534,-91.4786907328735,-329.629749109725,-66.1341806182419,-105.62329105418,-7.5565405436998,-35.6909948301017,-66.2841699516756,-40.0404749560288,-51.6351692612039,-101.915032446079,-4.0498541143249,-57.6284597807904,-35.1591249794439,21.8436285323562,10.4492065513327,99.76789802227,12.4743460568574,-6.05170185517399,61.6139484930448,18.1000753173867,108.66753064394,35.53452569934,13.9152630723512,82.9962410111373,79.4181403311235,127.34873968621,-20.0875665908989,340.997165466114,-126.710697439628,275.951390507183,630.523494120376,178.649244630172,-59.0045356950401,-183.132573775647,986.29095296665,342.08466516308,-5.0426053195391,205.391841096556,829.664986754542,384.458834586393,-89.1156369108111,850.403607259086,-24.8306232914043,-220.418388276297,-311.690141486582,-161.113852185257,-387.963152895121,-664.089999846497,-287.575141755446,-302.718218189547,-325.497748634894,-247.298711022821,-264.268808385354,-272.860472497149,-240.806072498936,-127.061438571797,-366.736566051703,-42.9956717729501,-261.695188586815,-438.109954220414,-603.444419726537,-183.02165961939,-298.295846300841
32.1441132836779,-9.23693360549477,-223.177870967991,20.626528168012,-19.9901369433962,72.4797786058395,59.3536248824974,14.9997203413916,59.2924403625309,43.4552519117761,-9.49089607547446,100.643595917622,34.3727498339043,56.9717708314596,112.744913617068,115.478925251407,132.288206872573,79.4688825935166,66.2304882865843,119.454896034247,73.3406978890505,132.97318716458,97.2318241482954,46.6216074032864,147.155890046638,112.451908508477,102.507182340747,89.9206076916817,275.599366763267,-8.05417762493948,204.803007677682,367.415075405521,237.476245082278,-15.3914299738748,-21.9489564546227,640.496205306933,333.071879751881,183.180659039947,418.686706244643,844.942918287898,413.61065124206,47.2239643400778,832.87172399172,19.1518956948471,-335.037601774252,-107.250379393837,-56.3053842577516,-175.745801679002,-371.230199824815,-212.022857535401,-140.203529737299,-218.423564515974,-67.7113835748247,-149.239389652956,-207.668992724824,-98.1825533255375,31.577820299885,-309.119977242634,103.866684170459,-34.3137286883455,-360.133391006631,-723.764242021885,73.7881893448387,-466.510610614025
193.791064009082,184.207917143901,24.6474870822415,205.278096178583,176.521368792511,206.230161906583,217.982788789864,193.565559506642,223.052407516806,224.587501555703,191.538841760058,251.836785402403,211.161995692199,242.937809456015,257.856584284344,302.316050797169,200.375133630266,221.377095834897,240.473358267113,247.74699102977,234.415837553171,213.612851352174,276.661518862656,192.531107536229,320.099899498798,316.687056596782,162.201193519465,440.056109537648,294.305197457742,251.75969556522,366.582172690809,23.2989706029914,121.675658717918,188.540512871907,435.509663806354,261.862247310993,71.3211394008234,239.562592250533,736.249037067584,958.655957511206,256.658385305279,-52.1221885316717,744.400879195063,-30.3477556295354,-336.181762037519,96.0573323606157,267.092200654263,66.6919690713215,67.5007164720056,124.542095877328,117.277710443438,90.8769583182651,208.710055556703,106.594061759706,34.1433574739961,147.235312078483,271.998962045838,-46.9273271101813,313.760312764955,212.991796813503,-94.3500813124895,-523.937906351802,324.426153255231,-336.102550872049
305.041538861948,324.793131721841,209.584637227301,330.174588766792,320.211936578795,278.078518644293,307.182183580541,317.157192239999,322.356042563758,337.983780992714,327.755376021077,329.506541613029,324.85959505656,365.777286650819,334.212100567893,417.769914337973,221.136792209943,307.209242446354,365.02238428102,308.941430703803,337.166910132178,246.663680437499,381.669914553868,298.139740702347,372.904910665869,462.79265625782,173.4125359099,598.014970546313,290.627866220599,247.515794185514,455.845126954296,-256.980516565418,-151.243655399951,236.552943275514,591.570705691184,-13.4683030813365,-339.215508937495,63.9765729228056,746.803296048415,882.241542860956,-68.9923770050816,-388.828898672347,499.539937023392,-268.01765831275,-362.810316719636,210.3028409413,474.423219034644,208.329221896392,307.98935020272,353.128549976288,279.694139061014,306.700523359798,375.259319106116,292.718290890982,213.987805658838,293.687804582205,414.640309864014,153.011770890662,443.920189929104,331.404179596459,78.7048025084593,-244.735072652304,409.843347426671,-147.256229472218
300.242818401232,325.948778949365,254.009730484578,322.864065225541,322.232749507515,256.298825518978,281.942959458061,304.952838393931,310.528137295019,320.732752784272,319.874294325713,306.859873653428,314.228169601146,347.102426127093,305.993977915178,389.004390394785,179.207237762022,270.23497036503,339.470602455258,244.807231525232,279.445387166602,188.378746799101,289.913914627707,243.017264385541,213.788091586597,360.781971298794,93.240227810774,335.928274746962,169.079079484617,-30.2162895462981,262.012507290982,-357.517039531296,-392.723203035412,106.997450953086,350.234741370798,-171.434699762212,-663.592522874396,-164.507706989712,509.171914523584,569.394858061145,-410.312806938124,-735.720233892645,133.754154337578,-547.07074632712,-411.766235064126,177.31526801085,462.260305596087,219.3051495197,305.66696884833,333.231637027571,284.674231789945,300.57226942488,374.723271389122,302.415424101864,224.587850265537,293.50709368099,389.508078390642,203.317072885859,443.235737231286,323.803778020908,126.111775574888,-35.2448706516329,395.137466814292,-32.7830834373278
202.979823856569,219.259921554722,229.637983430045,215.114985845447,208.178548142352,171.722022768689,172.372064449065,182.675212695954,209.238042753961,203.247426233468,198.024091827972,213.783619119699,202.937726309283,211.01980865486,198.835945412972,237.871938089461,89.4570323904415,123.525167619859,169.606201666992,90.4711742459061,76.8540556062307,62.18563575797,45.0570068303717,20.106668466254,-47.9175780377111,33.7169756548768,-14.1479349522696,-133.877214033835,-99.266580875009,-261.959945065237,-110.941658638959,-386.67882690339,-538.678062346948,32.323640267602,49.3226667151089,-314.638668968757,-858.102411443606,-339.679339318663,329.009653074654,163.814362639716,-678.026033029563,-1016.96961974713,-231.507823422117,-786.942501155376,-449.584367934845,40.6749021127549,307.47353822012,125.494009056073,153.419125654723,165.604340906552,175.130194559983,139.775428603757,269.718750460701,152.153610589099,92.7314993287297,186.528473065015,228.74809467204,158.696931768052,324.002343796898,212.321884992495,117.354088015216,84.9471200105961,360.000295699141,19.2659231735793
85.0110799339946,88.3707248494333,191.968913673016,84.781357024622,62.081107477686,68.5301737671865,41.0018882825755,32.9422380652408,73.9284785807269,56.5447281307519,38.301907385157,96.4624728234406,56.6638755924701,40.7900603919902,61.9752397919771,49.254349351375,-20.9981043056656,-58.2516870363152,-46.4372325906155,-73.6853356018808,-160.313617938171,-71.189472710108,-200.16970110103,-255.776612888409,-254.705404235296,-317.458972339077,-78.18837455231,-469.22709448369,-432.216641808719,-271.450749945837,-408.581028264071,-474.386160367128,-669.603528317239,118.271987466315,-119.565515771706,-454.847510252425,-993.83495520121,-506.547500843235,282.819200859487,-215.759619918002,-870.331262540906,-1274.53391460323,-497.230608301397,-1066.962515609,-536.757841456693,-68.0710214233857,81.189105511577,5.14280137882846,-58.6715407410545,-43.135372070743,46.8466724705447,-63.5768253396611,138.107472105354,-52.5167257618688,-102.015310140994,19.9372839087606,24.2745720453672,73.2511835926353,132.113181413605,46.9086348439712,81.6566240879181,108.61790374632,302.056640230384,36.725620012332
-22.9384745972457,-33.6936113771703,125.602620130524,-32.7878646167135,-74.1787964883193,-38.1345403685787,-74.2860150785237,-101.167368725085,-55.4715820589312,-77.6012972395957,-113.840579599134,-20.6360559377951,-79.0371318717003,-108.485642194925,-72.0791267410073,-111.360877332386,-129.076017479169,-212.345867382558,-226.280680757465,-205.380145699612,-341.536525043763,-179.214811541304,-361.255041724425,-473.581881130338,-378.845856179762,-545.815092645963,-115.406780843313,-600.309117453519,-700.808045478493,-208.620143463325,-553.954018278017,-617.344557194274,-818.108581800893,237.214103032707,-246.975989577687,-544.176051904237,-1123.45093651492,-625.667013341042,222.153318935187,-526.127180240228,-1065.28608831772,-1456.87104740237,-677.967503390645,-1391.8552348364,-685.967733986085,-115.40916663545,-136.510189617856,-83.1696442510874,-214.543337665856,-249.928813559267,-57.2909750440239,-243.401627276926,-4.83331334110246,-199.843330083026,-272.296241521102,-188.370499999654,-157.633370224399,-66.0939970005687,-82.1169784756724,-97.0095605155526,13.1231584883344,-14.6496289500206,162.848901306896,-33.747703833907
-153.208436470447,-174.645363916919,34.3161383439772,-165.046131088752,-216.572791781053,-162.552861670667,-190.358707990808,-234.883898150363,-180.509400147443,-205.7912694848,-262.266962511696,-148.668835678964,-209.79043619002,-246.169074033807,-207.899310901128,-248.454453637483,-234.997044991414,-342.998362225946,-370.328760866521,-327.169940408627,-471.560747412429,-282.092964962159,-481.548242045653,-626.108992804192,-495.020357378581,-675.595618467207,-192.88869411419,-684.095960350801,-844.869284602318,-282.78591842701,-683.396957724603,-773.465768453117,-951.192205396356,222.700825099939,-429.575584946247,-641.381863872185,-1322.46683555573,-605.769857609593,46.2674638756933,-761.651368188615,-1375.13395936546,-1555.34434319357,-849.993035956888,-1651.85304915537,-746.320347743114,-179.732819281809,-267.103025123491,-162.06221288397,-247.488902483979,-442.056127723675,-186.692091164213,-386.132352868135,-179.308706120832,-272.664653284111,-356.55781807831,-452.080544786617,-330.633913995691,-277.886767382917,-287.976073668793,-224.35715574049,-78.3979913375977,-317.132002172099,-122.148083860458,-245.31232029984
-302.208411213462,-324.09618089984,-28.6816595282837,-307.929988753043,-351.140769011996,-288.170878401023,-311.606460504272,-355.661908245364,-297.439242254719,-320.775912223553,-394.072816914937,-277.212191752417,-333.215707589985,-372.629233006107,-335.877728633328,-365.643200011836,-328.533952649265,-454.913334656417,-480.807641355088,-441.167072419423,-566.003792727362,-380.211891353038,-581.927409885914,-722.327616084103,-604.928929903672,-745.229454180271,-299.537212910111,-763.585121226731,-848.997827408604,-466.319423412729,-825.933708400426,-856.801097520637,-1036.18836916527,77.3005213058175,-595.830905725128,-768.999800068423,-1541.33444048662,-476.782325382637,-183.126752433121,-881.337119882184,-1740.59860609273,-1623.43659500419,-976.678496624081,-1801.98605238243,-577.172778783607,-235.448405473922,-357.726686551733,-250.168634568712,-257.178352931711,-635.640103721446,-330.673699814499,-505.239069417068,-329.358931264206,-328.096766465591,-354.888782311876,-720.063285147682,-500.67367248884,-482.375655086681,-454.969582183222,-416.866434689625,-166.715134379824,-671.712537552968,-517.797684414797,-490.732535110431
-408.324023766201,-418.760663786628,-68.882305724291,-400.208045560767,-428.491469717282,-362.011811381007,-390.100743637311,-419.973705648862,-372.173346173899,-389.825845229118,-465.267866727595,-354.647971207972,-408.65629464534,-450.062139835141,-408.71851881597,-425.174373635366,-371.924804671273,-501.271009548959,-518.348639930828,-489.33662668204,-584.544870903055,-419.455569247782,-590.410963964209,-717.343187985172,-611.580234303627,-699.441477320442,-335.304879964213,-703.328069244191,-694.817025623756,-540.355390246609,-789.57974925588,-759.900755689691,-1015.95644727056,-20.5304091350152,-579.663528265773,-809.239209507204,-1510.24579367182,-310.395274680796,-317.95105234943,-812.959805754675,-1897.97493369558,-1527.79996320353,-932.529363942455,-1855.89341108397,-270.468983992348,-169.218829722749,-507.095483434942,-294.173979791505,-376.953167497857,-815.155138217662,-339.720673396906,-590.018091770567,-330.420044673815,-360.148891753649,-312.54192226905,-827.292047385639,-564.84940446594,-554.703287953023,-521.007496740559,-664.887235256179,-286.722035281279,-824.713297158763,-837.962957955909,-597.443810545741
-455.151709392532,-453.191528660686,-187.312814001847,-432.153499861582,-459.335147223211,-380.440185627543,-410.782094318578,-448.693753788222,-398.102645199794,-423.610771132711,-487.564974756617,-368.332724536382,-429.927533569618,-482.421342402874,-412.208120623042,-425.498493092236,-358.616139850395,-471.04267170154,-489.100039687209,-452.622394297528,-523.127560607597,-382.537115460811,-494.198042278316,-618.902475965592,-496.806074821156,-541.10300492877,-275.58425097839,-483.787303234459,-459.872541471059,-413.023531629746,-530.58715634827,-543.306629798983,-855.048037937256,26.0513494483981,-375.996228805099,-730.474730704625,-1133.48371166234,-137.479334741691,-319.026318673594,-621.538132587024,-1705.48980937933,-1127.36941382412,-752.349955086796,-1765.5143602367,-81.3576323922057,-25.1384655421859,-656.687631458166,-248.44946570114,-529.102897953684,-875.65022908135,-137.726786096684,-578.098460904983,-169.398365563699,-283.620147904941,-252.019543269483,-670.343043422688,-418.423423754397,-489.98437475461,-431.089249242193,-812.892996873628,-506.140410587994,-686.752932277965,-886.42702927231,-578.50248470314
-481.368338585916,-484.308451919675,-404.71783700262,-456.974919163879,-498.000990015082,-390.647342134359,-419.9139175742,-497.967497938685,-408.0702963793,-461.968792461156,-522.921349824601,-363.474295741277,-441.571225559144,-516.991822974301,-389.488515230494,-412.744938325029,-331.564350570845,-430.594437676319,-453.874290736777,-400.780098478724,-460.05187221241,-336.877043324997,-408.341434447239,-529.166238705305,-390.586167421325,-416.788603654596,-244.659633361696,-319.078256845456,-322.834944529874,-263.14081139312,-340.899837835851,-393.828592709176,-611.42671717493,57.6186534962155,-263.177782318901,-628.941154480151,-697.033997815672,-16.2689825959945,-344.957365259209,-525.427797527426,-1301.13826584884,-587.347007213824,-626.191797897619,-1465.75057299682,-124.253911685367,38.6655179378116,-632.566965742337,-132.967925736978,-477.643824848601,-718.609453903072,120.278670791297,-409.540895205432,8.32840755558725,-95.0802601344777,-134.548742189116,-378.71325653266,-138.83805871998,-396.283845296315,-225.448967756703,-742.528173605396,-728.28441783415,-447.414081187741,-663.024483613866,-566.044933886118
-479.025419114604,-500.784791261198,-544.913000809244,-468.307994553344,-521.353703374885,-379.932566523234,-415.916960454552,-530.968646203901,-394.445363806621,-476.423741708435,-553.495251596452,-343.473914806224,-441.36509434773,-535.352083573344,-353.2179858947,-381.374920478081,-301.017134445974,-399.98529940373,-411.593182837107,-377.830727578487,-424.894746376485,-321.851991509513,-393.342513771501,-483.639013367073,-377.506590466966,-399.464892322886,-327.990384577573,-340.509003594137,-315.880773371003,-275.053492431891,-387.506750985594,-314.526165578654,-333.329516348499,-86.3795060660072,-469.695680938832,-460.962496025192,-385.469593513635,30.5111878369447,-528.757188115331,-601.166201427542,-802.892172202362,-83.4771180718252,-578.344039821769,-923.884297270181,-243.723360166055,14.7042654521062,-385.551917939936,7.2254851582791,-151.083590286726,-395.417040945754,243.192126328336,-112.52538910168,102.991260659018,80.0543963154114,70.0145874975476,-172.224301004025,87.4169428518475,-315.493040259384,-12.3649208273477,-500.029470739825,-707.59092508612,-292.328169783069,-350.326209262713,-541.861278843304
-390.621400296811,-418.98828336679,-438.350555421127,-392.996552250036,-441.429633110657,-277.613354700398,-327.37707494197,-450.997397297544,-300.173610007896,-388.572064529575,-480.14261491081,-249.193722997766,-359.77417997771,-453.66657146271,-252.510300497453,-268.509333273106,-213.125897236726,-297.71416966255,-287.405629074159,-317.821090809355,-326.208408333768,-268.85186081206,-334.560055069811,-368.437785736547,-341.768444024925,-328.11578815686,-400.328899910267,-344.174113478467,-218.071172167328,-343.293790598955,-345.182671428062,-86.2773724573053,42.7365314041897,-269.198244094071,-741.708600516596,-42.3782167039289,20.5299489823262,129.450591158927,-729.043555317603,-609.904985965061,-132.92105911277,492.880429212355,-388.194637281154,-94.0036751145522,-247.339317821475,36.0844719764416,-71.0441398837061,135.907543018512,222.699949404832,-72.4219216075595,236.313233892278,192.142255553003,167.330021158595,156.317627265397,275.8429756111,-59.6118601828177,205.678569418817,-155.392834190545,166.406294100709,-186.757371649855,-368.130261979951,-167.603538678879,-77.091500057756,-368.072651186474
-212.234985058425,-228.931690053695,-152.574279128324,-218.105587371248,-246.288594194566,-86.1130915711103,-141.574027642261,-254.876323513793,-119.247615181242,-197.018607041119,-279.706680660898,-73.1002923906819,-173.349284154427,-255.953388191338,-69.3265137857968,-66.2772537500202,-44.802075285873,-80.3926244579409,-64.5426451881765,-146.85066770659,-93.6115725636595,-110.304586644274,-111.76425000212,-94.9416011623515,-127.47675571512,-36.7537449697123,-280.947492171722,-67.3130613120015,142.028841972931,-221.581659785561,134.856023377069,391.826903742057,586.050253184354,-263.413535634196,-583.791135117115,605.816515862064,720.399006926471,443.769276937358,-685.248970498593,-297.147747080439,702.865129980877,1208.6311405348,79.2780799249599,947.150907181768,-119.374404139663,163.569938658464,137.971038685403,260.155328252609,390.607466408938,156.058519876772,251.713451399504,398.82112161873,278.834666072664,197.431145243731,352.469134447342,184.73633284074,315.502816968356,172.157412740299,346.097041897356,140.910643920554,98.3444210315356,85.3367465876554,172.62411475713,-21.0387844287278
-31.0288871859324,-40.0272953199523,109.7116836875,-37.2831324446145,-43.6201486034106,87.3058356031759,38.6863951930533,-55.8422247824382,54.2749089857926,-9.80508715853539,-64.7391627791507,87.623758923552,25.4657945458016,-48.6537819377719,109.268961807014,131.656350720928,119.507881186488,148.930940645264,157.941252006391,70.15503039342,174.438195040421,86.4044720900207,186.694102619205,219.704990016953,195.601255226063,341.391246464761,-18.8969742135506,371.852662127028,578.455137163982,64.2536743325867,770.11645381808,910.011747314024,1201.66677528825,-134.008939026696,-65.9936315756284,1129.45679261851,1503.55005761172,967.02387097131,-428.637803105141,185.411061025149,1447.38199304614,1816.6517405243,649.048657278689,1849.44273074684,67.535566020758,331.83350638096,251.501706353319,432.266895357521,396.787048651225,320.51495384702,379.781667749672,505.376286918333,411.916469754914,290.509501851163,311.911076236426,666.024175507745,445.810409830114,580.5793265167,488.446525623726,391.265282562103,468.325645997237,478.587661495306,383.044549217548,374.123758631245
67.3357694717904,55.5090943667641,256.459179239685,60.2182007793461,67.3757218391596,154.864276247948,117.913594518489,51.2482929408662,121.555841448128,77.1952162114825,55.8571858213741,139.342276594791,123.461605564781,61.2565648089878,177.177956789672,221.674553254891,167.462175863568,251.14883253048,273.968534070831,183.640266590195,306.273027052999,183.042705408448,348.376846597479,366.089257755773,389.10341614193,502.004415146185,161.671436101406,587.937971293941,729.171479101077,234.567332254268,937.844607775502,1182.39666410999,1649.54149528347,-91.1824741406376,153.751470629234,1189.64945852886,1993.19396105809,1479.73104770365,-254.911388556329,433.640609807658,1872.73416638753,2069.99245218344,1045.79372848286,2289.87638641142,295.145757489651,451.9924536266,407.224324723857,632.586688746293,494.783246376513,457.013650915002,523.436016295561,580.973594605209,444.610392609588,385.310175007277,301.031256945641,1137.45456042106,452.83367845575,852.981023641373,434.217387482395,415.903199445991,638.978747068023,829.167904488762,430.64022182138,674.11842454082
102.186147443414,98.6169624885625,347.627362070078,102.685499505557,119.091289820514,150.512691785498,132.961582327345,98.6897248541007,103.701574882429,95.5362096978395,110.514807520567,109.489449392236,128.465925096035,101.659425436025,148.021079415405,211.058433968781,110.63816066682,229.652429625431,288.889296404513,169.068631304112,282.587150473797,160.860547593511,322.444673165971,316.312407027464,385.572159116498,385.848056403315,205.767070175283,478.29792141734,522.240434892328,222.523249180257,555.733746367878,1146.57551223558,1761.00004395236,-74.7067420483166,-131.962381220746,851.401917984981,2078.67608153024,1714.53467978217,-217.105398414961,371.275147210831,2020.83587559389,2076.45471356566,1192.91668839806,2352.54618988591,580.057148135504,510.185635530047,664.136378828412,742.68114368488,777.029166870296,570.341309973168,517.213147895503,656.712253377232,306.186981012408,372.303848913961,391.161957110958,1253.15622032672,241.322319149581,859.312276439562,113.771107889123,195.832079862045,598.688208251485,894.508785344815,258.66342864938,773.806921201791
144.342944498758,170.006454763892,440.238305783476,162.809730401856,193.391687705668,157.389963440439,171.568246629637,167.700422061572,96.7829819737834,132.785227092092,180.810586502057,89.8001105358761,132.669550218341,161.3630051012,120.149636626318,192.445459599684,66.1131563910673,196.447803196822,274.476290593539,142.637987766761,228.00161353945,141.493015842812,251.780794977937,226.500726328574,352.062364148884,212.50399503728,271.542175423637,300.842843464318,230.532832505621,212.488310075993,116.588208793011,940.596130150905,1551.38304104883,89.9757672136225,-412.906213500994,466.163063547717,1907.75914953707,1565.87114343977,-109.306948009672,273.638094514971,2016.5090526452,2078.85812918615,1190.63675652661,2307.19627496924,868.591161008044,548.17849278002,921.816020143942,716.281215226888,1046.24028551098,666.916762020725,373.80186950463,651.430181458397,112.779836936543,274.010418862051,462.626850102202,923.869395107966,-15.9724617767981,631.774351432562,-252.543292195721,-63.8319033996546,394.141437331097,557.305735250689,4.23615436187954,606.312563448364
178.057550378858,235.420821210996,490.159865337857,211.617733786494,258.274641565786,165.943926466219,209.588325649878,232.174487941151,111.088567832925,174.633546681489,241.163429457904,89.2644517082044,147.944934761349,217.100045265,114.184658988068,185.95886966518,74.8940958790525,182.951130085726,238.456196906378,149.244100142224,189.990441220522,189.374187474658,211.755900842291,169.567238420699,372.186311425556,103.220343462976,404.670618954698,187.343951200071,60.4588688989231,208.509124244535,-98.8083878472368,708.976823322481,1122.75731851109,260.044370466379,-422.278705383784,252.779650690894,1607.40272232292,1123.80413137096,23.6974156424213,254.103552381637,1841.19536087972,2023.71873149059,1111.19276262531,2177.24549759231,1013.74117035078,534.994399476908,1025.42641441598,605.246724641295,1074.03620856694,723.578600293539,246.757190156805,492.909059233404,29.4089137583486,192.434616826649,369.676584024875,385.213281357218,-83.0282922144406,305.052803777553,-366.707495613667,-164.180230392696,133.840976291689,-3.08976043791963,-139.210103430757,230.097196826409
134.079199391575,208.372820919426,445.906045011124,176.229272053971,224.915086914043,112.862049817655,166.703964735594,205.339337294854,78.7662854443873,141.928831383047,211.196128250479,49.0931201920752,110.189330633354,179.430888488039,71.4420968448043,125.965888129839,71.4424733447907,131.079805182293,142.605608953769,121.903306782182,118.15847349195,229.283515093016,143.762903103778,84.3001592177276,342.734482319878,-7.22070795107071,452.639831387707,19.6589005626581,-14.1857109829044,50.2194991379201,-236.386062792354,542.276053712817,626.758750802037,154.622219156987,-428.203134013895,190.810802800336,1273.21047129759,594.5270366898,-46.2147772362585,207.604998201349,1522.61340519298,1717.49364649765,967.376548790316,1885.80557213877,898.328315567501,395.69236308653,940.215065669305,432.899339201906,865.838610174111,713.190742945202,184.611262854951,307.298078124993,47.78609199026,141.108716979909,187.819832478542,42.3506939823123,-2.98046682029788,92.0961575902372,-239.57668092205,-134.221441618453,-40.7832176574861,-351.436734468051,-137.898273943899,-101.290588812986
53.4109053404731,128.896984424769,369.025283301818,104.763553397908,139.061036987902,40.5652135633643,88.7382594637702,123.974806440964,19.7790399525985,67.3575017546274,132.27425765669,-8.58948423347625,43.4405163221431,86.323118033822,11.2765279714279,32.7953143801733,47.1063730614936,61.9951184034409,38.4878018182631,66.5953041159935,41.8162659638486,216.941567564444,60.828101644444,-6.27314672025406,229.596440164041,-102.310327548138,336.885261594776,-203.889877984012,-18.977296755586,-224.992989457955,-371.758756602031,493.886302638952,285.159813841027,-193.185907474342,-540.976638835313,203.612282013238,1068.55597429201,240.43479642115,-258.527386208748,142.819782830428,1312.13448865182,1309.34651659772,795.793569045455,1598.74476545836,554.084591351583,206.389215247699,800.451349212696,243.94878989282,605.742796785753,690.809828756351,153.916921638205,306.946015775737,77.0782552102382,110.741980765273,152.873835103352,166.472980440914,35.1431846145401,165.047473555043,-86.1915377061933,-77.1186448744506,-32.4352690741519,-193.743482913577,-63.1051151910682,-127.263524210995
50.5068402074101,117.217785462152,365.191420516261,109.189666087229,131.58775090227,53.0338798039293,93.8782243172247,112.172397812391,34.4863587295599,68.4137955324087,128.905797681005,6.689614739776,50.279765239003,71.6028788290295,27.1983028239398,18.5118586436131,79.0043120739105,73.424660262249,33.8275131742701,77.4805411828295,51.8101339693475,222.547751427148,65.2943053235859,10.5213868297047,145.560516289675,-71.9901989838565,175.683778057676,-318.977590817068,79.3742680793222,-438.859566799931,-389.310139866692,529.705344728487,209.596102502891,-493.361612380806,-599.257535849229,231.736782950812,1037.60232820361,189.587166403839,-405.963073099307,111.142643271029,1367.27090881955,1117.77671152484,603.286074798588,1500.2639711587,133.340487101768,115.080799941549,717.481391094431,126.062540126503,402.029336864607,705.062374717274,154.597523561246,469.156249819477,106.168509708231,135.37659267102,302.010317892371,568.01617118859,13.229200223782,413.356051794008,31.2500318937355,14.4984681857004,122.952870925656,250.110995572612,74.1074064571038,102.251630902342
99.9647912976284,160.719463750933,427.876825579868,162.282563552141,184.489736087742,118.005440448335,153.9286133891,161.901344376696,107.712955874117,134.974090516529,191.4990144867,77.3840013577001,116.958011678189,134.331744173722,103.260994062098,76.2099195314964,156.225643938645,149.484997803946,98.7370275495225,145.470828673072,114.549516134619,266.693312963076,135.992049285105,98.9562878863259,132.151594451511,37.0983692011049,104.580748401583,-313.186878799572,189.482860915879,-532.315285711899,-324.032885573817,507.339966820677,229.425007309973,-566.351438983832,-620.228436700516,193.395184224906,974.250893415325,238.011341621063,-515.033181113879,-19.886451816128,1483.18258189142,1060.04795813793,307.470551619105,1436.48972909534,-192.847838217668,72.3960498430039,606.338851971789,43.5134639132669,195.439264899032,623.740585590867,111.661886351265,490.142835608305,100.830304654704,140.903189598942,347.08347531669,680.949669153355,-17.4098516161394,455.419270737754,125.008938811698,108.18100289346,227.566156791743,451.012251579324,219.003871995307,254.231750223132
67.7834493977368,136.278276281057,442.876597599834,135.648370697912,158.388182269083,106.112705859436,133.687265109358,145.234638711973,109.895864897645,130.717920818114,183.627457998224,83.7322730327633,114.863925979372,136.145237646395,116.197428410746,69.698431203282,158.856564772942,159.514150853376,86.1266460726285,152.602819853092,103.210196214216,257.848745472563,133.454948696018,96.0802896630248,95.6014940587157,56.2486254078162,119.916273287882,-325.009085740345,156.126036877939,-532.600845340922,-332.227798962554,328.657703467586,111.543562174228,-456.001584114461,-706.629475781458,39.5015366311326,709.1320066952,101.623301142373,-675.764282105029,-357.482520322521,1368.82235858626,797.697233225264,-131.794073872238,1121.53276618063,-289.884800239655,-56.7355662441537,359.032268004014,-113.740030257777,-48.6761077906925,303.541680290135,-91.2902502201625,182.035308468774,-20.2062524430473,-24.2725480994673,79.2985748807862,226.576110041071,-96.2832285456721,102.956781068391,112.375627664633,64.7090268239289,88.6920795286217,201.292149651403,210.420425463584,131.865114791905
-51.0306194606485,30.4576904755748,294.141179924515,20.3723349160441,39.5640319195712,7.55243741735498,21.4688026199736,39.3840295497814,13.7757371755156,20.2374566121456,75.1806458704089,0.20972712902865,13.0780431849033,38.1594433928875,37.0819830963328,-36.8414987201299,62.0770513821633,68.5321603876393,-28.8001708607988,68.5035287231678,6.63410735963458,156.75971692213,36.1954295897922,-14.8581782814994,-5.24099434111256,-22.8791507187785,117.598247083821,-338.232323040473,15.1058732017947,-460.280694773068,-353.678224149445,96.106094963022,-107.003379764629,-312.839028734812,-749.475104357491,-133.441675932575,354.275927907373,-133.559648402437,-821.123392149404,-735.370517969643,1008.16433051453,348.112606922649,-571.69075852971,543.742439479926,-132.048298561956,-208.684225339332,67.3334838928901,-304.279165843634,-222.290143923123,-91.8527047728103,-359.759219772429,-211.831950691254,-188.421069804878,-311.34081381415,-278.901930675995,-372.083960026213,-205.434441378184,-323.307208058017,-13.5598343999194,-111.325203763634,-236.333456486851,-171.977918178814,23.448290100907,-132.776512028084
-145.92448144946,-62.3635201117564,-86.7018406415195,-79.8316512584556,-58.3826659556054,-79.4486062536413,-80.0117154172538,-54.7942604196121,-81.067754510796,-91.5209134490389,-26.3644894778664,-85.7486234062037,-93.5653799465482,-59.9798355648796,-48.3656954356859,-141.493932927636,-30.006142579063,-28.105738081977,-123.46368745764,-24.3683675592232,-66.1512931514871,27.7358511570737,-35.3615845770788,-89.274741788745,-89.028704860874,-39.4364988215076,3.59870142692326,-193.452250563207,-43.4831972282874,-383.72294216646,-181.560868393445,-10.7922531884374,-202.486592597324,-315.259422197831,-622.646447847465,-117.076454309654,100.005836317512,-131.436825336114,-932.740148227299,-885.496899001008,648.123617573533,36.3202957423547,-748.154965548628,6.57827480756535,137.825086537414,-240.769607120944,-141.368159523111,-400.880952397749,-278.643525002755,-304.163993725335,-468.761688457256,-357.128926125096,-250.581643670833,-491.697246574435,-401.469146281554,-584.818729029533,-249.533082278762,-425.235509799108,-135.420688396205,-223.41446363745,-478.360533815576,-305.293397577463,-165.728104012602,-360.955510551951
-173.047740781634,-102.028171549448,-613.612416329754,-115.91636878587,-84.2629751805923,-108.772229743149,-120.38927724984,-80.1723414924453,-111.872639540763,-126.709208391443,-53.4196431374509,-118.79864314769,-135.408261791673,-89.8291965463831,-86.839353245112,-173.373024896412,-62.2041453195473,-63.3492940447986,-122.901309495629,-71.2243449145194,-58.29566761556,-75.6089386730645,-17.509988946593,-49.2092238381864,-90.0952573864694,79.6556564387922,-201.592229130821,104.861424041943,60.8536475463904,-367.190655477189,173.120471357007,39.7079749903419,-105.464832963905,-502.674270082756,-386.779664166269,161.069766627026,-24.9099425634625,143.837371677377,-1069.44059777873,-725.435833281777,511.863928503653,-46.9834351275054,-541.156089475643,-167.527929318754,353.311757065955,-176.49153607568,-301.8305747098,-403.048154546902,-334.199576043807,-364.536093579841,-408.035837167708,-292.511163051442,-228.798459735898,-480.006840564773,-313.972595882501,-456.936679075878,-237.232680963793,-256.169795211437,-198.958433169125,-159.848362327927,-450.751207529875,-214.97540595602,-222.254867785214,-503.05807517763
-162.972777928574,-112.074846129514,-981.393783814667,-112.202753142051,-74.5134175514081,-104.155754145022,-122.182081693533,-66.0432581368994,-99.5762320973109,-103.801772587845,-35.1296171992541,-113.720155190126,-120.003270548022,-71.7154737426412,-93.9871259051769,-149.497041165347,-77.3050604988766,-57.646415679026,-67.2477909933841,-86.4409994541957,-12.6011691286957,-145.275981424788,32.3764986178073,41.701053362293,-39.8891178013812,225.318672969235,-344.866872951224,345.128779174834,221.16017247871,-342.312021830517,450.94765568509,138.105434648507,37.6317521960262,-636.963437237061,-140.629582213686,458.601978836818,-95.2636736879148,347.619896948109,-1113.79572023737,-403.958215775263,541.796175064025,-108.612529196813,-183.062985250612,7.25676962954553,471.794078309656,-117.903708256343,-454.393671097686,-380.83708910976,-421.793180007794,-409.135640018491,-352.640400524126,-240.898622195595,-238.560345337691,-394.733080548379,-228.196167561429,-311.02346126997,-237.544412090904,-109.711864712977,-219.070438643892,1.10813345978432,-220.096131785471,-97.6931479162132,-155.398847634173,-497.885876736179
-135.379445209612,-101.587714880987,-939.870368548141,-88.5270088842907,-52.8626087912413,-94.0557278582754,-107.324940831254,-41.752134693052,-78.6334798603527,-65.9226645040864,-3.76567792862679,-101.010900734317,-81.8760060286955,-36.578976685296,-94.4042373768562,-105.695926876159,-108.577227142844,-46.2797027912634,-14.014870506621,-89.5630044616296,27.0974467778169,-177.486294439632,58.7294878758521,102.047570668927,12.1487144785272,285.224529435706,-312.823525699916,424.353220799716,303.8694120101,-163.392395875582,524.783328819743,190.562942228401,134.395322047283,-496.326866872309,151.395441495344,505.863796064178,-144.326352735675,271.708735646356,-871.517258822176,-70.5591495283139,528.735706619927,-218.66887992041,19.3850771385941,210.747142120345,515.454179342432,-69.1469746801537,-496.443051025064,-302.326224369594,-375.933576908609,-385.755239656929,-343.143838274039,-211.836410566141,-254.877202794646,-315.708503126977,-168.720028570843,-208.189747646503,-223.122326383829,-47.2368825692968,-178.488986996025,162.635124926366,24.9071470284005,-5.59408698294856,-16.5334648162358,-291.735173147823
-56.709916841102,-27.3997875482961,-586.094678579583,-13.1860620039203,26.5900202273412,-57.1167185419722,-38.9806154659557,35.6228273598475,-27.6604035895466,9.195436761331,86.2259412062969,-65.379960711138,-8.46834707287716,50.4387218331433,-62.2739264691559,-24.6921232648113,-99.5286237327142,2.17556923995671,68.0377987231859,-39.9168691707272,104.250578160398,-137.774008483843,117.052524590014,166.396035178739,106.41496168291,329.240177277927,-144.331274759637,531.541008569406,348.608433543597,256.849041106709,639.355972701759,248.980122923013,296.491385487182,-163.557350933405,655.90019590144,462.069136936222,-57.2804949987994,141.643981310083,-349.240493363421,325.898307199975,534.304254331952,-110.777664668242,164.5629120715,359.251082296065,553.114110710903,31.5860819011957,-305.154552588072,-86.2239368147593,-59.0750450714728,-170.819608795563,-246.345302623254,-42.5391746957876,-166.753280370866,-175.561346847938,-2.02712047974158,-17.0540565194901,-113.150574230751,95.6046932226161,-50.2422744671696,329.390128969582,224.315686435987,160.059696998555,171.575824120822,34.1398163275953
130.116282780773,167.641744246908,-203.928592037735,169.858112876166,229.968547949189,71.6641569355205,147.835400672766,235.990105410435,117.579251998938,190.709990648799,302.182579795141,56.2340908862767,164.061317587961,255.678952953109,67.654562551487,153.273907198851,35.2897981291336,161.59277167644,265.982869953731,129.576227583411,296.556540904141,21.5489822099934,299.748787646067,348.041360374744,325.388509657989,501.376651833226,89.5160881559699,842.159549447194,537.751830791611,846.147526634671,1046.90316640162,496.094189318785,652.721823676677,146.941790010634,1406.92400055999,689.675566935622,390.437654676004,285.178097554093,259.451455786055,848.261423320151,843.803764469582,449.430638652004,570.48883705193,774.383369574832,722.424553451141,191.349611668336,98.7150311023266,223.496896435757,435.997182256957,238.221474400024,0.116675518274532,323.045040600354,40.5967473403674,84.3029887526021,307.878960191222,313.375070905719,96.8657114359564,402.997987786842,144.921563898647,526.402206618033,461.411992263469,479.934096565743,384.524831796197,383.511946167796
377.000375344917,426.702496772891,53.7296300089466,416.36825853715,499.481147667342,271.923508605207,401.081205380402,504.471539823788,333.016815038071,445.248791685303,576.855272301751,250.408418709603,411.101958228115,529.803669639178,272.712172029104,400.379779170989,250.881448801349,399.18733337959,543.313877193272,369.451318695821,551.023416964028,251.06290348906,548.78262101621,628.199730638429,607.606515475967,747.853720221781,320.596115386721,1178.06676996634,875.182144764529,1321.06228427642,1531.52993529304,941.27683605972,1128.03626126607,257.32274796389,2043.75193741651,1073.45324129793,1148.70621129309,663.055989624419,691.034417818026,1277.75508041075,1351.96249368508,1204.50531811187,1132.24851317826,1478.54222910684,1057.62445663884,324.368813483007,502.777865388861,455.367795335058,821.435169929376,662.171854640409,259.644658558394,700.343295580636,251.993597919125,353.752720993167,600.287162256024,659.662436701027,303.374678422417,733.432489518768,330.648623577185,678.464913767668,715.622089649867,868.607985281198,537.838298675087,711.956241300141
517.007801828735,573.833365943964,199.062317150864,560.975067310204,646.785340070585,400.722338264206,544.045055384279,655.44067199604,473.602573721061,606.540719817522,721.450522466615,386.166870565278,573.067425216245,692.689215167227,415.554191884518,567.129901446109,388.909680510903,552.456649937257,714.33785191075,516.522941863983,689.829967824601,405.991380265858,681.481594454602,806.123186645097,759.249052240334,856.30105818724,434.160333457988,1248.05921487384,1082.00288841818,1392.0879708347,1651.35140826437,1218.54520581301,1445.22638887169,68.7130003267752,2108.96000438348,1144.1594322943,1640.33793838765,841.421878234072,741.271026388835,1275.91419264871,1491.60577144037,1583.32243399171,1354.69810749292,1851.44461256989,1341.60494377435,346.409215956221,629.670610900989,499.831763404428,857.929576124113,819.989315439074,361.469441289352,821.494983520997,347.072758286292,462.354152315114,684.177505988824,799.363902307282,400.0177753687,866.723971418751,439.199905637215,682.166124797733,810.646722601681,1097.63118373067,546.962050840016,898.590496257229
484.104374189626,533.607879852421,279.631566689925,525.253539284108,587.846677632024,385.354051067236,504.110609501519,602.877998491687,465.766122277729,583.849791332574,662.248098929738,395.199083312435,559.024004474182,652.74408585282,426.369057429435,570.488784452021,385.065690243838,534.898523468786,681.189702051703,499.566898745165,636.100740979706,423.140893908491,626.70036785999,749.188925278032,701.498479525018,747.378851998311,381.108177749858,1039.36927439426,941.220450256842,1090.17451699151,1285.51042750794,971.374253462646,1352.69352600942,-300.933451204747,1594.2631771923,775.444485701913,1359.10103964591,505.89879327262,464.168085808389,815.546692129248,973.964344710617,1351.17189042868,1034.74311614089,1447.60080667707,1329.22756990888,286.505539898328,423.577083608622,431.863748391445,616.477714742204,619.62781707481,316.336583192641,649.103093228025,331.775021456239,431.649648375082,581.971461640433,660.894359174167,416.973812157985,765.015214250143,501.071922340719,595.251163122759,694.238282028213,1048.83819463213,477.397110439671,841.954422841789
404.964638862288,427.221035907073,323.619077649398,422.47232823963,450.737062092847,317.202092441013,398.048251634455,463.421090608798,401.759169371092,473.368035088948,522.582827275036,355.589377951271,460.227051251145,515.726586139329,371.141018191452,485.573226077996,306.580213760392,422.19358425351,537.826284840301,393.37820923675,475.631750739386,352.037290116961,462.406739325271,527.695245704297,515.933180654309,496.009502373149,234.38278343018,691.455293231285,496.360926786396,703.734497883313,605.763890684674,226.075301017655,800.959343633183,-561.836418288683,899.683758077813,129.499395186442,470.994065254258,-117.029344565544,143.47332059928,203.76995857977,66.7697029471659,689.32374772996,411.452379031717,575.648203775539,1023.07262123849,222.17059301144,134.681773190007,376.826662456466,396.106256067055,311.718435842976,248.690151127342,423.480259531151,285.194742298186,436.993910228117,499.732024394522,446.002100690557,462.93895058545,603.034214988596,588.789959898644,588.126700380824,538.634919357574,854.782343267233,490.083328544641,649.24664549616
380.095978217442,366.205099111325,353.170147301206,362.123099494972,360.908118755596,281.18845432333,325.187170125516,357.84092031387,364.020555134093,383.98644198363,414.161970631948,331.034576948499,377.928864756846,399.631578923952,307.47905466935,391.713325935743,215.443929932016,294.269942710727,385.766495885392,271.904272889759,290.739951729342,240.718269975954,260.326105021394,258.743637663725,284.147544449881,172.627191207523,99.710835103453,273.749490319502,-73.5686573460747,429.708140220609,-143.603201538176,-751.637828774556,-155.409212172035,-515.807820216123,360.326054714145,-658.398760162385,-635.248486311932,-655.381279510537,-2.63896164487818,-287.78167827853,-884.305452745864,-271.916529142693,-280.839170242273,-282.835595948429,516.134893021298,157.894768996654,-9.73269956869079,334.065461054897,323.829749841056,176.190227264767,193.458318571075,324.111155158547,222.19070461769,504.574073843701,516.812558270472,365.115513455373,520.10061081409,518.471875102876,668.205693333289,674.921404629767,467.480884216854,679.101587699209,592.517377150072,477.587248974942
340.495814956874,301.802433983312,377.644042425969,300.892184762995,280.076669452865,243.087324123719,250.464345734007,265.294561392212,311.815761584089,298.296158155873,307.747481106185,285.889229889511,295.299936509924,290.948678100794,229.740591885417,284.093832725789,137.60851180126,163.439978680829,229.864532896547,164.956526664223,113.839934452896,138.775940261031,72.4540824521533,20.1188834384125,79.9720735307015,-113.691512069671,73.0177892242421,-80.8245878967442,-500.97755214395,294.136809327394,-602.142292667764,-1538.3422498523,-1263.0671844297,-207.866717883994,86.8550347830667,-1225.35726004258,-1672.40377025582,-1102.12083145096,38.9565257485751,-543.733939964879,-1600.33948904699,-1322.10482899193,-874.774324281483,-968.824897356525,-197.472425206762,78.0180877978934,-87.2835087182844,238.571518994998,210.677055065802,170.460083363359,101.448211737603,214.845489466217,110.603767136191,466.093206359908,438.079337936999,355.904853921546,453.813130513194,444.592805904585,627.887384108343,681.674889277456,401.724610743766,508.090821465048,620.285176933725,323.959152219957
206.536875680634,158.698807470455,363.710656228468,167.802703487338,135.057734518873,153.628661620562,131.163071344967,130.980000416433,200.623533838274,170.004902379214,156.383895492311,193.817365135475,175.728062503584,147.475681901591,142.277190496143,160.033042311326,98.421882456005,54.0158127483714,79.377114298764,101.436964170462,-6.55886964541002,106.496713757975,-30.2232315704994,-108.277845883424,-8.86376084594812,-218.520066811904,179.374445237595,-193.531031897215,-553.609606250182,283.288912455073,-541.150421723061,-1654.51640613533,-1924.838928129,137.520354266398,69.8244874094118,-1151.63539514405,-2142.97199074217,-1483.15503666612,180.910238615426,-506.027958832617,-1772.88369649207,-1888.18672330703,-1121.8253210067,-1403.04547330173,-1008.01384079942,24.1330718771673,-277.380043276095,107.690507750152,-95.7978766737609,70.7638438339498,-22.489351123519,-102.45441514849,-31.5352502803274,257.814566745288,93.5888015472419,214.836104609176,250.746134167662,255.403677211959,454.570310424589,521.086699880268,259.32422147345,283.196306557892,494.726063230171,158.623493049259
42.8411912822872,-10.6123941806975,284.783121884373,12.0475651698057,-28.7804382492639,49.4323692436353,13.6712205551821,-7.67655842817966,81.825615965039,39.5287846345311,8.9810286592405,103.70424822764,62.468497103436,13.2534217897956,77.895533119353,69.9581463303991,99.1002340534858,8.85296419386525,-5.88861432159219,87.8165578651046,-34.5250420274427,134.513593181083,-31.4172256473406,-93.8645144908711,10.4931271691538,-145.449938256134,313.905843862377,-119.982315598152,-311.776969001319,327.077341644204,-223.382913020524,-1111.00297886125,-1769.8928126803,337.389691247879,158.405192636142,-648.558840985182,-1763.22262020421,-1524.21715996587,327.478479999601,-266.664217740889,-1429.90800701252,-1657.0124371222,-967.285683231882,-1486.74094734319,-1559.05783089747,30.6006276119026,-500.74952038216,21.1826191516826,-433.823890499368,-137.82690034849,-94.9473413096166,-468.018283067206,-126.742125949353,60.6374935644325,-304.505887421701,-59.8148377534898,81.6385019417326,3.09341240619475,269.693302145011,323.663836981242,107.926166410138,97.7938510293359,328.306491016694,82.3109578554667
-37.2734650790428,-97.567237327512,219.391560245024,-63.1206905778753,-110.923115366649,6.81331382794157,-32.4290643685016,-69.1241670383853,33.0929490928394,-14.8117317430801,-58.128742462997,74.3021110362589,24.5324873526099,-37.976104082747,64.251976188203,61.2579745529046,115.057711966244,32.5324915526977,6.91015712563487,105.583137819874,10.9154442471958,167.515399265547,14.5068627140169,2.81686864023689,45.3982812463706,-28.458277557706,363.179862147853,-73.691806212272,-77.4002680288506,300.169611033102,-65.1690525418256,-494.725532329443,-1133.47112727862,418.827358406301,149.61484587106,-308.439910586405,-1022.47757421494,-1087.54947080129,436.458419322047,-47.3905161892414,-1029.57511107715,-1048.22846297748,-670.454204984549,-1307.34265596649,-1549.01258205587,56.8082303158651,-503.722122095251,-13.1602048238067,-578.138319877154,-244.699663497115,-76.1313600984189,-538.827304708899,-119.112413084396,36.2995271762165,-402.890126069282,-255.369311881968,71.2166257454175,-145.248560843969,179.068643431935,239.742044069103,13.2488222280433,78.4266485151712,251.165583560411,159.38540188383
-42.6570264773464,-107.302496570627,260.372130770294,-65.7170260444455,-119.0146559453,21.5774775438473,-25.9247479276689,-67.3022659306203,41.8034118914728,-8.66526893839066,-69.8583878348858,86.6497896694018,36.7386696449317,-30.3865492706339,78.0060976643192,93.0887780322443,117.894901050663,66.5603914158596,53.3868927650887,124.521004131882,56.4629447109237,176.423936207892,38.2594332769991,66.9807426860859,38.6708719170648,25.7095514523193,327.049367284681,-119.821229742464,-38.7257340975888,179.779281713123,-140.153147115207,-270.322879468357,-585.694797182164,512.359501305226,23.2093929065757,-295.001433094952,-584.395350620096,-489.327529688444,535.112422738926,40.2649151469212,-891.273182785497,-671.088462688973,-461.110753973792,-1107.77329312188,-1066.84013740679,10.9196458397351,-272.62609908815,-100.519013655937,-557.78587704306,-161.48049765229,-58.039960194599,-337.127880320245,-59.4274483799202,80.1404697344438,-257.076956219425,-277.249166784947,138.582857439137,-200.881451124136,151.419554692007,248.853905311467,-89.1325343971895,120.194085374908,259.181993340304,223.751418001069
-70.6447718994943,-138.16411566427,315.242729174053,-97.8228740161061,-150.01672458858,6.34998846934882,-54.4073905787911,-99.7807414489304,19.1044727197373,-41.0668232594566,-122.455644131755,62.7052884939111,0.453685183436744,-67.5607242516576,47.1986362083252,63.5121457125769,78.7865966472443,31.9511115758692,26.2827479668747,95.9965129802302,17.4880450508825,139.540568437612,-11.8494806346136,9.24849304889673,-14.5577756374041,-28.3946111332351,251.174251922918,-179.16533196338,-189.863022796175,71.451610784037,-285.735823346003,-391.459452066996,-368.759244010499,648.589284441319,-101.755213431968,-381.708012896699,-561.478836118751,-121.343705471418,618.504871338687,15.4903367585195,-928.22263953236,-698.519504913597,-362.34390879105,-1033.28796732626,-522.18621026142,-139.468908155636,-87.4578616402394,-301.184729791546,-552.434430632682,-27.1735459940993,-127.007016831594,-182.924981511224,-49.4693574807481,10.4788568881438,-212.69843385321,-228.819239601169,139.451855453195,-321.914404682707,75.5786605289656,252.831760724076,-210.488982882207,-21.9840503189551,264.339731792774,80.4527355293522
-135.800912724501,-204.258738059277,182.579319520603,-175.887566984294,-218.306875935788,-60.5529427837946,-128.283995862714,-179.634709459779,-61.2619118622846,-130.502515987717,-224.392476794289,-15.3565149545623,-94.9169306980799,-171.043124574306,-45.7946503291924,-40.0880655349018,1.11653148602508,-67.9147619202082,-80.1706235649147,9.08515679411374,-93.1794982661813,50.5225724698285,-115.981995942416,-131.562564627043,-91.446890455953,-155.751689900325,154.514734628937,-201.272296407292,-389.105295486924,42.2443477252683,-381.236560033701,-544.079935711205,-375.110289999372,756.662084707634,-165.20144546273,-434.241049475403,-640.422330360014,-48.7212462797632,626.906465869632,-60.9781349683716,-937.747881713952,-823.032579856702,-283.901510994231,-981.553285179849,-231.518338139435,-274.565000971682,-148.430091511376,-490.574813300546,-639.947804170825,-10.6265884136638,-196.939288091127,-213.547764584774,-96.3427424976043,-145.210979295668,-345.870200483582,-209.34127506791,31.3753149676807,-515.503355971924,-119.193157192191,205.973490354133,-200.398165288334,-374.150959731447,187.920802668487,-174.396144705738
-177.848352521432,-240.785036578403,-166.474022226916,-229.229298143447,-265.038434047741,-119.605139484659,-179.927995884647,-237.740409347161,-142.206596753219,-206.152226620138,-306.565989987092,-94.6683653164081,-173.17695044905,-268.746590364915,-140.461712146829,-138.449316925219,-77.869130712238,-158.348226209536,-184.646399992488,-87.9997148084871,-185.122246010311,-58.0936623796626,-207.030982543514,-245.177994826345,-160.90833818575,-269.604290143788,47.3963245542007,-219.242052073718,-488.622063871543,33.7101191493723,-416.271332841899,-561.34113952702,-414.767134281946,770.964063754169,-174.640133442023,-503.110512653636,-601.743843445553,-123.648812981518,544.103801291577,-94.2402099637203,-886.131070796093,-722.67187301387,-163.383963067004,-793.487686149453,-182.142043784031,-271.540905920073,-374.005807630124,-529.375746400478,-740.793645207454,-216.633522782523,-173.061423220118,-377.376623125762,-149.33437042675,-282.574255009234,-497.979837651167,-355.008912402433,-181.49703558052,-692.353206695756,-446.971777889954,20.8489632768861,-52.7840623764723,-721.570591234784,-43.2685358133186,-289.647792289653
-198.867349254498,-249.66421263471,-515.016833921252,-251.945268543847,-296.98700540341,-162.561695260624,-205.695260288593,-272.919931987143,-200.329696365062,-254.47334271011,-361.687221907583,-154.234256366024,-221.408786033766,-334.543205180113,-201.126665196598,-208.606724127264,-138.769104684703,-216.473763209036,-266.051643595311,-165.560023584628,-242.74481557079,-152.561178293718,-277.208153420407,-320.557845059907,-217.855438678454,-349.167124351273,-45.1370295632213,-283.553831431618,-517.022539716844,-27.7374539858319,-434.037372111258,-586.066969194146,-468.617340863128,677.665183999564,-128.601462415662,-644.140956342415,-565.219606654031,-293.761529326715,424.592385871564,-36.3464461920858,-903.336872639203,-514.104702925649,-75.3088856422276,-546.158400362293,-252.981523247145,-224.12509194512,-563.795659198955,-499.038806304354,-742.853165860417,-619.109274407853,-172.586816353685,-627.113841215351,-230.850793394542,-441.290420915889,-645.689446606393,-846.594111354456,-470.567997327937,-896.661215749694,-838.489538220936,-397.177037169483,-56.6736698155055,-921.855338427349,-435.632810047481,-239.022071535146
-248.867371189248,-283.446321794669,-634.788725442,-294.869576741178,-359.864235208417,-221.330685629519,-262.753143050526,-336.764399157381,-261.042535073763,-320.849761031524,-430.217963042575,-211.334161351375,-285.907757900706,-402.949320323137,-248.259980058603,-286.737219787808,-190.044228750133,-281.161862236193,-360.049301023389,-239.87836498134,-322.788421447533,-225.81343727143,-365.61779210062,-421.512107619524,-282.462669375512,-440.412960150905,-106.064876534142,-386.550812634408,-590.429214344239,-131.415102154498,-433.743067199612,-730.841775646855,-643.56422570265,514.266671252403,-40.4911026021285,-739.446085297027,-705.542817528605,-597.958762920145,333.228402592693,70.4018487967612,-1021.09522656477,-524.200934178132,-106.278631784492,-437.874111126793,-458.834721357563,-324.139092764096,-647.93407265904,-562.234153095255,-653.093003218946,-1007.68588328456,-335.512182113832,-846.481625320465,-361.546317390269,-645.97164116096,-799.99947079292,-1528.05674936928,-688.804289408535,-1178.73191070571,-1067.31525606219,-850.924534560028,-359.759487214514,-1028.54335802967,-799.56977307274,-230.654558224182
-327.489851023119,-347.982714214663,-534.345625771987,-361.558987949998,-443.3591417027,-279.608008387317,-354.681839070097,-426.883642074306,-325.623534090553,-408.530053861402,-512.026424940341,-263.08735475866,-366.9493751416,-484.301086043857,-300.740246529311,-368.873045097704,-241.06725150613,-366.314106802131,-459.878599533794,-322.879429508766,-431.256469120316,-290.172011953655,-470.090945696045,-546.408048122768,-376.38804651657,-556.672159354826,-168.417845934183,-491.14947487986,-683.399907952133,-253.897471354488,-390.149272209809,-801.025376177957,-908.01037436827,331.20175819503,5.78827422061323,-575.06808154556,-918.528473782319,-931.096201019789,281.752106453934,182.595599780207,-1053.0216427011,-772.644669131155,-173.688497242326,-479.732575370573,-821.459343195816,-568.579659885749,-725.630731750192,-681.228245811502,-575.248391153296,-1174.41956628957,-558.167325919865,-866.103850935803,-461.517587970917,-761.556327386215,-814.946060222018,-1845.33037357157,-699.406639627116,-1362.62059148281,-940.930266882393,-974.025123899555,-650.048342374072,-1112.64203357821,-891.491343775245,-376.353989593154
-399.533992922239,-416.728859842975,-407.059539940308,-424.800097754571,-509.969857709041,-314.676787699652,-433.362048017712,-503.968962208956,-378.237283472817,-484.967567042604,-583.645991944852,-301.899881878575,-429.659777797979,-558.39570125766,-352.464596628891,-425.362824637093,-292.688891295311,-444.442916795926,-529.883919032442,-399.438633072434,-519.903738548853,-355.269671989477,-553.851589513958,-640.276841163382,-496.41615214635,-661.874441235765,-273.981521643906,-595.505489327617,-687.700480957162,-421.427365832602,-350.240080028272,-622.821895090014,-1064.29407156955,149.815825554213,-81.1266234184795,-180.149267027293,-974.763262963672,-1049.78118587816,221.678197289545,272.94381035807,-865.014340711402,-992.715246709096,-158.000279321588,-535.323065270094,-1190.21346475299,-765.801982605194,-846.789212207438,-697.386982098907,-563.24692779891,-1115.42590665182,-636.939637654644,-704.356568303455,-472.179135027166,-709.127977876271,-659.043709309384,-1509.06836647161,-595.87359202323,-1239.09636598343,-610.009620657474,-784.342505385309,-592.164638205719,-1132.43612837471,-746.107073448669,-535.740961357036
-452.884621137651,-474.661502003803,-359.282324584631,-478.344471959888,-551.893830050403,-347.468853106977,-477.858792031284,-554.177904395921,-421.166529269708,-537.521184868745,-635.210278171843,-341.547037971919,-467.401485734413,-610.843937219461,-391.468508933778,-456.012705734051,-337.240952909747,-488.829965140578,-563.130300243926,-446.998059162723,-562.751517060938,-405.773219290587,-597.168809109787,-683.870709603569,-596.751506249258,-717.845949733244,-393.131895923248,-698.990175454047,-603.997579088678,-628.641351311223,-377.938634414609,-349.862517531564,-982.000128938131,-25.4662635718326,-263.604666829688,132.482512197824,-817.641575292377,-841.175467922986,119.201867692411,288.564336267612,-557.743800934727,-984.127789310987,-83.5717291606993,-519.882929367975,-1357.47741345386,-775.532327542191,-884.464518519588,-577.860766225759,-570.078833757848,-970.949363710318,-525.579857794043,-590.377356001092,-422.495690514582,-569.948268859079,-564.033216957772,-940.217656797647,-538.869615902895,-943.025014918102,-365.946440793284,-625.499500328534,-335.19329591667,-1035.51241234535,-623.800069904878,-524.955595936608
-460.578658643919,-484.612517461649,-296.397248233285,-491.704696608969,-552.897325284783,-366.813233221562,-476.686887848579,-557.222150281691,-433.65406380287,-544.150636593378,-630.629759303732,-363.964897246158,-468.603639236853,-607.494341561679,-391.714731770717,-449.104888082776,-343.297274413455,-477.150768893419,-549.462621147799,-439.548771023004,-551.491737492189,-401.015870999203,-584.288043530257,-672.679719005838,-615.089895085816,-694.079807662911,-454.958014608892,-736.022557467373,-499.205496902157,-777.662858124475,-420.733203406765,-191.562769451279,-702.189147457579,-174.736013560388,-372.920705239605,187.045447713133,-534.187934051869,-415.697689260217,26.1125115292699,225.602257367867,-266.719954176411,-731.90414400932,-10.5202363753337,-400.221804725259,-1232.1955762956,-596.055596591935,-697.576789718544,-390.155291623981,-487.409353986102,-814.927887013539,-309.998393394801,-620.926248917958,-313.172181143989,-396.350861060681,-623.514572335574,-692.018695528983,-480.819835071952,-765.375137581764,-217.62384286154,-590.708085544383,-263.463670779125,-807.61591155243,-619.478156207299,-340.327892696938
-375.225979225473,-399.454799340262,-124.70026983744,-414.968810865447,-471.354405452514,-319.278688091903,-403.119778271605,-475.383619764002,-376.770965678288,-470.339655034236,-523.481361361343,-323.366908396861,-402.815391386896,-508.422676488519,-332.730614776578,-374.716072628305,-290.423465444505,-409.04174236189,-465.230776839849,-378.170020534334,-486.034275235571,-336.428048546738,-510.672796259366,-595.149834963053,-550.176810132378,-588.110663858392,-464.759342951876,-652.764104133121,-389.843738336904,-788.672571100925,-380.507110339273,-143.270603145184,-374.084885862828,-293.175496849332,-319.345962824829,116.558292657935,-250.988906036709,36.9917609253231,-1.63888150103992,152.876732575348,-39.808910406457,-369.010947128374,58.1557180850033,-198.754352344945,-864.359890512286,-320.952262749236,-337.287661271137,-190.238884522482,-272.587685123551,-600.629726081266,-97.4988712344166,-619.214223701937,-147.871545150514,-205.962134876366,-634.302191719754,-687.591796719029,-330.298694038633,-668.19701204242,-69.0149536038202,-552.077420839974,-482.209657870153,-397.551661058035,-637.843244952401,-154.651551034234
-218.560039576932,-244.453869606563,81.5767727606232,-268.240300871173,-308.849511821745,-213.168053180208,-273.18743570327,-325.964274291811,-268.603181042994,-336.646332972262,-344.668250971614,-234.020757307336,-288.623957855537,-347.053668773064,-252.879166276411,-257.284283695237,-225.117820130245,-331.025970572192,-333.027719264535,-319.397640638399,-403.289556435591,-283.555730628222,-420.820660941319,-480.977598116202,-478.502379181509,-452.545006610162,-499.191100339886,-507.205628172649,-280.939461314718,-699.35402723086,-281.492412042744,-135.683062201255,-145.159935398376,-397.343729305574,-212.023588734251,56.3767091125389,-128.491451075949,385.846540369437,-10.4594736796895,96.481881499655,69.6422768010095,-111.924951107543,104.121517584542,-53.1557913280377,-398.419083081427,-74.7911092296521,-20.3594713102502,-26.3541379770159,-47.9401513376837,-320.333776799798,44.4652001765862,-446.950300071813,-3.51897028743339,-70.5299343715389,-462.470637228452,-458.354510312736,-161.489867041096,-411.873118963768,-7.02513622732071,-505.149068550809,-741.021202481277,163.038897356318,-644.944986923146,-148.43388828697
-68.2578200448112,-87.1532239731814,229.236843329288,-114.925130908876,-120.462777636695,-102.841292442725,-135.629099906072,-166.369125179382,-155.00509631656,-191.083085696579,-168.408999451156,-144.570555199849,-171.782019904188,-191.712744019498,-197.75355640649,-148.288605523656,-194.880712720315,-269.494138845734,-203.752789495843,-291.531567983548,-327.322813343008,-286.824776071834,-349.823087438042,-368.326199299506,-442.057198753946,-334.252079835159,-549.677827378874,-380.272664694508,-202.943872098553,-570.338200392797,-211.438033198762,-169.387495829446,-36.0686674080745,-439.801592581921,-160.25702995583,-11.7339152103489,-227.182597271688,619.602351086096,-49.1544160457605,31.8751964649371,32.5284972393548,-76.1057795986245,116.418064910288,-78.0005015433965,16.9723136256376,114.211725155577,93.1578961222723,99.3708482844216,61.499524650206,-99.7837394810805,160.886767502368,-183.73637201918,123.445261826066,24.3366966544349,-179.10314712358,90.2181503356353,-15.2439102088128,-3.39737802249079,-14.763154894162,-429.514987923486,-712.09326817488,633.475066046821,-596.807559874171,-275.042588019523
22.9498024567108,29.4781204883649,322.800920260953,3.54475847646398,25.3479535577193,-20.9606628959006,-27.4836593321608,-37.4340594511879,-59.3398500299744,-61.4166865328222,-36.4460795051814,-72.5857671355841,-75.5393044785203,-73.0450016317042,-163.755519318281,-68.2790646580481,-183.2627744841,-211.844675159112,-111.627231725985,-262.009768177523,-248.485466690183,-305.712683455959,-287.182069897366,-263.817147948623,-410.885864694882,-242.776875293592,-530.509923431926,-290.558546647097,-178.736885539445,-423.017192086982,-183.381660177995,-247.214751620943,14.6649866173629,-359.089319550864,-131.682671456591,-111.517733581649,-426.430037795578,762.329747666184,-76.1242730015303,-48.145717902543,-101.965948468701,-187.44297964384,122.98768831853,-228.311027781696,306.054557912579,292.920915282026,29.141416728882,222.235488304694,85.4809266472736,-85.4093264298505,317.879500889202,36.175605180054,316.738830144427,180.852051995886,108.575419235145,573.09635785196,190.452877571125,329.823340914364,124.554734837864,-202.548670153414,-342.881610429662,791.299148075354,-361.587248549629,-292.272723939074
40.7829011362531,76.5754375717762,370.173813623149,57.5881544723242,81.2306309009683,13.8780844738864,22.9264219830353,31.087349737297,-5.82631246786223,21.3818398749347,31.7997719293321,-25.4135423148059,-18.55408685227,-3.75496752797756,-137.471502039026,-24.2933238391314,-163.859191766895,-167.925472687465,-71.0557736784922,-223.188798088761,-183.596799273705,-303.23797705878,-233.43432316459,-181.014919627426,-373.844975499286,-192.59341648848,-454.149236145203,-241.719643932576,-195.93970150909,-311.925794888249,-169.148763803584,-315.194683077521,27.4950581250197,-226.486554420163,-102.059992562961,-185.332871113274,-575.232185579532,767.615360653975,-62.7681271391933,-134.477392169561,-274.077691081294,-311.773907696895,130.331859912994,-400.978388599472,470.870004538593,446.443778097404,-63.5447358244116,346.27348839747,118.299959369958,-209.35915429988,479.552115892258,174.583147236162,541.700262483294,394.81851595983,333.808650886401,688.338292719366,458.127850043775,477.86636375664,427.848981542783,138.974489486157,98.7819155386783,691.355739986855,36.6196956689683,-105.084759280742
18.9719271996853,64.8746178719144,385.655434844342,56.8184001171751,74.9218719218616,17.2522955239999,29.0530813944484,48.8382797670931,9.43227906314008,51.7906356715652,52.1121591832015,4.27802542748734,9.780025275667,29.1922641345854,-102.232778499619,1.88556639274779,-129.088224271649,-138.423942184377,-52.8782265840481,-188.143819424852,-148.264414728393,-274.178240084954,-195.367415393315,-129.662233612928,-351.527286389373,-187.683262931733,-418.573154676223,-244.576547814576,-211.355528983746,-317.753897066273,-187.289916224779,-302.570811113331,27.3148454562642,-181.460054648378,-160.446387523689,-173.357989947133,-602.465419906317,626.799508246952,-67.3690043969756,-215.264186337659,-437.487008757009,-357.960937161674,138.795417257847,-548.5075731128,549.520630430429,560.206604639151,-44.9239064841959,506.674707153203,237.665445271252,-183.898256175969,633.045582613917,302.068154728359,718.306731044789,604.706921537229,497.289122866945,568.714360838726,714.701757212423,546.84402744611,692.961183897769,421.62883582283,388.354211033595,564.618601803514,378.200683909277,153.968343323144
15.1545222039721,54.4290522721559,428.016048222927,55.8713511678543,79.5922768788287,30.7277542706577,40.5511319276919,66.7993984197801,31.0818640395605,70.5561127526225,73.6175377711844,43.8876260219913,46.37296271172,64.9759543124691,-40.1642837353911,45.2832561185623,-81.2242082345072,-92.2910387240699,-15.7641011691781,-146.434104898004,-116.017739329711,-217.953778172545,-160.812405379905,-96.232698419756,-348.923820404198,-208.104585349478,-454.912334217015,-307.749125175847,-227.1327672502,-455.704678581861,-307.112231066504,-260.968389839848,49.0028233029336,-263.765710952982,-387.807788635579,-157.025965230817,-548.755773229681,445.864784750545,-157.407701861346,-302.321532562104,-587.034516715013,-301.427177636368,151.53641469926,-663.702010488731,555.915464135014,678.378065542517,100.468684186604,761.677963351113,467.884797875916,106.619855445901,843.543559821001,498.78836701953,874.907549834505,827.142740997844,663.426126447235,527.221395276875,943.36974606252,668.855419364291,842.9049281773,610.132636357041,569.441203780785,535.176187077242,547.263274272864,361.259878677522
38.4935401396184,74.1662959245469,452.902601152233,76.2526279696287,112.091718733265,52.8967817798462,65.5286663925659,97.2506025780398,65.6333107428286,99.0694590728273,107.472569299522,88.082487077624,82.4831938897961,106.43591840455,27.2165286961716,93.8756506164094,-45.2305051463064,-34.4821153517452,24.3984549121639,-96.4172219201502,-74.4877038321566,-151.395320185873,-126.680430230675,-78.6288290127487,-346.484775149932,-237.120151185176,-490.09169142674,-407.101144276522,-307.612500733077,-609.144816876227,-539.149098329349,-379.966649063783,18.7278183521766,-368.912088730145,-673.542278298529,-342.950645857891,-580.009115733118,262.106847463525,-276.041418085138,-421.106377507577,-820.388339263954,-206.880836103761,104.462797886472,-732.582680581146,489.323872642835,760.288321435601,279.018590860097,1012.95388368828,709.961649389148,450.002963585933,1058.99860148537,737.665481337471,1017.23424285115,1053.32130550744,861.804876114817,660.414035319533,1117.10035165483,841.779500726934,930.285155990425,789.158137363375,770.260938185397,529.854880748672,629.946596352576,474.848749810916
68.5870131684141,104.417520204834,273.068642623565,102.938742219739,143.034656728474,60.6296319133403,82.594921519183,117.201644375684,84.733199279419,125.365262164004,132.979589419222,110.861877366958,92.6629251304967,132.650488636621,72.031809880779,114.694942246317,-32.8551448582895,7.18886903768927,36.5284834051875,-43.2724813328426,-37.7499284924216,-86.5675776723537,-89.8810611466333,-73.1683377151274,-295.741560174762,-246.010253864528,-416.71242562444,-438.199855060584,-434.985962503686,-555.926448543504,-716.732268993364,-691.078668173269,-168.710752384884,-319.991240367006,-720.811223612477,-752.541326222093,-770.584663927284,-40.9853591118351,-224.211187912054,-509.989721544032,-1184.5381719002,-169.932558669162,-71.785121340559,-711.814671369915,404.759156409173,657.624199547062,436.103991326214,1031.96520466721,820.617964014202,682.517704659658,1073.17503906136,917.858183579847,1003.61127187031,1164.04810973774,1029.70458923229,833.477080111351,1136.95172425635,983.567269398253,927.397499703003,964.802445566616,1013.98540852823,476.044505688544,710.922703108707,509.966969239442
110.664786549911,132.915843031596,-167.088662451458,134.821599875516,165.253131659962,66.560096495006,97.5222871459937,131.30712667261,94.0471208117427,145.363410658027,152.758343848326,119.382378743285,97.1337627368104,146.916381327435,105.116848270061,113.876790971778,-12.0515616698159,38.142666977862,31.2240188934324,18.6071342985078,-7.46342376180975,-13.4892918694931,-40.1111802056539,-60.0574803894225,-169.596735567557,-214.852431294752,-208.23556803283,-325.245808791084,-479.054573165834,-197.031072750909,-632.756211232727,-902.613256927648,-457.748286348068,-53.1431238660852,-368.390895733743,-1043.04414692795,-887.886292614455,-518.325182121173,99.0441167935859,-431.425748656235,-1446.2900686608,-203.88862590634,-295.261433059938,-588.447454279706,370.19311330366,318.509446010928,584.466564528607,735.507718279773,743.500296756565,867.685127779588,759.513802580815,962.279980644157,687.37269167399,1070.16598054746,1069.26055241884,915.022417978102,926.856937166886,1057.76723556591,729.361842433113,1057.9882241406,1253.16879303427,481.852556822606,748.506567293813,612.622231239147
150.672276779236,141.349985879334,-617.260564202193,147.668740505282,162.078292086951,75.6259266683049,102.576763388708,130.398317013766,92.4539735134104,138.065830011838,150.760166848142,114.349837241706,99.6928972773399,132.993769721719,119.940551753501,91.139295087994,22.0755217200552,51.5869154583367,5.35113568859978,58.772229577559,-1.62038041970353,43.5761123585594,-12.3069968879948,-65.4434572976528,-47.87891231842,-199.012613529683,8.71493631413291,-180.055779777381,-404.653152188544,223.447157033127,-346.595333220036,-778.750452183922,-698.398740009744,240.769640581887,123.760111977562,-906.438490189958,-693.351874511059,-1014.59471908676,466.403035756292,-182.030816156702,-1309.17780209117,-252.890749851841,-395.914252336867,-483.052935145365,341.327144499715,-94.6446926052718,670.288544702853,278.101756902916,502.801248344119,1008.84264333973,220.948132718432,822.10819751289,113.378900388255,783.801295351646,910.554283531354,840.295405698033,487.633059069961,1043.82820333735,299.124028178999,970.68089200452,1348.7297161619,665.272648500891,634.983134933292,919.392429559721
144.339602261817,97.9405241785023,-763.061892659758,96.3289871474579,96.0892697874972,59.6423824670025,63.6918884045456,72.7724852971783,42.7593697306148,66.4319980224171,81.2140752218066,67.4277937584154,60.8717192535422,55.2539194492947,80.9254905584717,19.9879159384739,25.6278861726706,15.2928675398973,-68.6187454766384,31.436580136975,-49.2350420935343,36.5580579324541,-55.3003658468126,-135.797634828508,-37.395820341041,-253.218082837728,84.2355122652922,-170.871959495632,-326.639822875481,332.984380743871,-158.701668008741,-477.931407260636,-807.718745679734,309.134809684802,311.039161552886,-510.955730719761,-306.752023210528,-1266.72922157332,535.38013524288,28.5904021020273,-841.758332271922,-271.276625200095,-341.578702550279,-516.497206840456,206.795802338015,-361.653311081547,595.021015800666,-136.10273923584,221.117526314828,967.618773840023,-312.798754315245,504.012527300972,-470.642234822013,303.884191380884,548.75948448502,568.812158447163,-113.312358006695,854.449854427897,-256.975973426275,579.94439661983,1018.31059322961,885.644420948434,304.648957488554,1236.48397306115
98.9710872639239,21.7185357554769,-581.515856381649,5.43753900151903,-10.6551591249844,21.0067540181288,-4.65706892874796,-22.8300324370746,-44.5400656430596,-44.0358194433392,-38.4762598461635,-7.76235318077775,-18.8222244529704,-56.6891669404702,6.04777066587498,-81.738012877873,-6.30516096789194,-54.4457138191555,-164.734250544521,-38.9651519864129,-122.051679898811,-19.874178487419,-141.69585438121,-230.564080528344,-115.970915163838,-325.398016309619,35.0840610146318,-301.671457653247,-312.818195697515,65.2617452580173,-242.789610707876,-272.769560856588,-751.137120801478,159.117146408548,53.5137774484758,-251.737331119971,23.8836313516095,-1105.82845305645,259.410113065991,-0.0452565640419138,-366.135778864462,-219.604840965049,-276.492948075302,-555.271924002331,-27.3791228025373,-473.04915453194,386.876405533373,-451.638430004789,40.1499158530405,744.251640227399,-717.884702230856,122.191940815145,-836.597335939192,-379.779856519237,68.9203110646017,185.080707344886,-725.812778431024,431.964554224833,-749.413646563965,-126.449757964579,165.41817752481,840.584521805727,-159.633877876692,1148.36071034365
60.2544695698593,-35.9750760035038,-351.99563325915,-59.4691767182044,-94.6572221814309,-7.969203605505,-53.8908515227714,-89.5582380704951,-109.918914918596,-125.878679204395,-139.331292472161,-62.7530190876923,-98.6570162313807,-138.89442184988,-51.3452404868404,-163.480753431834,-32.3526920821232,-111.891310534363,-234.32419715101,-93.3686169596098,-178.385309141291,-63.8185822936593,-218.216124284886,-283.01651795072,-186.106082581897,-367.101082473357,-3.86752706657297,-480.530414802852,-336.853370456649,-305.428345546193,-493.044703838137,-196.626174725898,-542.573173391384,16.3675520034179,-412.423871496173,-232.487831375132,229.488188932879,-643.320645762632,-119.345550580677,-254.865102804257,-43.2829836711492,-94.9723842721336,-347.202237444936,-403.244868350003,-240.0030886885,-624.719678440162,136.377611556364,-785.805074379005,-172.590795946109,463.679950997022,-1062.24497991059,-231.283680194243,-1010.76687043522,-1119.77510227432,-412.866975946373,-111.631744444751,-1164.83782513334,-143.461389734747,-1043.83368840772,-836.982071445383,-795.584018341041,365.442355210331,-524.465832464957,504.70919626282
28.4966338365423,-71.8026546709726,-293.903038145196,-95.1743307389359,-148.064137857723,-28.8927452154076,-82.983339180805,-124.351009648538,-142.285199324639,-169.858384867807,-207.380927638665,-92.6711612484496,-165.712946427299,-189.456445473312,-91.4048440438732,-217.717205663524,-40.9789334812343,-158.856036104328,-292.496873441263,-124.800024280957,-239.45923801166,-65.6468242457796,-289.209733086506,-323.963917521317,-215.606724061764,-430.483359704818,43.0454076864192,-652.838687179666,-397.256321655022,-507.72901799267,-719.701888366769,-160.750472307568,-311.031054076635,18.8296915874829,-800.876379563108,-278.277723549182,316.95416567776,-206.178020610235,-414.6369099751,-571.54591951523,134.317586771629,-3.41404320838243,-558.552458339075,-180.201675283181,-386.787324415678,-877.367674241343,-206.008166406342,-1191.27322173554,-684.316373443052,48.5121307586043,-1370.61332706352,-627.707025046027,-1149.59275272078,-1629.67062481124,-855.245501762257,-293.562508431877,-1345.1900343598,-750.352220654988,-1134.26394043493,-1159.01390798645,-1377.45933292149,-453.197987615817,-637.756007180656,-424.573685642419
-6.44748481460293,-96.7463322880827,-310.126829724796,-122.205130887332,-189.721087722862,-49.1087415085002,-107.499675744689,-156.760677221386,-161.983123106914,-199.457679939388,-259.459865266857,-109.448928371042,-210.744787469001,-225.894350874641,-129.803366045572,-252.8034144458,-43.6636348072346,-205.634821924731,-359.706578040945,-145.951062199873,-316.323495879037,-30.9036896612962,-352.248604610589,-397.285698564325,-209.903902736598,-520.591328013465,158.493625406088,-747.130077772838,-481.705305089764,-484.326070773121,-805.408499457548,-138.202767307616,-187.525651442534,116.231552416061,-976.971415402578,-277.401222093776,291.980078150917,25.1549253544556,-610.30285191215,-810.834511713974,178.966580568061,-58.2783972302599,-787.838375664446,-113.588399041568,-528.050860676208,-1015.97219172801,-681.472541258021,-1443.62066338957,-1307.78767915615,-610.455535062853,-1457.92677199977,-1091.70858429293,-1225.60982351713,-1739.1848359674,-1257.26048293174,-533.63661929079,-1324.85876747904,-1294.13686292754,-1099.64670721356,-1149.69941775811,-1602.95167289025,-1327.14118837682,-629.356241169573,-1240.28946148476
0.840821907819715,-75.0495171047647,-200.205062623913,-105.715747374832,-182.241710986755,-30.6946091361566,-92.3560228629585,-150.972286034793,-138.064815768214,-185.797031119448,-254.795243183156,-86.137158369202,-192.554747434951,-209.479648530244,-127.280459443701,-233.433550135545,-26.5792026853817,-209.737265847924,-373.29815909591,-137.104525085861,-340.188871419876,22.8194959541642,-347.221997177598,-430.503810448761,-153.595065761747,-510.103204872262,279.977870968985,-666.452341820189,-457.036187490178,-327.459063204096,-673.352312392435,-48.7505491606699,-117.389011121229,201.165946641988,-911.09726500596,-207.015574607131,269.121170379108,181.337650479448,-703.158433433523,-906.854542532394,181.252118601379,-195.246568565248,-892.121241367806,-137.933534819846,-657.781489197698,-870.852494137202,-1048.34482878024,-1314.22195732971,-1508.20067376521,-1159.00683931119,-1196.99930374569,-1353.524922952,-1082.52103123886,-1509.65767497902,-1490.91119498383,-797.397685658941,-1179.59697606874,-1603.22977048234,-1006.16858019639,-1147.35337533682,-1709.43473427981,-1888.7446751247,-696.280648588423,-1728.21540684446
77.4365554150982,16.2467158367115,9.27248938892078,-14.4979527464852,-82.0785036698671,40.65952655298,-9.77762389757521,-60.6879606520677,-46.9820729943119,-94.246365980675,-147.91360730829,-16.3632767548038,-102.69695492711,-109.642747806189,-65.260004992734,-137.377075504549,8.46763508949657,-145.140526223382,-268.359050817557,-95.0161298980189,-257.138720040466,49.7548263275331,-251.986426518626,-327.23715729774,-76.2930370418533,-329.88184867771,308.948739485926,-429.380483767175,-195.298953763718,-169.802674654363,-310.275334817298,266.800364670118,94.1011198300417,192.094068484963,-653.210289246342,11.3466392213252,412.875322464686,423.449700496648,-665.73763074186,-810.050516837136,294.249570351454,-207.232529337686,-779.143977817035,-75.5977338765144,-667.247858100936,-568.089422662061,-1027.78890080774,-936.967006044375,-1175.34475535965,-1126.15018249185,-768.104175234195,-1155.35316143047,-754.854958565432,-1115.52166948233,-1355.00871686352,-795.200965157683,-940.941037870545,-1481.61307257877,-855.874356662716,-1139.84060009259,-1626.05744245868,-1911.96608825755,-771.560544557182,-1898.75264260537
169.568485557485,136.098241009067,159.878305805611,111.475615306828,75.0760538908735,109.955923962851,97.9893902826879,80.6393253056003,53.6662557249671,40.6260142512816,23.300091593504,51.346449149327,6.5219809375397,31.802262630088,-0.542096194677842,-12.2061441986202,23.6978712356907,-54.2321547766852,-90.3053566045413,-50.2512892830518,-108.193723420074,19.4519604102376,-124.071602599121,-117.371838724942,-41.2248257079332,-89.4724673754441,202.097235656312,-166.886834077933,199.307294367035,-102.98264247969,126.078357988795,765.444854928202,537.548292265208,74.9914418048761,-359.1985168987,390.969936354553,744.394386772383,684.714078231253,-529.413654487444,-518.038500463775,520.674401330943,30.7192583429981,-442.907342113422,39.5466325694916,-497.347858058905,-329.68289742098,-720.123474331388,-609.162578218712,-716.481490010024,-676.852010411068,-437.418673587401,-675.113849160448,-458.588963095778,-718.374463071791,-893.841626342381,-483.857440172085,-676.549388062221,-991.650311629506,-631.996700948344,-879.955785208646,-1204.86629867413,-1475.00031808298,-629.168619938779,-1764.68266091462
233.396653893218,241.961179590193,259.776584867588,220.194030800584,219.964277786581,146.911657182233,187.666866682883,213.604253974356,119.494109295849,167.148655679982,187.165252475632,97.8129630608188,101.792970833952,164.524720703959,41.1253761927527,95.1339051238739,30.6958320029512,33.0920667793878,67.8205505455727,3.11419861857345,42.7286262160613,-3.17951402479046,-0.935439571888452,94.2797970764214,-16.5008753123685,98.0365911305637,79.2249655854065,51.2363580751461,483.977584365019,-95.541951801938,397.372785375626,1129.87404499737,1060.70330678638,-46.0578653535667,-191.560538888511,746.661110292105,1118.12092563678,810.296527692904,-352.463240342857,-153.519330005035,715.846216507483,433.773226827311,-1.32120357401226,111.978191953906,-202.052847622027,-211.568749282713,-425.199790651713,-411.252666519842,-428.972537500999,-314.090966743123,-246.25440452914,-283.238152163495,-277.51705924063,-387.170381795739,-420.618686608144,-175.770936003919,-438.588634205964,-486.382712306425,-347.496699924515,-419.285620212673,-626.015729922096,-900.36753935477,-238.510043097054,-1309.68925845194
283.386932770593,328.312451672348,405.55775868289,301.028238409602,325.434172685694,181.051793839105,263.121881505053,318.095751471839,177.384070637235,268.877906741379,308.814731137623,146.076724261867,185.894133757315,273.632969896604,94.9067896448253,183.699977745596,75.9036050279399,123.405192369112,172.748145455884,89.6409251883022,170.337843566919,52.6805811930579,125.877256277635,253.575990182907,74.9805063779584,246.610486332608,67.8032916881054,234.304372382486,564.637753680215,-37.2104052268982,425.627966607414,1111.98370814521,1411.32335601417,-59.3791985241817,-141.417664418866,852.339896191105,1346.12107044327,802.201747282118,-152.957083476821,126.166881244425,789.807278779705,804.350294443242,354.018771780214,216.176484906031,160.997429087777,-143.972405731002,-239.336788476241,-259.885746268744,-264.309755803352,-156.484144756883,-92.8423698024172,-85.6642868092066,-121.923748532258,-113.859077458582,-151.314605790995,-80.6080307354124,-190.951390187409,-243.49350686987,-55.2952819965003,-43.3227086769526,-216.200030619061,-529.284212881456,163.110910009027,-762.213587204797
321.244028424978,386.614939139434,533.597584543331,351.433459512514,391.449230196894,216.679038644025,318.165413982444,383.234947208254,235.052266317501,331.537056525268,377.995371916103,183.098981502604,241.268292635269,344.784983221696,151.985906815982,248.529759711279,127.714698562955,195.941227957664,234.078645802883,171.237646346182,263.014665278318,122.824373439733,239.385073224652,362.314181420616,195.356226763325,391.155549954957,94.2628070383823,383.79801727822,532.159002624622,115.686503404352,357.465684171806,806.445974121856,1476.04953584242,-9.12226775678817,-28.3791484153004,670.926352047484,1325.13281253541,743.683365344961,59.8706938580709,300.692418796403,778.478129200935,1017.88836244658,513.121604863341,456.358553538159,578.555121650436,-67.1849295792595,-97.6947154662953,-116.041338935405,-101.997818648142,-66.2099337902675,33.1833249392129,15.7025771702565,20.5540733651899,76.1424905808284,-49.2787143671885,-104.718613297025,41.7131399103849,-208.574594412269,152.926617808351,110.643811499673,-69.8534004358217,-432.644693540481,345.072234886991,-466.566476970461
336.585517572007,413.270609819334,560.871504938444,376.008248420545,431.474054699865,238.889997854925,343.150280181141,415.715833878779,271.908589255428,357.842551551773,414.565627767672,192.432038468085,267.972053433469,383.155816820298,180.788622912628,291.311619663964,138.799416648062,243.586970258863,281.871078894466,211.043825545451,342.096147772979,120.728925620194,335.465960061264,465.534531395061,274.142450110323,550.407044719451,37.9198378937416,554.966124187152,554.518929863967,325.896028911337,443.734418721589,598.406456227248,1337.69093929684,-6.12212512917724,280.550846245876,468.445973693969,1169.73975832608,584.076876677139,248.869512852887,485.346836726235,829.876505651665,1120.64466504839,562.763174291692,793.965090463516,955.769625846837,60.3359975173157,51.3124325892211,55.581015292086,116.020598198649,1.09502175826549,95.2570238135309,88.1380878775205,80.3457641762245,154.171327667519,3.74679816955997,-84.2728946992712,158.109609767459,-150.732232745965,228.701886510758,143.76687157506,1.62006087250902,-335.010938771706,341.798957703619,-354.285352403771
359.661866996433,447.634413013771,608.269939822921,415.526080804446,489.30868962707,279.505460469923,382.274583343602,471.998260751353,312.435989063087,405.500292028026,479.38931146369,219.571749969984,326.865562535417,445.446386308856,217.736985227975,364.380986052692,164.193447200782,325.373507581574,383.714082258784,264.155084405174,475.105322577057,103.535715752444,479.688716872241,644.49260373732,363.856979420906,787.579436246715,-42.3918350518617,847.179445482356,796.180749720421,545.715055465107,843.996213507514,825.936760577453,1181.17625025674,-40.9226763520983,713.07543751804,641.308533642337,1187.68523709845,260.23794420801,384.103542187562,765.736705795839,1137.43276521055,1271.63462092438,696.960033111342,1175.95643047859,1083.7986021534,269.288398515826,263.128199252123,327.389055899643,413.760416800937,81.3717133459155,157.209032369101,172.094964947899,105.805304494765,199.204711610865,97.802109848144,23.4162975920836,189.038749375298,57.3748064927796,240.576561802444,215.058814886587,221.75520610719,11.8181964615723,348.397319475451,-49.48401783035
406.676503758786,513.419028068899,757.352940096569,488.346242686575,582.627201615774,353.844463594679,461.551461836333,573.34962662702,380.915376508373,502.594055795816,589.973488825657,290.148308655177,434.581412832709,553.236246155707,294.973450423232,489.536330942779,251.155213932435,456.84220571068,553.306586381545,369.158630282625,655.867623541659,154.718585942207,670.789671435207,880.838429571456,501.057283897448,1069.77430869575,-41.1289536641471,1156.44865838109,1184.24051748381,673.441192932715,1366.0541280893,1333.74237379211,1170.75257342151,-22.3616487129514,1034.22503969446,1180.93350278436,1513.51198460171,-52.8100241540163,465.639433459302,1045.11630867287,1670.83719897349,1532.12156710948,951.165150954332,1605.56198347651,870.420426982727,528.003093267658,545.417694021695,667.093664856773,715.341673799434,228.53087367334,313.037494698856,301.863705771634,218.182628328592,326.717849906407,290.926022430009,162.135246445872,282.656079815273,364.368093549904,287.915367596989,356.174959891583,582.145934950659,488.934703805922,428.606860678362,484.207111020872
404.655269607789,534.503084208909,761.219802040415,514.283781123085,623.104674068414,379.72182353383,492.020096638128,617.210987969365,414.864292796196,553.191642451606,642.553400702513,328.376922674198,484.526268911823,605.576548546953,340.724256419735,563.200812705444,308.82081380539,524.762291158805,653.694828402757,430.429265210175,734.023560078543,215.005351089388,738.653060742495,976.47397725255,537.352259470324,1146.40776789606,3.57074107825979,1150.08864298772,1308.16508527663,558.490717370282,1485.14913709516,1527.11387679499,1288.19744096795,65.5589800197004,995.359171683186,1481.68933566038,1823.5705426997,-135.518889200265,470.335636913984,1074.96608481009,2026.54035412343,1688.00567554213,1092.20519672274,1926.57655397764,486.583538677759,715.090402256204,768.179890858468,903.502986805957,865.077508676589,396.212322232233,541.145060954958,443.231979529696,422.288949375746,540.63139056832,545.643503483177,276.367394568058,488.534150951239,631.374355260637,392.76054644169,481.342986892074,842.783239486122,796.574055359178,483.158286864133,883.925093040516
271.940645242524,405.121426063477,349.420449255559,392.708673141433,494.267110490387,271.218988149594,369.141810631992,483.641026094978,329.930651828967,439.306032211804,512.704747069892,252.250266753985,376.289205519943,484.111017965665,274.391320370985,469.528411090828,239.398003780749,426.730791463541,546.716334247954,350.940252088882,592.502956251986,190.945419152544,563.520635791996,778.850278011097,360.751800970869,837.433165323748,28.1342673393071,705.187867757792,871.267228981695,230.925812200622,902.076254700343,1078.24402991693,1293.5560576316,156.965771367577,567.487079372787,1023.32396469759,1677.21282875349,-74.6737853206912,356.406193273156,722.23760221598,1809.75140340287,1439.23305202829,882.921344589874,1823.52376031761,162.764594955024,693.067166026699,800.982385224251,907.814686335228,816.973229828824,526.017261822065,718.086594154675,531.724896867332,609.543707737258,728.478157047653,722.193808345332,372.16758666604,706.625422213147,739.211251275132,515.393527607425,525.881880601909,814.031481449769,804.373834342545,445.05469292646,902.538000636143
51.3035520735165,151.702686741404,-290.994991986855,155.247947139036,224.41537471072,72.5747681761217,135.55920948377,212.143988684514,148.972781201999,197.545218451938,234.050942209417,96.2402839819367,163.875308961103,226.038941849457,140.402164204214,256.542198262168,95.7038873541529,226.169937424116,299.087424613045,193.027927816238,324.807961423808,117.215423704124,284.493553803237,411.097829933681,134.19956759507,335.704517466079,68.5079036019604,152.29985583259,127.890470431081,-43.4873448848778,-26.4376441119517,328.045997536117,964.404232985696,188.565997919644,39.785413731875,42.6623569183349,1066.20389660558,-128.04917828569,157.425724385304,164.957541912943,1087.09547473718,800.47355082917,383.290776655694,1209.02136101831,-46.7927183010184,456.763378592244,684.13201991891,715.060399744237,681.153788529555,652.652610745962,742.208773197432,566.199600111538,692.392682948143,773.545552965723,741.520590892651,481.617338855148,803.681070862444,683.311054544638,600.936318340512,504.627189318687,589.17193586753,618.173971141376,359.747100647934,642.788137320856
-130.010964721561,-72.3815165130915,-675.839110444998,-52.8433405414476,-19.1785649384784,-92.7674721053747,-63.5006772050741,-27.7150270825608,-14.6822226800385,-12.6745182682954,-15.8796517742044,-35.4018311429311,-10.2025371800744,-4.90740095360233,39.8505133769549,76.4286696413937,-13.0712293449254,61.8379690740361,93.1889913947414,72.1828088183119,112.493085502567,64.4901282621614,103.938109730423,121.593752326676,45.7348718854828,-14.4543052149367,112.088398184526,-137.592782133286,-395.280601969517,-123.841626966763,-659.15935966641,-185.498123060295,345.371620588262,105.670643453911,-292.191694907119,-736.224571556294,350.305190292809,-349.237476037165,-41.5447837034005,-290.849131043381,261.276371599029,86.4853977869731,-133.565363019052,345.020629780267,-202.997397389203,171.174395247419,541.308788437864,443.417177865791,549.723139236991,776.312616676685,609.505032434298,575.399680913758,652.835857186899,651.332382649933,675.524773911295,572.74805366428,718.329836111437,576.607851662449,588.229838273981,456.420968865681,422.421328764335,422.184577634685,291.742629960519,358.626949058432
-202.985457959748,-163.567458749001,-611.680878265323,-136.322969439373,-117.361357961983,-160.021955961147,-145.648498981866,-124.589013424097,-82.4313646045707,-95.2054600198476,-112.586522803058,-89.1360993102161,-73.2271548136025,-98.4706141101171,-1.10791579066929,3.73594684202479,-62.0799991209279,-15.8373097562537,9.90776357633265,2.86931118070124,16.6601615620102,12.6839405570917,35.4253136605355,4.37828332739465,28.4203948621175,-108.355892753825,44.5920604493175,-166.664924260325,-468.325350209626,-160.20557000136,-730.785883763352,-305.521017744656,-270.336070032582,-102.839546000177,-435.635015624987,-872.472135548532,-207.478356703807,-557.558523373853,-204.822821985705,-503.355491037848,-349.126188199966,-478.133308997402,-470.045735096125,-479.395508441575,-314.550581142288,18.4772351614412,414.078243811177,193.714125942891,412.45573921629,785.106780922319,409.540389986344,542.775505782761,516.885666401547,448.558383569994,616.787494418146,554.443597468564,507.00519543326,512.460325763328,442.357215315977,388.478212685779,400.215215058803,315.289565968838,231.547304203202,211.800980789013
-212.035592364581,-170.930838355974,-358.575589067372,-139.32096178461,-117.749275225579,-161.768847463651,-151.948687349724,-125.416259334112,-82.3892984702036,-99.4094984093814,-105.776357331836,-96.171483879125,-71.6458212337089,-95.3879996598613,-23.4142624421825,-6.30387885950369,-89.4868418338818,-47.5651162561306,-5.59005915831953,-58.5262684920807,-23.6402143036251,-76.6448482656191,-19.8424324744545,-25.2083776360529,-62.0358887046244,-97.9774972757208,-148.917561820452,-167.343601688531,-286.77960037484,-300.282683326275,-513.442479512975,-248.967870549562,-597.927034458648,-341.42192430103,-557.642374679188,-592.897227795264,-585.046685966027,-625.542761180273,-346.909283550303,-548.149360018999,-682.280776868775,-877.26479245198,-625.089489892296,-1123.46096798461,-389.197161390594,30.7623497644413,262.767984211711,27.9811523321472,240.412971171609,600.531032836314,251.241912584445,429.882891682965,341.341296785402,286.172798800938,554.926397450805,389.046460915997,300.107113179099,457.737710415809,206.408036684603,283.373637372878,356.962927230858,255.722412906667,110.628030130057,168.630667827121
-239.958449165967,-203.630702668608,-215.970268592351,-164.941230079874,-141.609132278491,-168.149755342477,-169.637639199264,-145.144746658288,-94.6717014309592,-123.361072817528,-120.328839092743,-113.410285016666,-89.0087417872486,-105.401801811934,-57.1978907389918,-26.855772147864,-122.923143926013,-81.134528734148,-33.4490216782922,-123.032151978702,-71.3562780259557,-173.675137307401,-100.429239507161,-71.6265187716411,-211.786407184182,-140.737872742031,-340.897920271115,-274.56405560132,-161.159978044629,-508.029054645984,-437.921351787471,-288.203126793231,-646.095928160476,-507.54835015204,-721.604725944049,-452.548807636537,-884.217689300638,-606.435344723893,-487.666784570742,-590.291272527207,-875.479880101765,-1116.30488169368,-727.573019904033,-1476.3821049582,-477.552039270738,102.424298319203,78.3448078083279,-34.5774434096562,59.2893749332183,306.693213270219,172.66141212831,260.545287333738,210.617199740719,220.12313442026,455.42693485588,176.722924840462,201.248227314694,356.052061397081,24.1614944835056,167.245544661139,176.75715921285,158.208618068826,-58.7562264245386,85.5593938038014
-287.64785665355,-272.685863046144,-171.299299206206,-222.722181439612,-203.741196878048,-196.765705748353,-211.082095002808,-200.005223238477,-129.85989476154,-169.261402538908,-170.1461120182,-138.99928950045,-127.593604492266,-145.299978394546,-83.1480367344846,-61.2624503268198,-144.198280408773,-109.810093547429,-73.7905481535354,-153.958128294908,-113.403127549107,-210.389953024331,-151.607860344631,-130.595186410708,-295.089539637618,-208.920363372475,-421.128817278749,-396.272580003679,-166.50050740305,-661.941386948634,-580.919858503931,-487.281205858458,-668.360323831273,-600.392937900997,-841.719738182042,-622.452965012759,-1207.5794527393,-533.305476108708,-605.758340989866,-694.178631507989,-1080.52148142454,-1169.67564052925,-864.120291867312,-1456.29550433103,-458.251591065852,149.554219537768,-50.1562037413803,-0.836880327896626,-43.4331862983737,81.1913631283217,150.102381017575,149.573008312229,199.833003426931,236.174035081112,380.928891642594,87.611071677617,234.937240948128,284.454797414886,71.1774804545332,154.676666139154,49.7582218621667,47.5923751454137,-99.1729759675997,-54.6118925437162
-277.33762190329,-286.816290549492,-55.3744684320819,-221.600169180647,-209.968923778339,-190.56340694049,-200.710092922029,-197.55940193636,-119.726241417511,-149.557698191213,-155.044335183095,-116.061690380346,-109.817921483948,-124.220762982984,-57.4263794658492,-45.0409271330699,-105.700459251897,-77.4415693514015,-49.5210281781134,-102.174135842422,-78.2592106962668,-145.134561744463,-90.5840750921843,-97.1873025578597,-218.010694386279,-136.296339315763,-363.589718450114,-323.519807725551,-101.512121039217,-639.479973892997,-591.073740980629,-606.91721139847,-736.258631069875,-641.77865968129,-766.91854063422,-719.842219530675,-1423.41979435205,-296.459462980719,-613.63633208719,-716.727093955764,-1200.96816338699,-1006.21931105889,-929.78723982926,-1127.45323832155,-81.918460139637,181.471407393359,-17.324313236412,107.693707655771,13.9099915531015,-14.0248223904386,150.406272532809,186.786226082012,280.102050853344,280.011197325521,412.704674647347,164.95023323213,331.379346137386,361.821802310737,357.647809230737,323.18041256048,241.632000965444,48.3430333038036,122.578589398662,-49.1030195206416
-175.388233491742,-195.087227346942,143.269753983834,-120.814763261404,-115.166117765166,-107.990365530896,-94.9380453646022,-89.2495636024488,-35.1213281456976,-31.7340486482214,-29.7047904781256,-33.0697632543414,-2.3197709716079,5.41356958772762,27.299050684097,53.3306297175353,-0.23073651771218,40.7534417270352,82.2390760944051,29.4787975202211,68.475729337291,-9.48468505463137,91.5293579665961,91.6006230214392,-0.23818462033073,141.98295765989,-208.236782856835,5.72633493115471,194.09528553948,-380.630132921063,-210.82893179956,-363.198807379537,-573.015384461975,-594.723374260862,-419.47175702998,-442.601652635968,-1164.48829333811,201.884985182966,-440.377671877329,-479.970151139961,-941.0320653909,-545.81794222471,-728.372024756907,-614.00534859182,590.98631310359,212.023725896662,164.6418999209,230.296926211077,205.447767852767,-59.4576698450647,119.957328562944,326.075182444089,296.410857358152,260.128718100214,504.472196182788,292.151391543832,343.120903864108,551.119885138503,626.832089953171,524.041968120609,667.290427781257,225.211155870455,434.252372264931,282.262588963519
-35.9629527844043,-49.6303173818311,302.492750480744,14.4804093053865,26.9823534337767,6.68993474273725,50.4602555432646,66.9533039304427,71.2525416384031,113.394900236671,137.319691007235,48.6958681297149,132.763743927893,178.000111039824,125.25188238649,184.180093682652,115.929485998074,194.23237897891,269.98109037924,175.032629941798,271.560098812987,112.618557439277,305.779318328079,364.36157733679,250.774563306673,492.319109986523,-26.7358729227799,423.830821537522,607.944142513927,38.2819996766849,373.291661352252,179.69686408825,-11.850302222602,-413.634457287121,100.023679710287,43.5718979821401,-379.386219100928,873.314585831405,-133.353249746662,-27.3604021643159,-257.248644207158,171.991466143388,-238.274239647133,13.8477117852089,1168.51644348504,215.754036872869,382.058883750349,294.212470927713,399.653258748363,-16.6999019928045,21.7015641231092,461.767252311997,144.840784187256,138.15897138799,527.502562859976,395.95684732625,181.947385806957,692.15269338779,590.270008883359,485.208925394205,920.479570985311,499.137120115297,498.684797659967,793.372450765135
66.1601202738413,66.8545850523499,370.529775009308,107.807630458938,142.549364565239,76.3754877027926,148.65610872112,185.450168300047,136.859183806213,203.624276710918,256.92730434201,77.9980262362973,215.166683247618,296.7118637059,182.574912895041,273.725770713739,185.578021801665,308.090392281592,425.471386528982,271.215790422229,438.620918175652,170.849152718507,460.78719642216,591.490384215419,444.599219940108,752.24549720822,141.51710395469,748.489567698543,915.109400336542,451.01147093458,835.855310870206,666.594606503142,635.343583533731,-116.683211832456,588.548209987277,475.237599486741,407.613083266489,1431.5351294456,173.522779104587,417.947264781456,476.518935652441,808.703685400936,323.279126066264,622.514829315992,1408.48635424137,190.000640734652,529.01650905719,286.123244222487,471.546645808048,246.093477892375,-83.0676146239673,518.490032805735,-80.7245148021729,9.40121821725961,408.025190334774,488.122951136699,-54.6686379666367,660.919408487578,255.219491850962,160.849042952081,736.682523112535,696.038665724208,223.659032735828,1074.54616771881
85.1937728738482,99.8304814617676,375.484498580847,124.677224579229,175.37666841028,70.6144544197421,156.927178002199,211.097379286092,136.703856093385,208.710309370778,279.260141440435,58.6205511937801,212.873231622501,310.334310929367,176.419175063759,282.709719773,192.114370479629,337.178881862623,486.957253482164,297.541438984109,505.101616953579,178.79878913338,524.140829980345,689.322827305679,550.283481117577,861.016443120153,287.450609433524,922.96527217665,1010.63033164669,727.350964205923,1068.09937452449,862.724500775711,926.538222515989,187.522266457604,907.663369179828,782.37058521433,711.601114546056,1584.42742574536,370.859773986498,701.039367487511,869.883547630788,1029.95511115552,714.422539206177,974.228467645925,1380.59994919975,146.35897831111,534.256124194365,220.701037416484,388.367819458373,560.012313851585,-130.082836249851,437.585913362237,-232.089889455669,-60.4992789594736,171.92707869673,509.144627416862,-216.193667885379,439.070921231803,-105.192920797054,-212.944686114066,256.542370245762,657.633446990832,-136.988677706528,877.730955856621
29.0109567619096,46.4898582136016,352.659951886593,70.7989174360882,111.746809465668,23.0262051156951,96.4743750763293,146.417006441953,91.7855738079978,153.411040983346,210.305911878266,29.8384600981968,153.527088067414,239.240387543873,134.734791462861,234.062012340186,162.89788208523,294.822328178981,451.936976716406,277.766662282307,470.752846927185,179.015450418426,510.206382221548,658.687712011532,571.257762153518,839.230882331175,384.317821275505,957.689679885431,937.154209797878,830.568149401738,1131.94005064826,831.96609794882,805.316526870682,363.572074900216,1044.28997980423,961.561025438577,612.964051420813,1299.48030618662,443.362252925527,844.373056533511,872.148913551465,867.947053332966,876.973336618798,962.70995558936,1194.60812232372,59.2695294698973,380.603732807552,88.6601451392576,212.192285878822,567.795569472069,-164.77551440093,231.873922794483,-282.515666446078,-143.758105689003,-67.8656704586192,379.850051417415,-277.906782085643,130.990920239545,-268.283734793974,-428.697429142877,-183.020142035559,365.902259386498,-311.433538849992,380.819129143151
-18.5324324301968,-15.2356538607643,370.359201347821,14.5557891098341,30.0471944491413,5.60341181114598,45.2571676989005,76.5332665055471,67.7642162259143,106.157127199662,129.613509291447,37.4392196475281,112.92029763328,171.98624129561,126.962711705534,208.857057007072,164.714463177778,261.509559344326,397.996056541438,278.041548175216,415.724973502966,222.022618912734,480.408317140199,587.084761375587,554.031348663731,757.119324368977,433.463965969645,894.550807700487,811.247706882338,819.208167124039,1099.06085305878,763.39275674021,563.271899939014,403.591030679806,1069.63616784896,1017.23206568325,468.792825480822,855.455438306797,468.174556904047,951.316992836286,718.277863849581,586.07587924082,926.032781188765,765.422552427493,874.484993463618,-63.4640332378638,168.703382165831,-58.1750369817844,42.8958101317313,280.793788759548,-203.300609207798,32.9696711111676,-257.072158812119,-238.399769949457,-181.943134155333,180.311795601635,-262.260228467886,-96.9388901316076,-223.455780096892,-459.777049258644,-389.36867984072,-19.8179985468674,-267.111194232297,-62.0595186794865
29.3624313251429,10.1921912380776,459.208691283079,39.5382763610775,35.5003743794595,63.2755867747099,73.1856458323856,92.3320586420327,113.825244501157,122.501794257459,125.481257587777,94.6624336495042,147.534893618679,186.362995868731,193.037178488084,264.601613954973,237.308356760373,307.411358026239,421.125408670383,348.657643078182,431.37281406791,330.931608049012,504.922619389762,572.7297832704,571.287262065677,686.343970590159,511.008946221365,796.930019787555,734.226871278683,817.115766945053,1008.55394396089,751.594219089451,430.577088408145,449.376862239537,1074.65835807859,1007.8163604299,432.331449598063,579.745466683244,543.733847712901,1064.25664991596,651.629466656526,359.978790483071,976.074704388711,642.933056488791,475.131943509974,-120.829132625732,33.3753261312936,-96.5036808469057,-63.9531703837297,32.0773699357352,-154.836335205651,-47.7710305174337,-153.657540272967,-210.869179367992,-144.176717368932,71.2687284294718,-159.737525816138,-161.864206932685,-84.6859777538933,-350.99544364391,-395.587059929577,-283.718320403606,-129.647811327965,-284.359912763667
137.67770521796,104.170054912194,451.44406222526,126.739164453247,113.935478515741,154.23601595489,153.17502575932,167.775500308627,195.015679483732,179.889613170565,185.698216404015,166.341381610108,220.503008887636,253.93651909531,288.114855579829,352.137428429957,326.543494888942,393.314134786719,510.134297048514,447.95321694904,500.590044589456,458.536355119287,570.261410675189,607.366771838114,635.489015265335,634.271370820962,669.599214115982,706.360246104247,714.273619136454,903.371564592482,887.254759030844,756.595817925193,376.417381589729,597.160942512212,1100.03346809076,969.401355369979,402.107514946844,526.219362546356,692.782671195773,1120.02557848288,675.467220344988,194.582446455639,995.282847244198,629.869544885151,96.1771075927161,-29.6399395473731,-38.9734279289701,-6.82984889316493,-127.565977959348,-63.3916085465238,-1.04388554631311,-45.3816879213806,-4.02470198947906,-56.6606686629127,-44.690903679052,72.2011571998788,-20.2070658172918,-109.132610443207,37.3739678290549,-173.8993323599,-306.582152854278,-326.75981255142,-24.4077266538101,-312.034025704138
176.346023706933,138.116016734719,117.063998981213,157.816947633754,137.036216181716,185.899306285158,177.740231663368,181.956188125246,222.069386970297,191.806242570506,199.533672109341,194.530061612298,235.077462833381,262.086017845158,324.259100115091,360.042175794496,345.206788153014,411.257737244629,535.123935055306,481.944637062436,504.592865120523,525.134411092549,585.443109014467,582.122465784556,684.311617474743,557.512735109494,841.547969640412,645.894356110479,662.955733040576,1026.86128949893,761.543033379076,679.021008394906,264.712748930721,775.171788798337,1110.17827460767,840.267818137459,243.354820643534,471.419992302928,835.948958961271,1019.65508825517,569.930498564647,16.4685639597832,845.308761432166,516.071948339729,-246.001149411703,160.387100408969,-183.091336160357,85.83085651722,-201.93047069375,-184.49224120242,133.377092082891,-69.4911534135241,118.630394717977,45.3642511306349,1.08344576757658,55.2614636085147,58.3449576872497,-48.7740904410927,100.332890920998,-56.1487081509841,-214.933088711555,-250.531865986457,-20.6077602322112,-242.703211757353
71.3693532740377,23.0096514410499,-467.465906467738,51.3358549043558,19.3953826233365,106.46601821671,77.1653971567938,58.39557039062,139.09616959004,90.6405683341067,79.0106805658678,134.130510228286,134.20288466112,134.421449261642,251.222126813944,232.37487882707,269.337168156307,308.386563069196,395.542078782617,406.93327960469,366.784542846721,495.033222174459,490.495111525879,416.448408936181,660.773453698388,422.414964668392,904.903695248944,614.841456833047,477.482162246591,1064.559960642,624.484073471988,420.470830072506,43.8630543681903,836.374104393527,1027.86069219875,534.083833110952,-65.3222174901523,220.31599016812,852.488510898118,723.222887447574,188.355739467535,-233.338927948442,471.497584833853,144.215725953924,-624.231042097657,309.590488708539,-450.619790605429,87.5461929729793,-322.828221429851,-437.195108931943,139.881125010301,-175.625825326128,170.326063346956,-17.6021865404337,-69.1765104547096,-62.4840953898497,63.3350337345898,-91.0596680838624,128.539923057688,-77.424679338839,-201.309736730997,-272.857726388688,-94.4065993102072,-247.11631496714
-114.692710300839,-177.884350179533,-888.588606227797,-137.025623901757,-174.614215366093,-41.2032709805943,-95.705956045313,-139.848123886748,-11.2470601618938,-84.4303236244031,-125.071028767411,8.17834109582694,-34.7835271294484,-71.3153366663869,111.894779296722,34.7625729290937,150.990499572926,142.625028593375,155.492546366094,266.845977345086,153.146503697752,403.560934755749,322.10815938069,166.08955154413,566.733520055554,239.579191333657,827.362191113229,556.441931236948,170.562112031097,956.608923476226,434.934939450577,-12.4499599139454,-238.125532885709,723.245616333001,807.120106496562,92.1622402248401,-417.06481918783,-175.67561305299,690.787149985178,307.279450385993,-314.520503718483,-531.353303695723,23.326784325152,-341.278501316534,-1025.8290365843,344.392255978353,-706.788932430894,63.0995527257658,-434.166364221532,-698.860602109346,73.9007878301165,-305.496509028977,179.150898148313,-120.189600320358,-192.229521945741,-206.51120229197,95.8749492500727,-224.983066602706,183.505289854833,-108.839223405659,-214.211354215359,-471.788068217069,-110.54147828054,-423.543951134776
-248.723468770684,-311.248641598262,-853.514266533467,-265.62050925905,-297.314911931571,-152.843599601027,-216.286624458456,-268.636610296902,-118.980842089977,-204.804599184317,-263.17202421772,-87.6045594546108,-152.597981471318,-208.974609102246,13.6777100368196,-101.838795741402,68.590768487863,25.4643145331866,-16.7129407685335,151.06850808628,5.19158947117478,323.392119146178,178.14187479358,-17.0040407614407,451.775533873598,68.2186639123175,699.890186541391,425.850577391819,-103.625867964466,769.998128129119,199.100336148442,-439.388474333592,-505.717086129264,540.947971099967,499.830909526768,-291.211873681662,-659.02761013103,-522.384460402574,443.742060813968,-65.7333747224069,-631.026011897461,-770.720698012685,-271.00170173625,-626.233199119274,-1285.72331162285,357.939046528835,-740.450119661697,184.188676547395,-376.968524413991,-789.092911987501,121.695162282101,-336.040500322795,221.460307404681,-14.0839326878667,-209.161698741224,-256.735431480282,252.765038635858,-276.262208677236,311.872505417006,68.1912631976429,-59.2505904477569,-643.290488923125,43.5549321825916,-588.385187257212
-276.675050436432,-321.580047805376,-552.001878898747,-275.763811187195,-297.508244484323,-178.452643247019,-233.834235162875,-277.856388567426,-139.295093562784,-211.048786919063,-274.489228071374,-106.079484444152,-164.097507478486,-220.460651125816,-5.89445299682381,-133.523127757925,43.7568132311396,-9.79673721240744,-56.4483805590375,95.2858074094085,-34.4840421960971,280.563747344226,104.912508754407,-68.9511773802037,346.793093119058,-38.5680743587152,595.004617398566,257.190482534174,-234.56648659088,587.546334874939,-20.6243056841047,-675.663526358917,-709.17754301812,418.159509101614,195.320135987655,-468.715515938655,-738.598939535167,-717.909858615055,238.139714886538,-292.474035900978,-661.032332929132,-875.059243980581,-356.823352621806,-609.441306877803,-1280.72457242188,474.902858927218,-492.667183196429,523.187718000328,-60.5985256965695,-650.12068734236,375.943667208209,-217.631828849432,326.593008383619,367.910718827908,-56.0551128646988,-224.788677036063,492.908972226329,-132.556659838079,462.630293539664,415.57048344383,292.385114297022,-542.225261607635,272.75772579217,-475.071944594017
-248.021939395244,-282.309631861564,-359.181478166196,-232.670071707208,-254.4951037594,-156.983780315941,-200.399218416728,-241.730959164882,-123.739406343516,-169.221891057927,-234.36114627067,-95.1586333440146,-126.207335669671,-180.685434029109,-9.8413069231668,-132.89019631164,37.1867025004964,-27.4626609257996,-49.9482854496479,58.4256004533355,-50.6534199481824,241.229580871713,60.93850223707,-74.6109050583395,242.152172045863,-84.4167222565835,488.806461684643,119.667104457155,-278.311696256649,400.263065467628,-176.357240256103,-717.330318962297,-804.978272788429,348.523456556282,-67.7994743098959,-481.538416814128,-704.53326621901,-770.616107010236,83.6509011265201,-399.417064603651,-576.969619645395,-860.546856690535,-380.039641238787,-490.388490296595,-1071.95013584238,648.626026440846,-106.749247766238,911.089988290078,407.13144255588,-319.313717333382,699.239924334792,19.6524525729537,451.878055290755,806.036325189497,189.289521396887,-175.355249413244,681.236677951708,123.401498420363,531.774981735599,654.820296365812,605.320347161334,-151.978238276999,383.657971351526,-81.7274136571717
-204.284070645259,-250.617811680623,-327.852517583585,-198.013978417357,-234.736280122992,-131.967775971561,-170.228391766793,-221.055997579612,-118.293582181128,-147.320917673663,-211.277853636873,-94.9663664269609,-103.764726918042,-162.373640301422,-38.1471533567531,-161.856917238172,25.3937200241687,-70.8925128593236,-80.2506773513705,9.84793649089475,-105.721925703529,188.383712662541,4.43596079557559,-123.36077171185,142.247983861334,-109.28412921558,367.627035772101,51.5589746808121,-333.193646085413,195.709350686391,-259.384379293054,-676.71634838785,-756.73135851768,269.205043684316,-250.273480475197,-454.590541454445,-585.335344264317,-674.60972927878,-62.1506244539458,-443.485829622908,-531.94626496962,-775.511499201931,-458.077679219985,-447.681942508727,-799.641239387437,700.456441050368,254.6183983714,1069.48946934915,799.209931564782,140.176694902183,869.802395989997,341.402740401406,543.210261611966,1022.15703435926,445.231186300577,-56.5946802336384,735.237241161101,383.584673026115,500.520491524236,664.660288953896,728.946561809315,363.040392627058,359.769090182504,382.701480173873
-163.452510920341,-238.764662672951,-277.995441639573,-192.994791988815,-248.106387394442,-124.339921418896,-171.170124984357,-230.496778859833,-138.241108773062,-166.973141419172,-223.898635378604,-114.268985328058,-123.611168084783,-189.058433608122,-87.6889819688994,-231.654989250095,-4.57760533501536,-137.149810585761,-162.991278569169,-57.5079604551295,-193.453354363472,117.739611075363,-78.467496250997,-230.492757063249,51.7137320133832,-163.141926081265,252.33795240171,13.1208496550072,-420.99394239089,21.6718926426096,-309.385414293648,-633.774298205792,-612.545912281817,171.198258514452,-320.761912903962,-456.461038279794,-399.452732318012,-451.579598263816,-193.554354025286,-450.155606139626,-478.034865696292,-658.076614681121,-547.484456833433,-433.453570360883,-549.371055239095,502.998613900995,504.148898542942,839.176598994374,906.782951972255,566.166559878484,770.82972858443,607.290179427807,527.244241289806,900.051907891386,604.824872771847,133.613946090829,630.025825855085,566.916673826642,395.38009817764,563.241412593702,750.415548176911,775.799158689488,325.415781359418,752.540131446298
-135.177792082222,-242.485347082977,-165.251198035253,-213.160591598144,-278.985891673805,-129.80585502244,-196.546892697194,-261.483275673231,-176.850867051506,-217.781060601421,-267.815532118752,-152.088629861789,-177.072907291294,-253.46448320257,-153.796154917435,-324.70138572455,-62.9590478326384,-209.774660543493,-268.977895842638,-143.999798944346,-285.097625645985,17.3883154667044,-184.134645599695,-350.059879879611,-47.2227822347675,-250.159540658229,127.939026904949,-58.138324650509,-479.73393363422,-88.2648647804211,-359.581106301786,-554.707731616691,-443.693922827752,66.4992883513845,-338.74139885853,-441.281887587354,-169.704629068327,-192.493998696589,-289.127570955695,-420.80299920467,-261.553503327797,-476.184177863372,-510.986955077779,-291.304541929208,-296.817414439477,99.8561668660322,610.381198796087,291.896947919795,695.974333556306,757.119358451737,461.330917854425,603.215043844261,362.746399595624,543.6076621776,509.017831680542,202.624964657931,379.703637559709,532.602062779068,207.012477659258,440.466379516805,737.45852134806,892.968766800966,314.982298172135,981.273426793166
-81.1775112594701,-204.922269963459,-48.6873786235404,-195.836672566893,-267.095247205419,-95.7724194643452,-176.002238148358,-249.532258339082,-177.913112100001,-231.994140740006,-281.03632084462,-163.63855055348,-196.456932506488,-286.058446676714,-193.79082224545,-377.047322556187,-104.82689747803,-237.878919907681,-321.270818659579,-201.067369527902,-322.035125557797,-81.1606887961175,-256.3736340533,-390.328391943175,-131.529587420869,-280.140789864722,-20.6031226510533,-117.409851833721,-408.298243164515,-124.467898100212,-343.868090549576,-337.806722385661,-207.503687880141,-35.8051022248491,-336.677501804266,-303.176757216218,143.099519632422,63.6913986745537,-321.44329655612,-322.191829221648,176.156214954747,-98.5616997146811,-255.58264795527,55.7988110961164,60.9645502539515,-298.107042592331,575.914219534688,-311.749180574357,336.017105842182,693.617506914274,133.926029774885,337.204459020629,157.637141728356,203.427084466131,170.442334834171,25.0178567643931,99.7500845221784,214.974342678773,-31.7102422527915,285.606112868851,617.435791908911,709.239136345771,240.184078999779,1061.4976489575
7.11260109921683,-101.401034171511,75.5333979894714,-107.995594916374,-183.533487323671,-10.9651525056134,-81.4805962552177,-156.693594334419,-115.217515846748,-168.683858919107,-217.160349683799,-123.700819656246,-144.871133806462,-233.609228966304,-175.67499725061,-354.984088801052,-93.4336727542449,-200.352564064772,-286.830783312677,-196.765263443214,-280.014938425213,-146.015473121607,-252.587681572444,-322.965950717022,-167.877964133226,-199.798375982279,-189.504466953598,-87.8367778564129,-209.961141964725,-98.3715732732122,-208.231735716918,-14.9580731946732,132.285607949838,-139.928007645131,-244.611440039766,-60.6421399736953,525.570788879026,326.054835086219,-273.535431037435,-153.993082921545,654.195590176669,488.669016757945,123.908458383417,503.906968978012,536.922968240324,-486.632907830492,374.661232279924,-707.548888055644,-30.9085006290275,493.179002214835,-53.6519964912368,30.4885610269414,46.85049172775,46.9612658702827,-157.132392222702,-291.472747109861,-69.5314284298043,-212.91195439054,-234.930314777676,106.645995733595,372.109221700673,386.851628377114,31.3937568561071,949.439673813092
30.9312650371194,-38.3935642721468,191.980053193529,-46.6815199892072,-118.214540682987,22.9106171780941,-19.5640766343399,-79.0073353592637,-78.513200098851,-114.832049849247,-153.772421994979,-106.560571355991,-112.384248208176,-172.382454155939,-169.984816701436,-340.518943976876,-96.8580483519108,-183.441515803675,-262.384542210914,-210.633931039276,-251.043738166853,-226.247596101161,-249.606855469867,-260.428027659545,-217.292595586328,-131.802927305255,-400.50582586935,-56.3098340501115,-58.6880858172209,-110.989975295426,-72.4584854714292,193.028778093033,420.878711947958,-287.936343534768,-96.8014593665483,110.410738048337,768.384312522602,528.445210765498,-219.763942253232,-13.8505866122541,866.819352832247,999.135345629042,378.37094211378,832.003389373323,978.156096456693,-460.113573733424,9.78578503105324,-797.825538187157,-364.24211321622,214.146287677061,-120.002270725194,-178.694509932563,-9.89502182312059,-5.82100709695523,-285.517535274772,-555.14916530835,-133.968104534316,-476.365374477075,-362.019103985469,-52.4244554994148,134.415211390968,73.8432079961187,-234.636025247838,629.693863722814
-70.2894578894209,-103.862372841358,205.452023208118,-103.770788745874,-153.499399144812,-64.6041715182666,-82.0232699571871,-118.109595951137,-149.769685101802,-163.444696176558,-179.595678255103,-176.256977581956,-183.634569933722,-201.675317000547,-249.822595942572,-416.878795344244,-186.305708452228,-262.29971630279,-339.604646449046,-315.05721239887,-323.99216581621,-362.384606261158,-344.662250812794,-313.651723546319,-355.574701533274,-221.370782062985,-627.230562800334,-177.42574492725,-101.450628532149,-262.54833020987,-77.6039074090134,148.395031702857,464.489592879748,-469.099567730441,-57.6113044619683,123.364460282568,675.529203616714,592.638395475847,-249.446091649161,26.3134540941288,707.402902271239,1119.18706971201,371.22191156083,898.577991289989,1237.25364981,-399.889081262143,-373.208631051358,-719.007727083244,-591.231490361726,-105.706993622186,-239.741117770734,-306.528457595092,-155.221179390939,-171.272490573415,-317.747085585778,-631.686784252004,-235.444508372191,-477.058649735308,-427.55620584026,-176.397027656328,9.13454222543501,-132.782746036963,-384.272801445938,247.037229960447
-200.236030415414,-221.789757716464,97.0367623105126,-219.235903067876,-238.457750393122,-193.193401519884,-203.445630150538,-226.136320138423,-268.142914542834,-269.40134235825,-258.025477167298,-279.031356126955,-299.124160126884,-295.48584839669,-363.041407578179,-539.715988438976,-306.030000761757,-382.16134423392,-467.680811931712,-445.442857569997,-450.172590494181,-487.116325953612,-502.278086091979,-448.069578844798,-528.332520205934,-427.626588729979,-745.714455960298,-421.655567242423,-281.524998602703,-477.420125932338,-172.626941298896,-24.2750645605142,291.099809899839,-567.799633833196,-160.73096482903,88.9645362039436,357.196883508022,545.041987822788,-323.990765330398,14.7929676588296,382.364055398256,891.903369126391,209.735102093796,731.953581554485,1271.80588620999,-485.413813575273,-613.018632890755,-745.267427939764,-697.585529694925,-370.096389348811,-564.931508807015,-432.90408987722,-453.094142801639,-558.352838493011,-493.575385831874,-566.770589415253,-482.45767591894,-382.49325807351,-481.759709620198,-299.270249388251,-60.0354830057211,-173.640619994807,-371.189504657073,22.1661823324926
-246.045318635641,-275.961997205937,20.283951965335,-280.576727227322,-287.024295045336,-254.578030713976,-270.047556995624,-296.421153377133,-325.542078884284,-333.552180066417,-310.405064429168,-330.914239478023,-360.284661521831,-364.496202320465,-418.728992944571,-613.67483664816,-359.182599270823,-456.05481880518,-546.853707553864,-508.800535345849,-539.178198674612,-522.890854114149,-620.823162429095,-564.911104739948,-628.499625565703,-614.090144742485,-695.51395735049,-626.939479678797,-453.864983931808,-599.748909218809,-251.407573320907,-138.93989654938,89.1482792274226,-534.527484192425,-299.503982679291,82.4717245750048,109.717404042026,434.077007524604,-381.046714178834,-21.606086191826,158.481448257771,631.188967905175,55.2748189442112,460.904132793649,1052.55443979794,-698.394512265216,-670.193109409316,-927.419451250224,-767.477182532995,-539.087928156275,-985.561573867643,-618.04730591767,-811.153064686226,-1001.76053842128,-854.148545955295,-578.444321098017,-794.147302895046,-409.480435148232,-580.266609994756,-430.653074635072,-165.213219702888,-101.140926456554,-322.671208309553,-6.42038325987996
-221.645160634526,-254.813704034225,103.471551797144,-269.198935666633,-289.748608700277,-245.138771900285,-264.470936887136,-302.279485992037,-309.353669178191,-335.74929196036,-324.649895960791,-321.934120431864,-359.79323885092,-381.432099898827,-413.269072915499,-616.209643804362,-346.272485625332,-478.190986866804,-562.252896919066,-513.52394168691,-585.445425505658,-496.12878170062,-676.411964003058,-636.070259125515,-654.068708479437,-740.814378321286,-585.3856539134,-743.882273483664,-572.759224867659,-613.772759777738,-366.424706908169,-184.894007799451,-59.8387686024393,-476.342002484283,-450.991804721671,2.18942052035289,32.1846286753113,222.24116512267,-467.589259521494,-162.719952916998,78.7451963930484,503.02101983218,-66.2488379507412,224.14394134091,577.04608788999,-831.095567404777,-583.147720026649,-956.236678743457,-773.931161786468,-704.321248448225,-1165.95662495354,-826.573083198502,-1011.58874988054,-1162.87186257678,-1146.25940764412,-785.271070887274,-930.903091089105,-577.503507726339,-685.910602788349,-509.417920084609,-299.939766949056,-46.2642912230624,-334.629020838921,-7.49417082362355
-205.773329050535,-218.257965516418,185.756009629894,-246.137734940937,-283.468488762433,-225.93185170594,-248.948615963745,-289.480323499502,-285.611127911198,-328.042280989506,-334.038325669325,-298.007522476816,-349.948487475379,-386.009378010261,-401.034729948299,-592.859012354135,-338.54831752738,-488.330601356385,-564.188578391623,-518.448879306546,-622.688136016428,-482.463906504873,-709.251044556022,-690.952414344791,-672.181536715224,-840.642377942955,-539.469070719854,-841.233513929571,-672.638877318208,-608.353927814064,-591.996762096856,-272.051660974287,-251.622260577919,-475.773282929352,-648.813079463635,-228.640605414565,-68.9435816888034,-140.000550541144,-610.625171952712,-422.921270999656,-25.1063977198314,354.751305864786,-217.172472790297,69.5167620767853,-7.7258678509463,-743.982958511675,-454.514214066964,-655.613800595826,-651.146812189759,-920.957353782052,-944.615721462542,-961.491006201249,-910.990958369411,-926.183686613654,-1151.42435656815,-1052.44525674199,-787.510491465604,-764.221834629052,-700.027819640249,-553.676932410071,-480.415030547193,-91.2607388876906,-423.991112639744,-127.928448144255
-226.043974315246,-205.591347618529,-40.0917768736053,-251.826757584277,-283.424018515908,-236.439661134134,-269.254093483779,-298.660128570421,-296.986617828596,-347.78576550238,-356.810743491478,-295.14219952556,-360.080550718912,-406.121244758654,-405.221701760707,-576.328771081938,-364.517290122856,-497.375041579161,-569.904037570668,-534.441848007012,-636.019851981981,-496.678983013697,-720.836977131448,-723.759570161132,-682.82431277356,-887.905301231688,-534.673275151779,-901.244526706443,-731.819189239018,-589.914508607757,-778.51712019877,-428.551513075611,-549.461038523381,-460.316684196345,-778.759140886485,-478.764651797089,-352.774554282931,-582.269833568657,-692.085194654192,-624.602495264697,-266.583467492988,6.02377418921422,-391.767321992041,-74.2736353335523,-455.906244734127,-543.519379381734,-395.433931481585,-308.223460496397,-499.099976866531,-1048.99931469207,-548.151474252271,-935.576203947424,-619.873898800602,-577.013940963778,-940.011397922925,-1131.68371498142,-551.75688070358,-855.136354049393,-613.089342573093,-705.726344423659,-809.638453650843,-211.296846320941,-611.366367320267,-368.670452992195
-236.298571453825,-189.750107228748,-541.461188625781,-249.823214253168,-254.897750443836,-255.414320661686,-290.451941285686,-300.38523170283,-304.966172998039,-352.984968518006,-358.522212889838,-294.042372460887,-357.58095309331,-402.164896219418,-388.856545911557,-536.735844189981,-375.964716308658,-469.784479574238,-528.229210269589,-513.584105325144,-571.919027138596,-479.948533916561,-655.858480047456,-669.888095564264,-617.605763589936,-798.054824152072,-466.353085578669,-792.106841020326,-654.016219160492,-476.092411958529,-668.077708073695,-536.601523575408,-812.111549757088,-327.718823175394,-632.162565446246,-536.350608126845,-667.107937304327,-915.518908519258,-578.2745131137,-559.435211476783,-519.400640226321,-414.757871714634,-465.2430290864,-234.948434349602,-624.715340557831,-394.119521116108,-351.191687932697,-181.90693385283,-380.24888078761,-887.070641253864,-267.031101795088,-686.891736010233,-341.791223731594,-388.105351245139,-646.031395292658,-857.604478453974,-402.442200041566,-737.298862757318,-469.187942712205,-903.898754952909,-1167.96783838564,-274.379426374158,-792.118690634499,-618.436386095741
-182.95351742021,-122.404462570107,-876.257633475733,-184.19656635916,-161.426026719652,-227.741685407016,-243.325719677394,-233.396905303285,-245.910503002617,-277.189536410929,-289.924269750764,-243.731640956295,-291.446918132379,-322.735381566364,-307.831505619551,-431.796599377089,-327.566779776009,-374.593384272096,-403.566423206184,-423.62672332169,-423.912886153078,-393.20022714776,-496.249260623619,-499.70441636806,-461.740115041553,-561.243563239521,-318.754686966458,-490.264763206285,-409.714339867446,-261.6631328844,-251.792406537039,-482.443119456423,-846.514862958406,-116.747100587788,-200.889253705687,-352.822522213588,-754.430335892926,-994.620879575969,-302.634804294469,-236.533169896187,-573.046438210685,-610.732791045951,-346.830368812584,-302.731947040021,-579.593274607697,-267.987566414767,-167.213803567522,-130.752678975908,-175.743720150738,-436.016066645587,-112.782266064245,-259.111050140409,-123.87672814802,-275.816952048808,-275.982369865362,-311.300673994784,-266.41993579293,-380.751802077873,-258.913309427356,-810.394626566033,-1159.11576752651,-166.597690709912,-701.115749559022,-727.568479144612
-90.3079280314607,-32.4806136941586,-764.274739462419,-85.9378634687092,-53.3765198341415,-154.182767668183,-147.836966891494,-130.315901601228,-143.932452197317,-157.917257300886,-186.229146308275,-150.293845993804,-187.914616938229,-211.896878702453,-194.607239085764,-300.817110819477,-254.359203038273,-254.140806537642,-266.899482915841,-315.586518135332,-280.52209119153,-293.315960222019,-329.505031898389,-310.212758437957,-306.800561528185,-317.588350305912,-195.594356728788,-194.046013047282,-145.535807370491,-83.1643428791041,157.96656466993,-326.814451830564,-692.187735299099,14.7813222948217,225.049751855483,-93.6251761741406,-647.328087569393,-885.666712697192,-49.5183877122441,96.3357814964213,-435.299804506819,-550.748907863801,-151.651975332423,-222.407338016497,-509.678036526608,-68.0427455298033,105.001887982482,25.6025139141842,101.557006511263,33.4398344962544,25.9648459361873,126.792780098339,58.3696280034906,-96.9007228473339,100.584433906264,169.459961790396,-63.9421942708867,15.3737350623034,-22.4003386498974,-342.628376193362,-687.327633612712,24.3631308282757,-286.106277320712,-623.366664658971
-34.1998948422073,5.65308790782357,-423.181093493592,-35.4528403005338,-15.6492343401639,-90.37655708069,-90.4909620952715,-82.0169351263202,-78.1069478495246,-92.4441363750359,-128.384198785582,-75.2249937992063,-118.36709474055,-153.996194449202,-121.831691567506,-217.746999125661,-208.293360150201,-174.921470606992,-200.785180592881,-250.669983569359,-215.548250300681,-243.022596798939,-241.758094211338,-217.320889199969,-234.003653757551,-202.707859688861,-166.132977208295,-92.009491355318,-34.0725592858839,-53.7699005733866,297.267222769594,-205.483372591278,-548.295496829707,-13.0463666424251,368.319365043373,85.829867242506,-564.358973330421,-761.496291862329,53.3451649222031,220.802640754145,-292.589959417317,-468.49820802973,-58.0400799439712,-101.394786813475,-522.05060919881,152.533555651656,248.383582480604,169.647132594213,235.060843564318,240.805565936448,128.954602469635,264.118351842665,148.361869985849,63.354629133573,313.540431829378,314.202154770575,97.3806888851949,210.480754263801,99.0093919550265,122.36726694986,-179.556600401645,113.296722892778,124.589639604797,-376.514471950702
-27.8607282662996,0.296423301089603,-179.36429029633,-28.8055927028576,-25.2567470005986,-46.1299958066981,-70.4438739322145,-74.0291328764345,-46.4615191602737,-72.0467504594634,-100.386899613943,-30.2251173130161,-75.670382026486,-126.565294351687,-79.9309308126803,-165.320384153018,-161.700093691899,-113.670498923265,-156.169510846872,-193.544378115936,-167.548899738853,-196.65982293404,-182.654857120698,-180.867449274851,-197.029176196257,-163.622508150048,-167.440297080235,-118.730789169464,-35.0930417175795,-118.764945612998,247.6436621771,-84.6961635982649,-414.788864738813,-105.202456074206,264.699571612696,235.041587862715,-444.875794586322,-618.826120747361,60.695312134407,178.429649872705,-163.125326986496,-417.500172910103,-30.1522324012487,-7.72304036326983,-533.702467375597,292.51316835115,240.622269995167,185.022412588353,188.740270474085,200.504603503608,132.312513295149,218.098379787607,117.72218014435,98.4401296221323,355.371195031911,242.069394564391,133.696494557147,236.399516652952,69.6413370436599,291.820664694614,15.0072018492815,97.5961835997641,255.772060718353,-142.168773784135
-21.1166876703158,17.1539506957183,-57.9685753505875,-1.14238275580313,8.72962193084202,6.42932214762717,-15.8030391463188,-22.3590871202275,5.9685602667409,-14.9334936064676,-28.3185646560981,23.0524867406896,-5.45362589453637,-49.5834189941145,-6.67253552828872,-78.738413686017,-71.005426949656,-5.17046601661069,-45.6967338684256,-86.2341789525555,-48.0809715766587,-93.2821092143532,-58.7577356672078,-78.7178463661317,-108.154491684766,-67.303232142572,-128.959817700532,-92.1877300318964,28.1922186192388,-171.380555222064,230.464892243829,174.766729124097,-91.23974272643,-149.86402328688,127.148404545961,442.85386664286,-3.25386786127193,-313.1561287612,75.2945718271688,145.459991823963,136.252036311498,-188.49306273855,106.915477919685,144.753516086789,-433.22435811979,367.208813527831,268.360655941636,186.194533620603,172.109626250139,153.01079008959,86.6013794842393,220.116549106964,69.1909399658944,69.5016372788607,382.898385331658,292.429471704206,135.190332937832,320.032094626287,55.4495482858007,298.478618469045,35.2751718698096,139.887668562535,220.148034846955,-27.5331963621439
8.90732596609623,67.5913700871653,84.245451817319,57.9324335680092,98.5324941918433,59.4832763006273,73.5815164232864,76.3825953524417,72.4039420902219,83.8026592574411,84.7545452087294,86.3831070957217,84.9481083293669,73.577779722999,92.1550943273212,34.1098489829194,30.8755279514675,130.372894825581,102.563794987775,41.7801987507816,109.763512938607,28.615442229611,106.413645271085,102.047409164059,24.6229037076092,95.1609337565268,-82.9171701407195,28.8345748568205,197.460969757045,-186.674669957574,289.456735204088,525.60991952309,437.333556127465,-156.735543125725,89.0080804697631,600.502536393717,708.857599698321,126.83601788054,111.091072751163,193.170357364872,615.432554632311,272.770867450231,373.573826342934,420.8340737707,-257.146160454635,439.950228677966,428.487660165273,297.946975454265,300.654086677786,278.963190776566,129.69300503069,364.2654150718,141.229296004017,109.189911219053,448.858515292674,605.723227390299,235.555389206708,558.888112898469,216.183021200135,381.366216216081,172.01314689573,327.566440344019,273.473868227335,15.7937210573249
42.5989268782832,114.781926945701,260.451005350388,109.337942388138,175.915462397186,86.4244829477547,133.335249195473,156.763046193965,109.098396293222,158.764714750234,177.655471077617,124.907834976301,144.400969219579,174.140458545959,156.243403962135,110.947158528525,83.7048080266934,211.625791427504,195.101258689946,120.995410633238,209.448156874259,96.3371892373587,211.428653358865,256.698074107284,118.488349534309,222.257431152094,-92.4308116773405,140.824501243567,327.155626444202,-187.444851564497,308.933460690724,714.318791636251,864.716395665739,-194.052152603417,140.560191047052,541.080151098849,1173.45528677144,452.269869744796,120.855633067264,250.227405547555,955.743332549184,664.547537755312,579.923284341255,689.917669780058,-103.349264164856,490.253362015166,646.66829561117,463.680174805152,483.646128248622,578.492070223016,322.981168191603,545.112968960162,348.2930531916,277.431990367887,472.511539475135,989.382014204759,446.465618171004,804.461744216844,482.827856203045,549.103791231231,438.267358381569,578.284540762836,455.416904363868,112.323788561283
60.421025612846,133.13068277292,364.836331876741,129.440497862073,192.417586181589,81.5976430122173,135.509396652974,178.655943965602,107.827618579281,173.118171232079,213.383152164435,118.623313958144,151.771274354157,208.416939296868,156.624954462259,117.105553329778,76.8295340905946,199.637852094722,191.144622303782,122.109913394997,206.85403560032,86.6320102457242,201.767468143331,286.409975076437,108.738010416107,223.234287061742,-172.302284521309,126.422367524928,271.8426835143,-226.515628830666,181.665124884016,575.849276773944,875.205308079353,-300.595211590524,100.854562986551,321.680289064546,973.788603305589,464.908977418576,26.8956633357258,184.808075229508,866.091652645921,651.274829569939,552.808533248947,710.93055148888,6.79708337405574,433.149923627822,818.334653068566,546.630038399325,603.539327791945,912.076163910239,520.177559255447,643.799436977225,519.045921659769,479.034139325524,446.351397931042,1149.03945100599,615.194956628222,861.476427706325,605.450848579482,651.083793101696,619.035450992827,734.481843643209,589.978001977116,263.396554626249
77.7995246408591,137.287075724321,383.239033835257,135.53509966916,176.517730588113,67.9518733363449,115.870994831224,166.060992922488,99.2117339691015,159.267027776911,207.297726049842,90.2118832125016,139.198966829028,196.239119399245,124.57631062188,82.9829830541398,53.3296517257726,140.302127409827,139.624737488002,76.721494639358,146.724137504254,36.512145119931,122.444457283623,208.09545195287,17.8075361832592,114.775495386577,-270.383617476133,-22.3654354893571,78.7803031863927,-340.161619509723,-67.8752127514626,243.961369948821,512.317969594459,-433.433204205232,-205.737926545644,163.323442218441,317.056235505088,219.231270279925,-198.858489146551,-46.9058283909176,473.062471023821,272.738135915667,360.417294273829,421.151160385685,98.6709306242451,261.235963868634,899.586093830485,505.393457854105,640.299569161968,1119.62135524515,528.049685828835,679.539048950428,480.495280076266,547.801915389723,476.806798639612,1039.44074704792,584.579918564721,755.289700417298,458.388819824961,617.624376820119,609.416190774516,734.18812249997,556.805410812693,366.429589129656
143.169678951339,184.574929013271,430.181061437851,179.234076692021,204.959986940598,96.2749970783148,142.417320537673,192.574802732298,131.619471320911,188.186684150155,225.44846539381,102.39052073176,168.485884801386,211.020157737057,130.346104671009,89.5177770531796,74.9026237608491,134.818807537589,143.490932135989,70.6066048265349,136.459171372077,30.5547637906596,91.8013446726451,160.391426515944,-34.988648075493,41.8831419863211,-279.037223253323,-151.491013354407,-32.0824405194424,-423.697542837565,-256.581743270877,19.146721161611,163.314325956966,-468.570184681652,-582.592919239234,144.814944140663,-170.586783951967,-34.9694973403627,-410.696747154646,-278.314214323129,177.982332210649,-81.0053901387732,238.968747351301,70.8715435997846,185.329141793104,80.5423245367596,884.122955397732,396.128428336952,634.396036164696,1144.16556906646,368.562128674682,724.406582568764,281.418904824724,447.500730145427,593.262605046234,912.12342096193,384.758279779928,683.082504033811,197.562991544949,510.384066896391,520.322603707449,671.193849619324,432.768001784608,408.379579144985
271.110911816945,306.307021693758,573.235909433799,286.414620935189,310.376319379159,193.33599944054,245.659204085554,299.864941443082,223.570964921089,285.95826284142,315.545994312885,186.456569764348,264.873772471386,298.658541218754,211.208538322536,180.732617766172,164.544455001869,230.733228993154,250.796772176401,163.713023659816,233.629378541275,120.647285269055,180.512745390719,241.231928828326,45.9514981407731,117.832072920174,-144.846487491519,-109.973364763944,69.5420887612071,-335.521102168876,-233.564303485367,43.9088268783698,109.790506218542,-347.718934789415,-639.732929295398,159.72922250932,-151.427118817594,-122.804725721661,-422.109248029047,-290.902798806612,171.351345414717,-125.201899658332,307.812043638207,-43.1338872364419,272.802478189782,-37.4756427541784,753.200679471989,252.061872903429,585.077918516196,1013.82220937481,190.425049719133,730.189748673426,77.0393252698127,270.886990932328,646.97566248042,923.734420960042,137.394387381714,684.587884002851,-10.6955110489632,340.548460918927,430.26703870748,614.722395073258,296.324106965466,440.132558466754
405.955726775388,448.162251915326,751.659530978968,409.076821739697,440.753109715119,310.731042209871,372.102825300329,435.272490713634,329.912534034956,397.371302503542,436.024493042848,289.038366659282,377.940213459795,414.787388138632,319.322823384465,305.282092206848,278.771210664958,358.729283377284,390.688660367627,309.253653884855,372.213214391076,254.796844418072,327.682332941788,384.096728891652,219.85935776804,285.929129995147,51.9428113353926,73.9683212585653,279.63880645454,-107.856435328263,-35.0056700660279,195.740420708619,219.641899804854,-165.609036841397,-339.920833323036,182.822493158505,133.414183949146,-125.526338781995,-238.609568700718,-60.3105788159977,316.644021006189,29.7197586377165,488.066120719973,100.936836124077,353.618724981314,-130.20197997859,499.416324787415,68.0543841097351,426.432011828522,762.753886625603,45.0913179414922,584.55129648949,-84.6918853743083,80.0686485750268,485.009662863278,902.55372578314,-107.336855370346,581.051529525969,-196.917448431194,14.9598194001049,244.443673848275,469.368761340287,68.1695955225338,410.151361890338
490.66720405521,542.061494442207,875.506471533985,488.831028303034,532.82316396261,388.416757369595,457.041432672503,526.009794833057,402.871717114034,468.552186881914,521.238789942241,354.635836869361,448.726572594094,496.44232823444,391.837271321327,396.533107640553,360.779670309708,442.001067513039,477.399740012681,423.199831819828,471.103942090063,355.674200852972,444.223105974934,488.066717773132,386.052110001809,441.866433639929,215.444721340131,291.784107063638,443.915234411017,143.317174881259,239.551948366599,309.680689524153,240.713563902027,-14.0510303024535,63.7812233390514,296.283154770545,318.929603745648,-146.361874841203,17.8874033742473,276.57381299187,456.504972021961,139.752287760496,667.10578425987,323.096317345611,398.976132237167,-219.247426965829,163.175758858122,-123.54734290282,130.561431902268,420.817078079051,-70.2082482436611,290.208662625218,-192.666332916578,-107.462461669143,151.79349695904,631.023074012424,-299.20791638324,264.046093358714,-359.913038419439,-420.830401911268,-115.422326345923,117.438315398447,-260.422211874145,222.080426854252
520.741460527648,576.789776974025,855.790048092965,518.982331551321,565.27352749478,420.795553845391,491.126343522582,556.517034176808,438.845431050873,496.066289770528,553.560643768267,386.95626915386,470.094012703595,528.709334340338,417.78241447765,438.317562511425,389.878585571186,477.440204098841,503.748860442514,475.910136888055,522.752306537265,404.124079028212,506.049156646547,546.165632895238,487.070658285184,549.340031813241,335.962741286883,468.616311667207,514.951798422441,360.615630783334,497.655401022587,350.027535975595,189.663345596501,129.462104030103,402.486624128212,428.703102643418,327.172467584257,-63.4664574316789,267.865635263857,557.637358542755,532.542348709123,166.153082733315,767.30249963624,480.119185260861,379.25300848978,-233.406739486762,-202.767581471211,-250.120140163542,-205.337705794578,5.05320498480948,-117.061278588987,-58.0555292277827,-199.885859311919,-259.979688974822,-185.321801707641,104.125970176163,-384.086148964215,-211.576819183015,-387.856695134448,-717.019587788546,-565.871969428822,-422.439005373222,-473.643256580867,-110.11292382327
513.116584146981,560.584851808117,581.938175483569,507.900162641997,531.254142356579,414.779905274983,478.784802042149,531.513316206833,437.598472093207,475.951189256435,526.530495060903,388.54450824639,447.643825117978,508.6088969003,402.515418647858,425.768054124825,372.034040154275,468.590973901731,483.179398057029,469.072574857201,527.432833189092,405.078839934618,502.145965776832,565.190643211291,501.022175477798,576.48336801584,422.30679399897,528.318772402381,491.927822184437,489.041598101382,600.886187390689,341.713841059829,233.943185395745,293.613539674188,589.301663581125,392.333546281663,246.510157019702,215.936305665018,444.145282446255,646.497900701684,458.660112804603,192.269567228668,700.5176527353,479.259580977381,280.902931490276,-125.874565790656,-531.768149107601,-269.288184383434,-430.434556654005,-454.938588253719,-84.368229277536,-399.881645801109,-132.717292749834,-352.629974956638,-440.341634368264,-556.249814054115,-407.625249879279,-769.41944297141,-306.987135998897,-737.520911953322,-928.593597585737,-1010.52527632701,-422.853448724621,-472.010634001868
466.992675268888,491.772070579907,83.9379523894534,448.961689642145,435.437000262777,361.082450412235,416.672354734678,448.553385176364,388.538757644426,400.632025635189,436.951212113031,344.315374859852,376.704161370189,429.96424965707,349.304408954765,356.470090939137,324.266551004313,405.186827281919,408.059208387095,410.287783753676,465.762007538708,364.420767412514,421.973526989335,511.687613131765,434.667299090793,489.011551417969,449.220575352227,439.755346169667,370.742775894714,480.092436882088,474.628534778733,279.716454428292,379.75149215875,416.757007783339,565.991363603882,158.336907465381,146.575333579951,503.645773264394,481.37397346006,514.790106773479,166.50584073195,212.910524271001,436.670729133883,250.251384828892,124.462468397031,29.1818324149573,-723.328798154361,-218.416527759819,-488.359948136128,-840.175690172323,-22.0045031378834,-682.338693909615,-59.5938872265093,-373.769179981563,-611.240298327719,-1144.27999084874,-390.435592896213,-1254.37709694886,-223.174654135824,-594.460300818652,-1038.86815549834,-1423.45644758694,-224.424139035197,-733.791808090955
370.071150587046,379.468707919531,-348.302820753951,343.101890796425,311.854193421314,264.947770820491,315.720629569092,323.186307076339,298.989974130033,292.659872191496,315.176340730822,262.735583394492,272.699284961838,309.361145883169,275.019082425572,251.868311286965,261.551910465034,304.481873338516,285.254839697329,317.92139684504,344.582741257324,296.358700600281,294.024482976262,375.811835681981,315.953795278248,308.552305108189,390.235073689952,268.111604820576,157.361781989954,354.252904568057,201.173746834729,112.670203938079,432.218842286274,406.864884239826,379.648928773101,-145.233873833811,41.9605617163693,542.313662188084,378.080432830295,267.22441103863,-249.969094440477,134.035446082465,83.6099184506845,-154.389902749438,-52.4405544927622,124.017440183123,-736.254666021716,-167.515403265247,-443.753200966511,-996.066688773898,32.7413734516355,-788.095591360156,29.0873040371948,-303.003979635172,-650.048905859347,-1336.62772860803,-246.143096661963,-1375.36739887922,-98.7062556829669,-399.590360698345,-855.343151527751,-1452.78547475315,-41.9737979746826,-821.240653892459
243.666194688033,256.999497652329,-431.768988519217,222.18202012911,203.014627160207,161.822489175803,204.430317278575,195.603926199011,200.719473580342,188.797036491025,202.324122878918,177.528894134171,173.837182690631,187.711800264256,201.936370049257,144.735139256157,189.84256809485,199.55872361772,147.778970219947,212.785224244012,205.719163553996,213.379390161838,163.325455699942,203.498679290117,168.494013412986,99.1164320253796,267.827874687069,89.8301384906762,-113.999670130933,180.064035189563,-96.0800265245957,-203.00601999895,195.88417517027,282.57481268885,142.154453416258,-413.561172948401,-136.018861565786,259.818549217225,207.726404177408,11.1219388499349,-603.843353584298,-114.305109250106,-227.062548836512,-562.918138359497,-235.423878251838,137.270652009454,-646.28847211595,-119.823504021924,-363.334185910029,-902.856989077713,91.8273995134559,-641.998847875896,149.945763355806,-131.765543222096,-496.631411946549,-990.372455801568,16.8908112291351,-1027.41303052766,111.498491038875,-137.216431705474,-489.069922157196,-1128.41424603279,105.453654534022,-755.38359630177
145.095731367967,162.673228131591,-234.02583714304,134.321625602767,131.508220761822,93.1701677944616,120.095390664399,106.26863290501,129.758234290321,117.417737585494,122.880871560615,123.284640451482,110.627282044853,104.87920683088,145.209440942347,66.656936576345,118.58638444028,113.875996549174,40.9683273867878,120.459958787212,100.51056995199,133.406237601036,65.1449279648158,67.7640744618688,36.4868611599195,-60.5889426979704,166.51707631335,-41.3640992800305,-351.559121554969,52.5968522690015,-334.170879630359,-581.250586493534,-285.851652545528,198.432836330908,-44.7023053780349,-611.25337407637,-425.270894046451,-197.039844108896,80.9649791492853,-222.12964483312,-811.887597756018,-464.609867083819,-488.709630190447,-850.134721008921,-391.399034726343,119.245299517536,-534.745022776426,-29.266144843395,-233.650072927353,-687.446494141971,176.885030763828,-352.489185909225,247.517822738282,103.049826388193,-225.34853827495,-435.376376549743,243.578905262333,-499.251687200835,302.986949049175,169.982483440223,-96.7593086318348,-711.639311084701,247.581878972875,-592.112047503588
90.5213859630578,99.0231994783564,-71.4966392118841,87.1817241840735,85.0609284681412,57.8750620198994,71.9454061713326,54.802458896997,89.2388742365782,77.4341871391311,75.2165359356372,96.180854396903,77.4540542627875,60.038471985729,98.0242941851118,24.1834524621448,59.521155679568,46.2537071028511,-9.37140536451706,58.1653146009898,41.9893592529776,72.8254185887249,15.9480387349366,6.74515485678812,-24.5794624378681,-117.780364524295,147.824249854584,-72.9946432068902,-467.727126334927,41.6003182837462,-453.626869590832,-834.178649641853,-717.534493233605,256.518273874548,-112.338947798601,-733.185696226022,-693.346135650542,-543.047157491505,55.8050845022064,-408.969589886339,-936.66676077392,-728.462985797955,-754.048563641373,-1026.50252996054,-448.389116661781,93.8623354165447,-397.249114612854,74.6830399103453,-32.4354120329015,-442.641262577981,246.295430668649,-102.981318658553,264.497623889798,300.920514884623,-8.89828912277448,-107.125681172493,326.749674521201,-121.172360252734,359.659979837558,370.875750055902,192.664702926354,-364.902305454177,329.512578921096,-356.729981698931
28.9668694660017,24.3741141090985,-97.7785651744977,30.3997675359131,21.356887654301,9.99533765613038,17.7635682276451,-5.96872809864798,38.7657810268433,26.038257457701,21.5675461382676,46.884740591949,30.9142703263531,5.31123598515586,29.9392463808214,-28.2298437786836,5.85446677192093,-32.6122853074816,-44.7588519722052,5.29316766052507,-15.7991818740221,17.9100650766421,-12.6556894389548,-24.3278370057852,-28.8162046561642,-112.803105677841,167.054242616744,-25.4131498163935,-490.05501000497,102.400317127916,-463.731265712363,-885.881628413871,-861.389638747633,369.70236440107,-79.9081061862203,-788.216550314407,-779.694148855888,-585.144458048311,75.9111665952709,-500.411472971742,-1031.73102107327,-794.833821044522,-979.283790948037,-1138.58508643744,-410.362306914212,19.56944746627,-228.75911434278,72.8245456243202,143.732737085421,-183.70132048403,171.793309201359,32.546424696181,166.606342202433,328.471717166434,61.5294110698739,-47.6215174037329,250.837665326623,55.5769142599907,258.810856278625,343.118367520753,293.21559726387,-46.5044505986445,261.227769927685,-95.3610338292757
-73.3148063627413,-91.8536948375798,-180.471214929848,-71.5435859974677,-84.4403521913561,-71.9371799931228,-75.5524968297476,-105.308363727465,-52.5229422946129,-69.5360002408117,-72.9747776942316,-49.8844038833506,-60.3107996510023,-94.6948390728283,-70.6912703251333,-137.194211614335,-57.0556646041275,-134.204174708422,-135.55148664578,-66.8464245118852,-106.29897526488,-50.3703624842235,-64.9499843606305,-92.1778925421177,-39.5550412005953,-132.415236113289,143.499166080853,-2.35803113751199,-497.585430287535,122.059325351791,-452.157135289293,-818.920314092358,-773.152976699909,396.027286288677,-56.6439420425889,-785.377254688844,-693.681273344435,-422.618170988387,57.4213758491158,-488.272823162736,-1045.22183813983,-737.148428941085,-1060.05512324896,-1151.59226253232,-387.160568016512,-132.462545796296,-120.468461339356,-83.4824022867637,120.771678260664,8.20140590624038,-109.710655293659,53.457629472563,-75.6598150826103,151.3578057998,26.8889743099557,-61.5452555061495,22.1176103188518,112.195640456498,25.7904712169534,148.428718213733,231.050367322324,240.874934243518,45.6399593015924,103.188665062035
-186.315927911988,-219.764478655107,-185.862248816051,-185.080204746503,-201.342037788335,-154.378172416284,-175.808542831803,-208.944418139044,-155.170558893702,-178.899500143045,-183.408005792936,-149.98046885494,-162.392541310208,-209.419284473766,-164.727214853297,-264.748163480234,-113.981015803508,-213.260791198465,-261.999354889606,-136.275594646779,-184.672271984123,-110.487982326557,-121.06291111403,-172.056588435093,-55.6153057179887,-170.938019547217,71.2284749081745,-35.7644787893828,-469.354268091625,70.0862016079446,-454.967793081715,-693.244642523872,-631.231440551399,312.197732827781,-112.032599343175,-714.106046809277,-537.194282785444,-276.873233833101,7.0317095018796,-419.491702919447,-906.501381899483,-652.372671726862,-970.680895022005,-1000.54911512773,-421.446718163598,-280.963652041529,-165.050655663758,-259.179416676906,-125.193458731592,8.70397849517768,-415.948171803395,-46.758564214064,-373.124338335722,-83.8945209806765,-39.1887733229156,-78.4902548234618,-257.385621234814,84.3019653152831,-245.638717799114,-51.4717833095639,134.16464681169,371.056421901736,-214.670670734066,194.89553806265
-269.398673455745,-302.66246512812,-156.357158309447,-256.017165275971,-276.72334902,-197.796513327034,-228.181820963414,-265.567378766998,-213.392824736259,-242.925884131779,-250.841828323643,-193.986944244427,-213.139320069877,-273.196824054526,-201.52253733718,-323.084086401981,-128.996222176959,-217.818512226612,-323.012698157156,-147.790545002885,-184.332677158926,-121.730861829639,-113.537312721625,-166.958749685069,-20.9470551558318,-135.892993556543,8.58836942152244,-32.9078849757492,-322.065505463493,30.2216976577033,-396.305181563311,-474.705088411068,-457.695785406175,198.776878515488,-168.168467437124,-552.61496693127,-324.677199868563,-176.288562453901,6.32958407611012,-315.622970978365,-612.733830019547,-480.918582959006,-750.224303753806,-700.169750236856,-384.233468652629,-294.652715725088,-303.326506129012,-281.473939053676,-393.034016759057,-158.158615589782,-472.856819258292,-221.581613608369,-481.186518857963,-207.164802953652,-117.59403065744,-120.187847035137,-383.395741061209,-0.238783722909884,-382.693382612515,-187.132464358099,54.3285538469081,287.326475862653,-419.29476901193,190.978512388802
-315.610099498124,-332.103348562114,-149.028669236668,-280.682829192213,-299.826119879923,-205.108301817796,-229.146250482244,-272.684518144781,-222.778238337664,-250.978322164329,-261.647558587827,-185.698034325476,-211.632577702866,-270.828522124317,-187.767316089038,-305.150296667382,-103.252328498963,-170.999865173054,-295.374338727231,-97.6317378596495,-121.803017022694,-83.5914690237403,-44.1335204806623,-66.2030662945753,58.9189628782196,-19.7291119239083,5.16283145073143,41.114303096172,-92.6683078015999,66.3860666525992,-241.810204670259,-184.636597410388,-177.790684140434,124.221479333665,-109.010145756679,-333.882419622855,-32.760395445113,-8.75270984457989,89.8008314946604,-172.619840433351,-253.374493125716,-125.373892002004,-450.305378409935,-341.626721687578,-143.955916217408,-180.94061567053,-371.978691370484,-181.181969717986,-489.226756173038,-317.086960937842,-285.41582550951,-358.876303635771,-306.706010216961,-225.734657335892,-228.40232552109,-168.626730449153,-300.854534324877,-103.661382310736,-319.632556528923,-305.584256277161,-91.9772486584775,80.0244688435795,-530.52285540353,83.0169500499125
-342.568600540378,-349.164212855419,-119.707193703422,-298.892037480001,-308.131489538864,-216.80124451818,-229.158345220441,-270.688291961565,-234.62982982708,-252.772314577595,-258.595664557589,-189.171521658448,-217.101520390017,-257.874357151097,-186.283876584444,-295.323125955131,-89.2533495029999,-154.130760769963,-274.230211385963,-58.7357920953622,-92.1509981129205,-44.6964927215862,-10.0880201527676,2.4550438400643,100.96979215721,47.5349645075329,50.9460794791881,65.2730960004895,41.5836852187367,109.809860968821,-113.907316396635,12.9651901977599,128.341746145735,73.0938328447123,12.7139463206924,-178.024135528791,222.462812683639,202.771654433819,170.258333482225,-54.332613913498,2.78739014313631,294.744732918836,-181.21540911307,-31.4043615120926,237.685682445629,-98.7546089598028,-305.207476567547,-144.295641787887,-431.369952418758,-358.019931389927,-136.676507764961,-394.785884737675,-103.364346345699,-254.634089079812,-350.584984728951,-223.288922291561,-203.716818632349,-216.048718779391,-212.558688571611,-433.925621779604,-323.323064428358,-120.272165245862,-552.900622044915,-106.144046332077
-343.542778654368,-350.77804891801,-34.62689494258,-307.686219163248,-307.91294465822,-238.096208085915,-243.024428617441,-266.992999210424,-258.573670195615,-262.290541581328,-252.21133250253,-221.442039983389,-238.558036784948,-255.497912559916,-212.194469085643,-320.041720528383,-107.699710784185,-182.737960200733,-304.83629872719,-71.132765232771,-126.738745111811,-29.4475881521748,-57.8971687050921,-35.2943691434926,63.7062800845515,-3.42129658506133,95.1547262669679,-37.3712336028316,0.45434651770658,64.3574444723947,-109.789768235699,13.4908122817252,284.527312648528,13.0187168954043,43.9115403135983,-145.47961242224,281.71668527327,347.872964256674,158.561462455581,-29.5988223790349,51.6116715958163,531.719607155059,-51.0059425343182,165.035392590345,594.507892565225,-121.133735143513,-194.883133614874,-207.791013378118,-332.119107500259,-328.5886823925,-155.096377901617,-350.645365513498,-91.3653937805289,-286.121894643254,-391.546740111998,-300.845121326298,-220.547031321491,-309.056514635398,-199.13312911285,-488.317178095511,-469.031882333661,-205.100324357716,-485.436133079279,-215.152960730212
-290.295941495454,-295.330283826167,50.3525678024745,-263.197040729183,-262.217175635719,-224.270402315043,-226.656193857526,-230.566256011679,-244.778412658789,-234.396464864121,-206.811640172799,-225.593151761982,-225.5019713839,-221.499387237518,-211.946387136295,-321.030069569433,-115.575283442249,-193.202643427292,-323.443327009321,-90.5823801214648,-155.371124422474,-17.2322814657304,-118.858615043889,-94.8239732362283,-7.2719721477685,-88.4437078544154,104.606680343703,-171.946574515674,-98.4817328709028,-39.5376160390134,-144.293053297939,-70.6546524838817,272.848298510347,-27.2916726590021,-26.5439003393901,-143.054468719049,178.384186228889,428.400724711204,93.6069357602904,-52.6615972138108,-26.9169530043657,524.538928238723,-36.6109483407021,239.875089237316,812.633736551482,-148.978396178806,-138.137096661774,-208.892723656755,-205.089147695417,-304.659724966659,-182.972370020862,-266.399698868032,-164.22416487875,-220.938592493449,-295.3472210785,-355.08581209285,-254.215565825706,-328.328562065628,-230.152106416417,-390.267017916652,-398.743581150041,-141.15193834538,-353.211958471262,-115.341273683853
-212.036783482716,-217.805964567587,98.1782460399983,-191.037409411887,-191.296151966318,-176.347360013567,-177.244456136032,-177.906289668609,-194.935539066045,-178.419822932572,-143.860397818235,-189.81274337872,-184.676795713342,-168.785252383118,-181.768728391398,-298.499112986904,-100.854210751839,-177.723898421426,-314.071270326286,-99.5081094540725,-158.617077086357,-17.7521391350683,-154.908122554867,-116.135735729559,-77.269053367729,-153.335340591615,73.4350891436352,-249.85333830486,-158.432044212198,-115.487562158828,-132.388127805827,-96.5633772185401,209.22787985583,-31.6628923627275,-95.778476627886,-97.4759904111387,81.1587519312027,474.409748291495,41.4882229167064,-59.5638864115317,-79.2274829188696,429.664932687975,-42.6857856613849,216.535211208147,814.908932429081,-95.7296758949806,-104.410164025542,-50.9801143553366,-4.86611235610254,-280.003086901763,-115.836444690201,-167.428497352945,-182.10881435888,-88.1018462260627,-128.145133346197,-329.055947520592,-239.720910520058,-273.025549928507,-256.110452640756,-226.826536408649,-236.141759607822,-33.5305662577272,-254.453009141848,42.83194791672
-169.970280708797,-188.252980237667,175.521697006873,-159.602012796795,-157.687536154533,-144.101213571601,-142.568516501465,-156.899491762668,-164.041828223564,-153.758362189967,-126.178383772026,-160.60569694547,-169.038430267346,-156.982728720872,-169.715312291672,-308.65185620939,-98.2907687256945,-186.757315362166,-337.302407599718,-130.287288494464,-193.774700294448,-54.6897359712011,-207.823354231981,-157.20125452861,-157.157756250882,-241.359425296971,15.9335966822059,-304.152323179868,-208.702938090564,-149.202279230083,-143.187587669916,-63.5680694720483,152.965623719589,-45.5361939455267,-147.530080539399,-67.8572282509303,70.5367165065494,429.011743842757,-21.5666780961969,-86.3239262556912,-56.0307264977099,382.271305333206,-45.8749559150714,145.769159311541,572.288779618982,-2.38402095285917,3.75624204772996,170.632990248259,234.702144543231,-190.493311378655,-30.6643821072737,-54.1727574786225,-180.622897951018,8.78425945370619,34.6323477044272,-221.218071815724,-228.497427542817,-167.50471119151,-303.398510853943,-131.283820579705,-138.961072659934,0.155349235732841,-238.075394779761,38.6458725958526
-176.220925247461,-208.230482173459,257.058058385455,-176.977047251588,-172.411517607948,-148.856009953875,-147.350087471923,-173.125617233414,-172.193026337493,-171.870766018579,-159.906015766119,-157.174622274955,-189.112839339521,-191.156183352661,-185.100610289894,-353.666774215077,-121.517525438931,-227.060465222876,-407.88662800171,-185.984864847012,-269.810334702565,-111.97462472789,-290.184499862854,-259.93298895229,-250.270623486023,-365.619019189366,-52.1254421771523,-385.421083108779,-282.125398239498,-183.306084257425,-263.860320121401,-43.8041051741226,63.6830399398954,-104.501005333908,-260.600491571946,-127.943657055976,63.9150241812139,236.670066988512,-145.230892973534,-203.593768967997,-53.5044852705283,326.052341935399,-109.685208914975,66.8452074865012,177.197715236617,11.4905249752316,172.713955006678,277.642801106008,380.951073197557,-17.5177866814918,-12.7238980912048,68.4617115380715,-211.183536777145,45.1047138378883,175.573802249888,-67.5082802074576,-219.969077093705,-11.6163967401668,-342.678272680979,-99.0916116071959,-65.0768531246673,-14.7208883995327,-225.143224836405,-76.1388355758506
-206.049216838337,-241.201127568437,104.882488248532,-206.798074778245,-200.070169207118,-173.71016132921,-178.699424336584,-199.874942507598,-196.014771353394,-199.40597144563,-201.010657112253,-165.484601002445,-217.163987399884,-233.915438604836,-202.250574801891,-386.355955025049,-153.545545339913,-260.556837322748,-469.754613398728,-232.139510561615,-322.968973492877,-163.094283660565,-349.490378919219,-360.768336422455,-324.772400612809,-457.763783661151,-126.698501838843,-455.935995630863,-341.624601393327,-226.714112392038,-418.986510535336,-59.1075821536338,-79.1034900314022,-171.204094303688,-417.346788380222,-234.961083330371,-37.1472104582302,-46.2593442963124,-282.746204702312,-369.537830172691,-156.61955699116,136.317932413283,-239.590110597999,-24.1965501614658,-176.129732682281,-96.3170283970701,259.878570591221,204.76940517907,324.84730786432,163.983184184062,-55.5781983242716,153.581712323566,-233.370234994455,39.5640549055815,263.606848536061,98.9667187099268,-158.990461796792,176.515426116337,-285.558843211842,-49.0990680671603,84.2895358560349,30.4324399777275,-131.797591621316,-84.4328537956069
-218.630472626963,-251.903933658056,-369.991791085359,-212.952048802276,-201.115955195712,-179.727376559651,-195.911802256217,-203.608415129831,-195.361550814636,-198.325010125482,-205.868449934282,-158.784243941361,-214.322693240461,-245.992484123623,-192.344151234702,-363.45657060891,-160.508937153513,-245.756356675395,-456.831870279106,-224.441346194242,-286.686489719701,-179.531111220983,-318.748239467559,-348.312936477325,-316.422587955999,-423.623586073,-177.371999428675,-407.117372669586,-298.152427649133,-216.51433909365,-401.300932716456,-39.9324378998253,-176.644461254051,-157.744746288222,-431.749073389154,-242.284239577638,-157.35924987646,-260.997775313954,-297.372182941736,-403.200053700683,-266.074544096052,-116.741031931461,-290.270689571431,-97.9756178652307,-312.814225327283,-187.077210102995,173.052028843832,97.5114009945056,101.015117969393,246.353087296555,-77.391365383937,154.640488112121,-177.748903341055,22.3494960828481,268.343786358916,272.668237476423,-41.7467820802861,346.223202472058,-108.101173740525,45.9343726573354,279.593160739686,175.749169230526,52.3825299674561,71.1030544718233
-176.577185448537,-216.993414737937,-827.111551314688,-176.052634336157,-162.554885640878,-134.550932739515,-162.548454444768,-162.848914172582,-147.140279640518,-152.441881041627,-164.149047307502,-113.541996797338,-157.181338268598,-205.638492944425,-138.942009738944,-279.159923215689,-122.148278178171,-169.662706878434,-357.630418293251,-149.928666594297,-163.465245529162,-142.678391309678,-189.792591456279,-197.534145718679,-203.281843333566,-240.886760170797,-174.4793370143,-205.248092939331,-97.8696333852977,-127.589078616974,-123.073636869609,87.7077000990812,-124.393998866901,-48.2269897459332,-197.465009240399,-66.5276218863354,-140.695078357727,-299.415717026875,-145.045581773705,-196.159010782796,-220.254029239592,-221.640670076209,-144.236586947296,-79.2484779987122,-230.160993089762,-143.16317209026,-27.2526197081003,90.877398782692,-149.108155125816,167.328063397907,-41.9516685683335,65.289160090964,-64.9893587769196,8.68105229175722,202.788819344909,413.806969571175,53.272481281014,429.731555414828,81.6860114498218,131.207343175582,397.162457960051,315.372310683528,266.270943021095,219.729635720628
-83.4453330598706,-143.593514638673,-866.417784064748,-104.044776951359,-102.894544158858,-45.5660875998123,-83.9521107110627,-88.7571965121361,-66.3709248295762,-80.4376754305954,-101.036562511295,-33.9877192605734,-66.0935662895143,-125.748417640594,-54.2984022440238,-168.631556213849,-59.639785568628,-65.6115187133442,-225.083829239049,-56.1975621955068,-32.2610486588619,-86.3862653734641,-49.6431281590034,-16.90806734964,-82.810563056917,-21.8471324476908,-161.884817173163,-9.06849829878165,171.707223612342,-76.866771352807,213.056927050946,286.957043834044,28.9600852424807,42.4984799974401,91.1489409690327,191.194841728615,-6.57828765871146,-221.427667493427,30.5045818892166,109.050444421026,-39.9069889775979,-138.91042119891,99.1180704659712,40.4407792106473,-97.0776953881174,-56.0873356427736,-187.061951405833,105.3026974101,-280.867243262982,-1.28330870125934,-24.4250072364788,-61.1626282686587,-3.15439034500897,-32.7417711205298,113.499441935063,414.912443916828,45.7668521006159,378.049583367826,159.653340070261,154.040528841162,367.590622716501,277.354940204756,403.75310315935,184.02869651598
21.4349305564718,-62.33540327972,-526.458200676674,-26.2704084761246,-45.5725598612655,49.8305315669638,1.7435838064244,-16.0010041591236,15.3039898645455,-13.94368561323,-47.4699547081199,46.6970079856585,12.7043932291172,-43.2641837322346,24.795489637533,-76.8940890975425,-10.2039603732544,12.3161088369635,-126.468581753636,-7.2761194887509,27.7770994452071,-66.6655125671418,-7.20741073385049,63.007552057707,-84.5409912593372,56.2497003000102,-203.601556478083,-43.5774278643542,313.756128012197,-190.425021307992,295.56468195928,418.404627035068,134.498635570137,10.8045983562104,144.686408821513,340.44430468913,54.7666312431161,-165.701979714497,72.1922331873392,269.393575643821,100.405155589896,-57.1702692638246,238.587444708915,159.023843423005,-69.0010681277731,-43.3022822431194,-208.206205309238,33.6731399937427,-240.589715204437,-97.3393105738954,-70.103817079921,-129.960380687663,-29.2533724895043,-91.7238690599604,61.7793972693995,221.152605032876,-26.6562329110332,208.368759553508,138.973721205178,146.101376169825,234.224135798531,-2.19816220818185,415.430885019793,-27.8763820686447
88.1082435852401,-14.1590062483616,-185.326034051952,17.2745153981595,-17.4349528610627,108.635816991869,48.2323123997962,16.2899406973219,63.5578294955786,17.803306978855,-29.6820529818532,88.2602558622942,43.052204948475,-2.26384975319961,58.9553385590062,-37.9407993981271,4.47497174583686,29.4257715971194,-105.312638752003,-20.6450695921121,1.93922334530441,-92.5684795729374,-75.8508940830387,10.2686779379745,-203.94051702089,-66.3360980162273,-286.676978357668,-303.979237186264,222.974098477272,-410.631612709753,71.1898343101173,380.426638803678,109.238933006006,-111.991527641411,-61.3099768267003,312.11654864085,-43.299798529395,-197.502577621375,-17.5233212769612,218.377479712875,114.551269948862,-115.478431417486,208.85219447333,169.089697117711,-169.659623158675,-74.9172065917313,-159.485268752292,-75.6430783904198,-132.391156221758,-111.344009219352,-121.384098698997,-130.45664986308,-73.5965389096662,-106.208403210071,50.6281446898945,-76.8172578908395,-58.5903584795094,-23.763439803886,102.18974726529,147.672637762531,55.6584076648205,-413.053261771664,350.884455969633,-277.073495685827
93.0431089490048,-16.7732041768448,-49.7045738054258,11.5308466303488,-33.8185086814623,113.542533728376,41.2630664985181,-0.878486617176673,61.6734911841644,5.16839455190726,-51.9292707708168,84.149125207136,26.3834050851305,-16.1701468586326,47.8794343824187,-48.256406401612,-3.4219815678329,6.27983373514936,-144.665527480598,-50.7115342126111,-53.2765465815842,-113.357080189191,-151.083832779448,-86.4247536891334,-294.941113309382,-228.709233020855,-339.295889568096,-505.346058222082,41.4400866289684,-563.918364331772,-170.691872689788,265.079515003549,28.8295650307967,-229.446797937173,-302.888555107052,249.664756129092,-111.714536184338,-255.328690061966,-134.726836602098,112.225450420528,127.600450116728,-200.217184206417,135.428469086062,98.7582053534505,-314.944014393203,-82.83133836582,-165.629071176529,-138.706548953919,-100.974196474419,-181.7575398251,-126.039372700879,-148.193249377884,-75.2898736973676,-72.7364306498351,20.8829930165917,-317.67510279866,-19.4223687300536,-253.453987113327,85.9039622732127,135.713782446133,-134.502547293033,-772.537157736493,275.852831364987,-459.928107439101
70.200011005538,-36.1207152106559,11.4526134329141,-9.8590033439536,-63.9414781315294,91.8954877731983,18.9862317821498,-29.2831274480201,34.4394301513114,-21.9871841720716,-78.079040318074,64.7928836819367,-0.216057279001173,-42.9044083895535,32.7126217941787,-62.4922109913975,-6.20203880119232,-4.19634252854062,-175.180220016318,-45.8068181563445,-69.9254262277533,-82.8986244278726,-135.510491525758,-117.888144505424,-251.059891286609,-236.98227408061,-312.088464198267,-445.565300855935,-10.0073389371957,-563.015723716173,-184.832033003567,260.240216268558,26.3055088105364,-274.638940372713,-405.431768021823,290.776821623276,62.7277658735382,-244.564562948739,-197.38241737381,97.6224099779404,278.039158136378,-131.204688190085,146.270189882185,70.3201375266699,-396.115385689781,-73.080695751748,-222.749589691419,-152.824034476193,-138.961398948508,-305.067249743551,-87.487400938132,-184.408825495282,-21.9398269299272,-33.3623649423491,-20.3557350673209,-412.757826704884,48.7649358440702,-396.557793874272,106.795040138512,97.514222403109,-259.267542933437,-963.630798132623,202.180096819635,-564.730207893444
69.5551378147341,-32.1439764172679,137.674237975946,-11.2169400961009,-67.7807778524283,71.56923971001,11.6830741908076,-37.4970275622982,13.7464772112139,-31.1405013742281,-79.1098845009221,42.5918284880205,-13.1178926020821,-45.2998568852223,24.8550674824599,-62.8704780407299,-17.023767658857,-3.66919570047205,-174.286061236323,-25.7671459726479,-57.0302082335051,-38.9342816979656,-67.9141857882989,-92.0558283404263,-141.020125304904,-124.935964991616,-230.525390874935,-256.546324513348,59.8769719649316,-447.476854012702,-82.0000033216247,332.694455671776,73.8188500279871,-228.133134171049,-354.755415155448,325.444886846452,318.894581702519,-208.275210170724,-176.975138241097,130.18503328466,445.087107264832,10.8885413768834,192.745993394649,89.9843265847639,-392.488166773743,-75.7314750841685,-232.318773618804,-141.699375255026,-125.40435604962,-326.350116768617,-24.9981074647341,-126.730282999775,65.2002131020458,8.45443733695479,16.5217369661745,-386.726108115696,105.898326358325,-394.500752446525,152.943540404966,72.7388118086017,-228.988073585349,-952.971931241884,107.87841543478,-571.251729126306
98.9828233791869,-3.02909824266925,265.32700191543,5.24294279284085,-49.9374553369863,45.5521744396431,8.08136436854296,-36.0261619918525,-2.08188924866698,-29.2860310948133,-68.7444589067605,5.02435973201121,-26.2400288273167,-39.305538551046,-9.51157947837927,-83.7370446379536,-74.3337881467246,-42.9622058879319,-188.919936116023,-52.8848843284794,-78.1347058481205,-67.9838106835772,-62.3274753968842,-101.176977005662,-115.970386815692,-68.6127736039915,-190.336155462025,-163.018695580957,68.8007895471333,-316.742849318116,-77.1508681099667,250.682951494278,2.95858853192781,-144.386439966142,-224.278290117745,189.839711054472,285.108205265668,-292.310071666525,-109.131022589002,107.101997442695,380.517077703065,-34.3124545606631,158.551933344911,22.5476959042194,-373.795507020147,-70.8925385444334,-141.08241583579,-99.0212125486077,-6.43507325715924,-181.344724836067,41.0926051664938,67.8580499127243,128.495906666029,72.0624977271496,161.745657418094,-280.948368366044,132.367644697567,-268.12358867421,149.602338213064,100.532872340198,-53.830813844716,-739.551489452337,17.7114164469881,-408.182846388868
138.004754301107,41.3768163449086,308.276175013687,26.4856447529441,-25.1915340580487,15.55821785164,8.52151062266167,-30.2128876616003,-20.81675501532,-28.0790795042973,-54.588617640476,-34.4827382329301,-43.5915383831187,-38.5383944473781,-67.5945674053666,-126.84635470262,-162.363809765559,-112.578211350818,-223.275516704018,-125.251824347265,-133.549774580951,-176.345568056283,-134.41255699834,-154.56961341471,-209.019898666702,-105.226358675692,-254.853688168527,-177.100940954415,-23.1248052895546,-250.300578074987,-145.038775905422,-15.8197149385751,-209.054634309949,-116.813192644904,-93.9142755968146,-36.1401358443131,-50.6145382171871,-474.084928479662,-59.5862469251073,59.8015432623487,84.3182492421329,-304.84506655338,64.8999721272639,-187.765267289446,-354.69945271806,-15.0470339673503,27.6651898795652,-24.2002363115949,147.791455033812,55.4385566585072,81.8381103292474,289.285679776971,119.859324730878,131.445213330281,307.216883812673,-97.4352685134293,122.990262454889,-93.4404623002655,61.4309528217043,169.740021921481,145.642649307245,-387.016820943149,7.50434035429446,-108.152733276866
185.187698358977,111.597956990841,325.553052630991,66.3647778785347,34.5495099767125,22.6121842963626,43.5536436701724,13.1101182816246,-13.3159604355684,2.65584338664385,-2.22573213634876,-32.8744425111176,-24.4043178259308,-3.6414509530913,-85.4488791054482,-122.916033476152,-204.467771603677,-127.018836683668,-196.768007611482,-158.77490020233,-136.637279779715,-266.015608310927,-169.475351847015,-149.496544770173,-293.825492901545,-102.384386350962,-350.427304987115,-147.785598601496,-68.3323417685164,-210.83323742079,-110.60124478652,-213.826701399139,-355.447193525198,-144.06146365945,46.880877945398,-141.845347549842,-315.002036779667,-495.089778393675,-12.7697137425466,100.286338188607,-179.132639421914,-530.447028373849,37.2907864631069,-410.52428198677,-248.456913220911,95.6080485027793,219.987481642764,52.6113698604706,230.483129055692,294.428450835689,79.471470709853,392.512943521243,66.2292444158969,126.381856453214,296.115447931759,143.387788353777,93.1234715612619,69.679603676387,-24.6423446637647,222.551153132566,256.159952921094,-34.6917552456652,88.857776446747,153.904632783521
254.900240931536,215.645885997086,409.476555457928,146.646633690419,153.441714640266,90.6327909718583,125.872112984597,116.933117285524,53.3195525509493,92.3241412639805,111.610443308847,30.2456370700648,60.4843103467357,100.717799668683,-24.2330435001644,-24.8470123173676,-148.645653047065,-41.4371438315322,-58.9842554097608,-94.6539264887548,-30.5289742648725,-261.412708304134,-81.8025004763428,-25.6070121723056,-258.769013132699,28.1788365411009,-363.071467620879,8.17323300268287,31.6882891437612,-100.347548959392,92.6708728580792,-169.393605722049,-285.006399323084,-136.440632845969,253.929237838703,-37.6064714023859,-297.301081295345,-191.50368808937,102.550887714643,253.350963765559,-214.583135087533,-482.882732187301,133.333667399148,-478.336629793837,-10.8792286029688,228.497911055731,401.796923830151,121.760509839965,222.98125898028,486.352085813261,64.8238549471343,338.712974798275,41.6248875513474,57.2618583400769,98.209186435839,355.703074786064,73.5143490380021,182.955387572223,-14.661786669764,221.187249846011,262.550730050179,197.933270921252,179.265872378781,260.010579776671
326.390481733595,317.050576582885,538.390369634628,240.204807703631,275.58929034679,174.470243146382,218.193955578416,237.150292416364,147.289724115769,199.284448866767,239.465439964129,116.738197265706,164.028491529586,229.219143694477,70.2255802054151,111.10293037794,-39.5364861545533,78.2757138419461,114.75784308001,16.6596135085902,119.244175441048,-193.815888984761,64.4573968853643,136.386906974831,-144.170780308509,211.040723562574,-307.973863969673,215.108385997356,208.120658528961,61.4940917011669,365.689508698646,26.3005589248668,-100.34632881416,-79.7368205487166,456.983427614744,212.31031937392,-147.360018627012,256.086485267832,249.038086470014,419.313215500976,-86.8649607813233,-229.462537772254,287.485065093343,-371.138378805684,254.136269508306,340.24959197514,559.398751299949,209.53475976141,220.11662777838,592.316414372333,88.4583160577518,209.21422792648,68.7048470717403,2.21241531856949,-130.517270961395,429.202853298546,71.1125394729875,184.492328832987,52.9554251333634,184.574279605454,208.033412519969,264.979606803152,205.820404095683,226.063416747453
346.79632959186,359.833203765653,626.771263761341,286.958322049407,321.944706251735,210.635340651768,264.420772803789,301.455496744179,200.038865612214,252.288105066568,309.357263271219,165.862247101314,215.954283464562,299.617071094756,128.991632161432,195.272596064182,27.3462216311677,140.356154270499,209.45422637231,85.0273482675372,204.423337720405,-131.786440436174,157.664809370825,224.030137006151,-54.4661439775641,328.078631573257,-270.955137684424,352.593833831668,344.322952238245,155.251749346435,565.036011100121,206.663275102445,36.1159743966883,-48.2394712533548,516.980411748953,468.568643330715,-45.2336098577832,560.458175379267,308.151702801262,502.373254928006,3.09170700631665,22.6347097785856,399.270794034549,-208.804448164605,393.566383066157,390.895213184105,667.636152956212,312.571102585808,296.8180094556,591.957693267411,144.234370473619,127.514068964405,99.395343052328,16.3181399183355,-195.520458300971,368.779208636766,58.4037117363422,92.7852215113253,67.9975742679202,135.595245499083,143.508434995321,221.829453139283,147.090061532182,116.169257238397
304.908878424495,337.238006927598,610.512440024918,275.574363634891,303.306115343522,196.147937925627,254.443471496285,298.382787891009,198.910539534023,249.53899048403,315.602254019029,169.133933022688,215.97024253422,302.433847996934,149.189579639216,222.301547904991,29.4670600476272,146.108350415124,216.447325371152,105.642180707193,217.733592654783,-82.2151721620389,197.540148373849,239.58848685495,-5.52634509434453,370.887948374666,-240.524406445441,393.081597342143,402.038998789162,149.343098831354,628.595469680167,298.18644097477,112.364322069815,-59.1696374455686,446.21807317817,598.894955036771,-18.692206239661,642.075125981328,273.741843045863,521.817865757609,-54.7796659175456,146.455527881584,428.288061151046,-94.3938677054874,360.215459211238,385.32348805624,709.669637381739,378.197072871032,401.567599686834,538.331140106551,183.211783885999,170.187115741701,102.722128231536,78.2307889241882,-45.839091837035,361.792308999742,31.2224153421223,103.743926900834,9.3067062654125,74.9622759482581,117.59602710738,243.142139657618,8.50736418837463,23.0156462886232
238.541645121821,282.718992142558,413.764986959114,237.169161864149,277.694529317686,165.522117785642,218.501754562108,265.210995433443,181.691380380095,233.918553283649,297.086011920122,163.514355881509,203.815217969079,285.934030549577,165.545368123474,241.676650237422,26.9553041375029,155.763369623586,204.614750160076,134.037693042976,223.167000825433,-13.705022928393,243.559498596525,245.680433623866,54.4055630557273,384.112503188923,-146.775895729471,373.961059646253,384.694021928844,123.916596702573,560.953989590775,276.839655594295,151.218790882149,-52.2331582751102,356.350842571191,549.116605813661,-67.155423321891,536.465791351369,238.838950108621,507.324611366105,-204.525194087567,74.8541302112339,361.137466280794,-61.2303080634309,189.630728712432,366.263292952484,671.533496916068,360.82963850188,432.39503604554,511.2591138506,184.401590588654,296.915042632822,104.390792552745,129.759449932152,185.290043127425,547.988255850192,26.5436593577668,338.811566546227,-41.9315747362088,11.7472560927874,125.919238293046,442.518279026813,-158.865323987077,26.8766626970362
157.386505464216,202.951529551472,-4.08236746092351,170.572003741495,232.280204652287,119.162073893938,158.768652069131,200.014383837426,152.14875425679,193.859929251861,247.662535119389,151.069437862551,171.515665585949,245.419409031991,165.455341688202,244.891488608981,40.4812218355497,164.875827578088,183.715565540753,162.779116266787,215.887634802919,53.9892212619098,270.398431317759,225.117863241304,115.668187291283,338.817932462826,-17.4079166608273,291.591796498125,262.717230939615,114.181652075427,349.837536252965,103.242226132904,87.9600120063586,-9.42920494690346,234.8264424791,333.918338345727,-207.353009385097,247.065086146362,207.842927599112,366.918702316925,-353.887320995161,-193.988333303955,130.904898979042,-145.346679275364,-101.039483068875,323.802271485671,485.877248489821,247.141756399324,338.561169478465,485.672151105282,140.22724375795,368.09665828114,114.415827331421,108.133170142048,292.665357318568,772.773160474204,44.9255031269977,587.672912507934,-34.3493914940045,-52.5577952059593,97.0168158132633,651.629876217851,-274.940159788607,70.2181749071517
40.7003591086139,83.2801530356613,-471.272819328922,58.1286533306884,119.271594380289,40.7551966576499,59.0506077586324,79.1230350419518,84.8789871380098,93.4335217528621,136.933007712976,103.517821854403,91.4786858166845,141.967646657976,119.917416629844,191.571214540824,31.0809897635217,125.807728890246,116.781595160759,142.576719574884,148.411681942633,76.2554009878932,218.407038422615,128.92440478948,124.765856733487,202.566593172757,59.8043169730845,143.989364378614,36.6267993493902,80.5941484463324,28.5795458304415,-212.786093996153,-89.5842325454057,18.7396749801662,18.7509813827297,5.14319443945479,-405.098527548883,-113.223108633924,108.707651566729,42.8037896050574,-492.290462745022,-485.235398153369,-281.954790792908,-352.868477852504,-475.528102495213,186.864722829893,84.3481111493776,34.7942303355785,94.157154271839,315.454660323867,23.8237488617669,254.642585815181,89.8605629804021,-22.9138536844678,169.130449134788,746.193691064655,23.1070272962034,531.781764199555,-9.79117784253048,-140.611733830462,-27.1259180074792,565.608533758122,-314.882662335015,-16.4446912172558
-91.0636583668656,-54.4010786344754,-677.040376154842,-70.1747375990282,-34.8382885204207,-47.9539690236121,-54.2382626685819,-59.7785198264229,-0.715627231737598,-30.32808052261,-4.78484602092999,37.7409337641012,-4.95366114925399,9.62346710325706,59.2297188682509,114.894737910655,2.54484624093451,63.3567655722102,33.3650324832048,98.1175701032923,57.3052071836653,78.761185625634,129.565009489239,6.50176935508607,104.591202120303,54.311149755022,92.4698473172871,18.9711800808382,-183.961086974262,31.5201476970352,-237.648702696372,-531.462271350888,-272.235335120578,11.3443224786455,-197.041017706918,-329.168160566176,-582.454914883433,-334.976376704915,-40.9857098330426,-314.634493491381,-630.902539078256,-612.302108504542,-694.876621870943,-573.872856406066,-857.690547113627,-51.8723407218988,-468.869616396721,-239.487577531406,-301.875041312271,-117.809201367801,-145.698300423247,-66.9179162096723,14.4289943052539,-204.573577753875,-118.434509128954,384.765827202301,-58.7979439191305,140.108785728566,-16.1347336699419,-228.265419742405,-214.621549102829,126.762077694359,-304.997298529099,-291.162645861164
-181.391910753766,-153.808338295538,-542.778576758904,-157.42354816888,-150.735265230565,-104.295299583914,-128.25109618506,-147.644588760614,-51.8104369530148,-101.487748622162,-105.558302970418,4.5205695633283,-57.6643770037597,-71.8470045963789,35.6397060806004,87.1632087876253,6.46865813430879,46.1896202200556,2.96117801880185,96.1443503578095,21.6612761782598,120.985705488165,94.3951334722462,-47.9223594021597,123.148994749113,-5.60829356314686,157.387976448982,0.358606978098376,-276.05363709134,31.1293584008867,-306.947598219462,-675.804767469154,-376.966806227583,18.2138308527408,-267.778980758615,-543.018086118656,-667.950830053834,-394.444787432071,-138.189807513923,-515.286002767701,-709.513724676361,-634.311345122143,-866.779803108225,-667.316058411019,-1200.65236001044,-277.383385861935,-921.003032326843,-446.227443619999,-677.459554164135,-667.172418193663,-262.033282652619,-445.99072015548,-53.3299120288224,-289.545742277096,-388.101939923566,-102.840514437251,-115.140433251184,-287.700514984226,-24.6293547320716,-224.127262119573,-341.258526169636,-365.72649079848,-249.635562422097,-578.149241940526
-206.454355223794,-185.206060618209,-323.149199537031,-183.16632682646,-191.945733886289,-111.908335303215,-144.102867422759,-167.786702171436,-55.1220253840605,-106.009807844368,-136.880323976225,12.9493651610775,-56.7733720585077,-83.9638268625953,49.3497410794112,108.182817922413,48.297078893688,70.2661583705547,20.6758118246444,130.371643025026,34.6089923528468,190.995346753055,110.718129508961,-34.4370293686745,172.571929788268,8.22181251847593,261.014069996124,50.3179469225502,-252.221010148397,95.4567112879145,-249.986780200048,-624.899200435443,-399.180166765694,95.6540827007747,-206.469663616697,-609.901870376065,-632.768997277381,-418.987548093172,-121.297574422757,-545.313969346112,-665.427283125772,-680.83192767931,-787.365372898739,-618.81800092549,-1402.83981241858,-375.555930712565,-984.021352604086,-466.995117990189,-746.750845872839,-901.999103676499,-242.245365366868,-602.952987558857,-62.5133077868703,-200.648876853144,-474.975257857059,-406.920532797536,-76.4784712356351,-437.390322942817,7.26926932291708,-105.526048553184,-308.637549102044,-549.7142168753,-160.043323278681,-636.658246379767
-200.915577083294,-182.645016793823,-250.669189633432,-181.573309876289,-192.087488867134,-103.118595498999,-138.099597446457,-162.724153830172,-54.4092687089929,-98.3892759076704,-136.608556593434,15.0989651606467,-50.6198381988169,-82.3351076834671,43.2060400505339,104.634732465349,61.3655318909229,54.4111205653778,6.9521053295679,121.581120934707,7.92022968972092,208.142420251401,83.8372734867671,-54.8780981056757,166.433909253463,-14.9772939605997,325.640134789833,50.1926707114688,-253.29892011143,153.336561412427,-266.284171222161,-544.062947942452,-357.884708330673,227.457075460424,-151.428359828865,-644.821860343656,-538.468174791009,-405.008829941689,-32.648662298565,-529.515011532537,-573.185229073082,-682.292193873716,-666.577771549412,-531.824626803083,-1269.98336297065,-366.028808455426,-679.361164954507,-382.235985427502,-535.893147628149,-607.260819845261,-147.108802563974,-435.5099957426,-41.9728691978067,-59.1422764299504,-382.664959620097,-392.445515150135,-7.61836886152243,-292.35919676496,44.0393353597772,3.31031063773996,-182.373591152892,-345.914968366588,-105.343461758023,-432.471051644928
-208.424556227546,-189.621845943177,-270.0588837673,-192.648633109558,-192.986688012002,-121.964536974883,-152.930605097168,-171.315037158558,-87.7916111147735,-119.020888785648,-145.717940098803,-27.515924644619,-81.2690754198041,-112.923125032863,-30.0240109354734,38.4100055514423,-2.83031266550563,-47.1361337287682,-75.4107507335355,24.3475976658745,-106.476510861934,127.411934533038,-43.8080461048653,-181.988181993192,53.1717743972202,-148.725380254753,296.829629585523,-76.8467973208074,-370.047958587659,124.195094062484,-439.687342515926,-561.237156374033,-279.497199422825,336.583011094141,-208.508900650903,-748.230282129814,-476.597117673398,-249.612302853697,24.7070691082211,-566.601641746617,-564.131656601836,-516.473978298663,-640.79413272958,-469.355425956304,-774.401145898943,-329.188489274917,-358.080352874918,-358.675887786877,-404.528489641381,-126.368598318522,-96.4681869082735,-178.143002041616,-34.956455917456,-40.4379970085913,-262.548548949763,-198.493461447594,-4.17965188852522,-81.3363432122317,36.706500728646,-0.947798874677423,-94.3954460746184,21.2429371759638,-124.021065597705,-143.624564024492
-225.57420046292,-195.045832873393,-224.666280764998,-208.630726818616,-192.071700913524,-159.075261803844,-181.384917082727,-184.6422162573,-135.793858759563,-148.850735905076,-159.600451597587,-92.0543015801002,-134.005022653993,-157.147424640912,-138.128157734586,-42.8506590795305,-98.8696664317291,-175.592846500776,-165.877027140666,-106.785137440594,-248.61459033768,5.5989836300806,-208.14562143286,-355.677258656839,-98.354227657562,-330.355540527655,221.085009482033,-268.393908916766,-511.650911200632,34.7715112052596,-638.90219760028,-585.223782873117,-172.956333889114,389.90631107855,-351.633183314171,-830.193557212736,-412.694248800537,27.6715873626605,6.72020941135841,-621.741019613365,-592.042226862461,-237.975498651429,-622.047398720925,-391.432307712557,-163.012195632601,-261.63485831341,-224.093791142863,-352.17047841397,-455.961035097605,116.243772808243,-86.8631260489702,-64.1634465173275,-27.0314761359307,-118.503385735432,-193.760652069235,-44.2594014121818,-33.0080501667439,31.4988827785675,15.4966860394,-45.861959531559,-46.7252919910208,275.640865226557,-154.137723751002,80.721947788481
-224.482145222693,-176.826649221141,-124.169865100274,-203.591417917673,-178.406527155388,-171.439755038019,-194.482386816193,-182.14570472397,-161.736826168681,-160.476972263281,-165.112342039345,-132.722057427095,-168.353032263175,-179.924548523239,-209.78931155536,-81.4378285882225,-150.557283432545,-243.059655975433,-197.910881030245,-182.664012801558,-327.206548940575,-63.9694121679795,-297.264981868626,-456.00396587875,-163.717757576261,-428.895258536152,194.430265464136,-373.878018799166,-535.513688571637,-8.72940714706289,-695.98269969795,-470.637343024509,-26.8334088804316,423.473598949921,-475.52713268565,-746.332580437335,-224.639504185629,286.787412716651,-32.3931910873575,-600.530373362809,-476.450857642013,22.9489438259864,-476.124327432166,-257.720852944896,316.414615639839,-122.774245368013,-135.207957822093,-185.774316435638,-414.731359744752,111.412463355895,-19.958596109508,-59.4203303969832,3.05091663333823,-118.805601197397,-130.355619845532,-19.8195497037782,1.61645482989674,50.7935041081901,17.8361489264837,-28.2132190413672,15.7918867513747,284.491575765632,-141.56320684289,206.692189902002
-197.60143922734,-147.125713509423,-54.0373574739054,-178.843611788502,-163.055290762133,-145.818599300337,-182.081432192569,-165.709857862382,-158.448669263417,-153.561969477449,-163.879402068437,-132.144164106334,-167.824812143666,-174.719280857054,-218.088808755673,-64.9425306432421,-139.289198623852,-227.037224086833,-171.708866685118,-172.097568806509,-314.422746071617,-44.9927715904208,-270.522717018332,-438.402635548076,-100.550401828505,-393.337946109813,253.715123414427,-330.773769819733,-442.495259176719,31.607528677485,-617.376187921855,-259.858967314625,149.676409962785,449.560513970337,-528.205829481573,-556.751100711731,87.0788116263461,442.988256992764,-41.8808733337762,-514.686624870598,-191.957102103724,260.998899525293,-236.256221115182,-86.25349937158,603.690338902019,41.9981247693533,38.6226258366744,113.3264705519,-164.462790114353,63.4661882055217,105.559508963878,-48.0650822404941,35.6868404750378,-6.73418706710973,-64.6560620431364,-76.670070036974,83.1224158659396,21.9533378610411,21.4955701126457,5.92057359928087,47.0740692359936,113.124145024694,-120.309215702567,219.967181747758
-157.175642601888,-122.912615307457,15.4939116894512,-152.315241479391,-152.673435734639,-108.042082534013,-150.190346385728,-146.485898655069,-137.666071871117,-135.207268231709,-153.096032458441,-103.778140685346,-148.338738840094,-151.190335691557,-185.244564307445,-9.42268879139029,-97.9347310702397,-167.277447424654,-119.977586753635,-110.557145964978,-248.903285199762,31.3764427217356,-178.824107268224,-354.581999196574,17.2778679972748,-292.174737484671,348.183559355917,-227.410759154987,-345.336448865845,85.8916268405716,-534.914179391261,-119.82595256743,301.874855749579,423.448415053395,-530.772318762883,-460.670180360487,354.703287812684,513.967949006403,-49.1527982056607,-475.270024721495,73.2493288497397,526.586659440755,-60.7911915036836,89.9173722030789,725.864005337741,127.051805149822,197.747703168374,308.155106268871,74.710540132889,49.5957221345751,170.613149752979,-17.2866667259102,50.3775013540214,69.0525616867969,-44.6926419753916,-121.957204402733,101.252569164373,-24.2709274550801,18.3518159774705,-35.1745611942937,-6.17520286783239,-42.786649593054,-122.479106181016,134.012585252909
-97.2578487163551,-85.6108526297388,151.172088280114,-116.091400477576,-123.703690298732,-70.4581758826522,-100.830070517192,-115.816285412704,-98.1055494064397,-98.3366771763469,-115.203388894977,-56.2524263906339,-117.429333755412,-111.231922455769,-128.377107796499,73.0397842284406,-47.3103451805096,-99.893087807244,-49.7213368048111,-35.4972544526336,-172.133496986715,126.443176990797,-85.1608545648482,-262.993391547205,109.079040920266,-206.68359210403,424.34446225658,-156.410215857901,-294.495767614449,90.4554533178192,-495.630998523294,-99.041346493429,371.834938199813,343.332112341669,-497.764504300756,-494.382737527115,453.335515527475,539.928361023883,-83.1976061491762,-499.206243281454,182.638893398082,767.559528625863,-9.38322610322805,263.415678829765,736.712004639065,96.0003784478978,248.307935663097,274.390741073316,136.428381292201,61.0923126113201,126.537641526719,28.2538721952042,62.6574322865461,43.7484170165953,-34.5505291316513,-87.3013388652729,44.1795272880775,-33.551153269272,57.7520263675904,-105.013668239291,-50.0101383095659,-36.8852514983524,-83.7765948920911,76.9106086583976
10.6130619015792,7.70574256526515,313.700506810867,-29.3539268868749,-40.1505276254488,0.729866192765885,-17.6495064189952,-40.0663626967556,-21.3421009757566,-22.3845344729119,-29.9781352396807,25.8924667559303,-47.4382312673963,-38.1204097709218,-38.7575931318256,187.415548076523,31.3494125320686,-21.1962170557504,57.7636669502032,54.3533534502121,-83.7156138072758,231.210098455167,-1.44568589776404,-164.806643625868,175.28119868425,-138.572886882162,483.095382938062,-96.6693496191612,-232.125211925931,73.1281354781114,-408.259535869889,-75.7530631173994,367.664194272707,286.141754403917,-415.668471311076,-462.278604365321,445.99389698236,544.636364575366,-97.6696689743779,-451.79464009197,222.187374518964,895.603310140068,30.364374405122,446.63258499253,736.554176087898,21.7186140999381,267.744352510423,140.517322523487,116.005381510872,121.702682155788,78.7546854649638,113.41488531521,93.2268391919507,46.5690488564511,46.8331337562896,18.6012727947044,30.5532771258592,26.8865241351935,150.695307223158,-91.4714040290247,32.8576082337181,101.604009727209,60.2628241961463,177.302361669645
129.746783373563,128.871594052197,416.880762366424,88.0516118850383,68.4141245436904,101.586965000453,78.8323390599505,62.4083709968737,68.8464444028997,67.8908965956209,66.0185461716627,118.497346696257,45.6360145896399,50.4542521419856,53.7311239904036,299.66256973651,120.252571554029,52.4405931361516,164.594622851609,128.674166442235,-0.831395662072747,305.099136733234,54.7470380617199,-72.7396263333855,217.882443530376,-77.4061067845033,486.709665302045,-14.104391931591,-134.1230761332,72.7876331823095,-220.046040090166,17.4948363900026,318.744909258155,248.096398263526,-284.858715944198,-245.670122304557,425.183313155738,492.953294402152,-62.5814340360342,-254.885290023566,315.041144979248,894.025210272067,139.876611430394,613.842616199629,730.729831175137,-17.6359348770212,303.987695195174,77.1803416524435,133.972749776547,178.880132927332,122.792496110512,163.780150524788,124.961337045045,161.076579684895,140.35593571121,52.5576226347398,105.030646007005,66.6624827184082,197.310582682255,-23.877706612547,146.208576301365,190.966544702265,200.45409749419,318.554080272405
146.529864038737,162.204369041682,453.031290905587,123.246653735563,99.6427805264793,138.226539788391,101.243208226427,94.9873335667925,89.6626575066798,86.550684890844,82.4024287413209,133.261159176184,65.3134540888507,73.74308315853,60.876647714834,320.462961812784,126.686939707277,50.5302766762543,173.37729606521,99.4982362281637,2.56948080709328,254.19051598599,20.9101071994921,-58.5722036084218,168.682101868071,-71.9977361897206,320.518961037872,35.3012094534296,-74.4339068481372,42.4473973948069,-25.7709993543825,91.31094785192,212.43944027243,83.3579500084616,-136.3242087066,4.49427293101566,374.995130502847,302.360206730679,-39.6100566136979,-12.5898489307602,423.32630916319,793.634940424758,252.593039264866,697.280435128506,560.218489210465,-7.88783266806738,255.152813811522,82.3710201573099,142.419018817596,72.7440019317926,196.474826255675,44.902666306247,123.833307042335,256.079210026233,107.332798857491,-130.785024644263,156.659116095729,-29.310557179158,115.305831756839,-33.8319034574149,99.9770177912029,77.5217742729198,158.98043084458,252.457228167104
48.7504945483367,87.2230693929852,455.268800748614,49.1569783084843,41.3651480185676,71.9983067032875,31.2049084172494,39.1186405203929,25.000481968994,23.4927549796452,23.7085025263344,52.6187795845164,-8.42789311254885,18.4670887151194,-28.4997968783461,246.649792101235,27.1384302384927,-34.0193499280444,95.6626124397499,-33.1332152981712,-75.2805555710832,68.813393721007,-93.1612690182559,-120.655401260317,9.1521652952362,-130.130361132118,-28.6830002272785,9.76987972518558,-64.041392489963,-73.8185368184933,88.0985092008335,132.694748754876,100.008428444807,-273.642534330997,-15.0966564290199,154.984515169391,319.307099481125,23.9928250074342,-82.6486948307545,161.442657963973,490.438040168289,663.245256445526,330.343099205929,705.318230729416,182.256071213806,60.2288361485838,69.6620960837233,53.8145784860818,70.9687385337328,-204.251284850544,175.136243430785,-168.145573338511,96.7444263895556,184.234219622456,-1.1722547567381,-373.166674595037,109.639798403696,-150.449827661373,1.81446376224834,-109.704908084555,-28.6819440034951,-121.006779101722,-8.4881228284106,32.4118827796434
17.3877852041742,77.8178933897633,382.444120425048,37.4779453681761,62.558572389893,39.8261439267065,19.1796894302127,52.743537109736,15.0073766922967,30.2730965112187,54.614582548647,20.0642662846782,-13.7888037373645,36.8247446138111,-62.7234062596321,245.512276576556,-31.8458535185751,-55.4700179290373,119.777241928262,-105.861276593128,-68.762150704868,-91.6672056922306,-127.764195837555,-83.7447461062926,-121.908806002604,-109.280937299919,-383.372600916426,15.9860097593614,69.34461319486,-210.706908608213,238.754490086001,338.095232415095,170.037613640265,-686.253060386974,102.819051703939,369.464907546712,427.359538670769,-90.6600787281059,-130.648793282301,355.953251753234,637.377305904877,625.99447955235,491.114402019828,781.224557894257,-127.226738216639,230.740060278641,-95.1867637702987,23.9960037920611,42.449696487602,-354.966491067076,105.901288499538,-168.722789674693,128.90173200448,62.1752042640417,62.9505069711534,-274.988301053654,92.9718870088643,-8.51705528747704,65.2023850124049,-27.0164861476867,78.4884227642405,-63.4599889284773,-3.48203107176152,34.1688676834422
188.322397556386,267.153395995236,155.039590378547,224.747825420861,284.110436966091,173.005661540191,188.781367074287,256.616911326865,177.192680229785,222.263569474523,280.429232110369,155.791264408908,177.964828007295,248.638123192039,80.9874354498913,443.387484792875,67.8693686695145,110.67686745491,367.977898560911,6.06713885363979,157.205817814137,-85.4939371671512,45.2877733722843,200.082819742415,-82.2424226874744,142.03929535544,-582.281783109607,201.992631263799,486.634410554588,-220.705795595829,631.846254879706,827.519904656495,517.915591133594,-1007.63732455463,367.758985158442,847.347670775308,801.41568362676,98.7856398125516,-55.2336620879406,763.456484705799,1011.17137583772,760.679449820856,834.971947485879,1045.13239239898,-87.8845131877184,491.675837527452,1.0642448316012,156.130709522867,265.514430477648,-78.483452459991,190.121370973557,198.20602195731,298.403324495531,158.814855913436,399.772465926407,263.355891846486,288.615772191865,452.249525562042,375.486677904999,375.527451965329,513.855426649811,371.874864075842,345.605043217413,420.299941264287
437.763618716788,532.438975246606,-156.003113500381,488.30887847892,568.984589494111,388.04223764108,433.89291336725,527.588314211515,413.854822252256,487.373220118999,565.536193584048,368.41226007187,449.773934390247,534.342461352239,309.80557215683,727.56870705009,235.995037712448,372.571628224114,703.528508738228,218.057990089345,492.229286234555,37.9895721074453,338.356375364596,611.211235471099,108.095234828915,556.975085980432,-581.607582387223,551.315600825281,1061.1831609013,11.8237560729531,1231.80703773527,1387.85757537126,941.445748818275,-1132.35963103396,878.082051921667,1448.59095219275,1271.08574632418,381.863399470352,213.238997475969,1348.22568797429,1539.13506207996,987.515155209574,1263.75043125243,1437.50873440352,232.598121242708,721.60398423793,409.071801517845,463.497310954172,708.013433523273,522.658081890803,454.680232911067,698.933478965692,529.929548640997,493.950572151281,789.033666059897,839.416548887294,634.868366942021,904.821088792383,742.709729389161,907.776426954259,963.078390481975,871.497691627547,829.172989571167,891.999042844683
577.928761862812,683.240277233808,-288.590293884095,640.442755536408,725.641887864943,528.451697970231,584.07883413262,684.650661467558,565.618341275014,656.352657448736,731.790609391196,508.00080415959,621.51563866767,711.616677412863,476.492287647323,926.399256857984,353.783635880334,567.909616507982,932.025694386964,399.781343306134,740.281655663623,185.159399643656,591.986339659834,910.733834744667,376.838927446609,929.336663990804,-317.320059293823,940.829762697654,1475.26927651042,525.094330702848,1738.17869092489,1706.67059745947,1173.33444234935,-878.283689896084,1475.98303349519,1853.28334905715,1550.23912717137,492.801511027463,619.835923742125,1809.00536136296,2006.67167478447,1138.32350963842,1616.59452460381,1803.64702142687,609.644140657498,816.263526165526,867.449222934393,734.603539600846,1069.68339780357,1010.8171545622,675.333895843062,986.609937134351,663.959679027145,785.49751357738,971.916305239326,1036.97718013181,862.857510977329,1043.03171509876,909.474774726787,1201.70639992537,1123.69705500553,1101.58393174402,1088.527214735,1133.38563400943
587.913356934486,695.016136833235,-111.512695829217,663.331716279519,740.257014263152,565.33906606377,614.623155233001,713.355318823829,610.717683621743,705.850070489657,769.702539196632,557.412479967082,673.981072982373,758.585952529489,564.941029889149,1013.67823488422,434.817793826005,666.596749184585,1016.77321915338,536.677515334897,850.871526572392,350.297709906745,761.151001048725,1012.99042930238,680.51995252705,1136.29306534768,204.721407481115,1279.79775437005,1543.76147020982,1174.93131900082,1907.75491321231,1681.67869227666,1133.94186815416,-222.071606943738,1866.05141768208,1918.55233838529,1475.47135067097,428.298767898275,979.474300190189,1924.85390721185,2229.47245265057,1077.77863057353,1832.93848858879,2005.96900983855,941.549178918069,779.340408416417,1039.5630143066,784.10244842507,1110.1174659564,1077.63406659106,686.802198211581,951.419084675879,640.943695810261,814.028909438968,907.890923623755,842.65244184936,813.633036330105,913.231054275672,794.341723341726,1119.30322063256,1032.78690867617,1096.67232126231,993.032243878247,1172.22799135372
519.485678722556,622.840355052993,143.340710468364,607.456552505615,670.214745007106,529.538236159522,562.439630294297,662.712374314201,585.235989108403,670.983449441096,724.722152064126,548.873455652537,652.648597797151,718.706900238367,598.166171995978,1012.80968453725,495.462103472601,692.851408682685,985.203796387994,626.434025571766,853.263335210296,503.918614257105,843.059385927966,957.625192055517,906.206283768785,1149.76031902144,733.313103327773,1451.55101092649,1307.27256244664,1618.44526640004,1739.30430597568,1362.77432109473,820.484555622214,492.319625008957,1907.35044580005,1674.74543106503,1019.62654399281,296.865359503393,1082.83759377151,1731.53841304896,2064.09329423768,695.941232463109,1858.69646390972,1903.93185163649,1138.52320945065,653.152480443369,869.218718740214,626.517537546357,869.996634325231,805.120407203182,540.115484368633,716.923799507847,506.618123701717,625.055678695316,691.332374948403,529.123032499257,566.764855937818,730.219503976253,503.498804826907,797.034408842263,844.550394563196,1061.50939029014,674.242756911836,1145.26383236276
383.905392037896,479.309215683738,201.186298375401,471.29070061182,523.053399800925,417.767042123631,427.791973387411,527.491782699126,483.760671657213,548.282941026762,586.54582803331,469.523384615186,552.379236157594,589.236632980055,550.112423100303,907.997892442789,481.763650076636,628.583079062643,836.586513978106,614.624924698394,748.949496570097,558.393191750229,805.541091640654,786.110370411413,929.661995799272,990.64594738589,989.692217294537,1353.2089475875,928.954350656229,1631.10810357789,1404.74063737147,862.297552950178,265.81642106153,907.559954641347,1715.20885579646,1225.1028523693,307.66970917763,126.852007772076,899.177016455243,1357.36156308825,1487.60424010914,-14.4504887614464,1603.3056616414,1416.16463610477,1079.64043188875,466.862242692458,570.42240007623,391.686578610185,556.467854162675,470.101237406577,352.20032921289,449.117098928119,327.529081060555,373.750840294155,415.3635792866,330.273756522773,293.716844760648,577.224666632044,207.701413239723,397.797730823752,565.735465755767,1029.95476773648,315.48893994381,1024.14338614278
206.214801156176,285.847641638968,111.601314013405,275.265646078729,320.217354900361,246.4347753896,241.128653229918,325.29916435977,319.41644424743,359.418043310149,375.115724735149,327.267488771747,382.90740882566,392.796919902924,422.141528828901,720.231524468526,381.769816746447,480.875357278925,610.036146404535,495.345924372947,561.267783595571,492.803085900296,656.630734662631,551.279022601651,775.768345500737,746.129767910795,951.412588752868,1052.94104206704,591.664801984235,1332.80355994988,1095.83837378497,389.923143035599,-300.954520084085,989.579526972732,1472.18424493155,759.789964874058,-352.41740429688,-70.7538741905394,601.086646621574,886.786729409545,686.152392287829,-750.64947064723,1067.08343041142,653.130653846171,793.275016543992,250.062093791809,301.525065380678,169.102928175065,299.505357700502,218.395471610245,177.619356144007,232.792700668504,165.613343705587,148.611347781482,153.704882548189,237.93629420696,95.0658890276055,394.277702495356,28.7680583084087,20.6207742457675,179.100377806455,881.059370657707,34.0097497352101,718.827345602654
34.1231654795906,92.4017952904934,68.0200040335162,84.6104066293617,114.638292342127,72.6261890162608,68.9669139569166,120.885862855017,147.334115021286,165.359947266005,161.682509126448,174.937716655022,197.276203844726,194.889788609681,268.821385782794,515.795125685735,251.483934756726,300.593460386147,380.669847774901,327.527789402916,343.425245004593,365.388468881214,444.656837191605,307.376156359468,543.936020887489,485.932340817936,756.118906912771,670.296322870307,366.630821730139,935.832734164275,833.167778577551,84.3273437883646,-613.165534641209,877.537440440806,1188.72220868863,407.721144277623,-743.920856748957,-269.786605911839,348.705051609102,379.567710550078,-143.991200212859,-1121.57863810168,359.802312999576,-175.583066508628,377.057648971561,27.5476352839277,36.3744379067047,-32.185745860249,78.4485398526097,4.33363477562882,25.5669443070265,59.7837191992149,54.3332651357254,-28.8203214880385,-50.5790807100475,84.5277183921095,-28.0217283282892,135.606605689941,-25.7076378853201,-243.330125485379,-189.079291410446,553.048224280246,-116.217972364287,265.420731604141
-121.611041377697,-81.9909148078318,74.7955416447658,-73.1074973637448,-70.8207339834663,-74.0414858309672,-74.3770261942104,-56.0642987174434,-3.87591130477903,-3.63128970619105,-20.4007396903336,38.7547608707081,29.4495317300225,25.5768868708007,120.662752891114,325.311219097354,116.199030201349,115.325100214701,178.163593931496,146.84055860659,118.458000801929,210.489748667627,195.323133342229,65.8581829997597,262.004965895744,196.470212449245,487.301990125749,210.766314089217,161.68989229304,480.287750298313,446.459074761508,-165.11099820899,-706.870522799491,656.514749334272,751.225302588997,79.626773192474,-973.636982553585,-478.362291630555,141.327771197056,-134.09512364597,-943.611399850162,-1175.03594428637,-386.578058152611,-978.786643452041,-126.699659867618,-178.568713641311,-249.548331810719,-211.881645031188,-141.303134811734,-215.402720676832,-102.740932174081,-96.5479250122267,-29.4994059742431,-154.613312468112,-198.883488948514,-176.027104295293,-116.025558829751,-150.830350332281,-37.1106329294687,-345.842728969394,-396.832928048914,137.274028552408,-145.008213136292,-161.369884285111
-255.621543304751,-227.290234880963,32.2150438180445,-196.999105576417,-217.587379330068,-193.240749704706,-201.573870251334,-200.19032947434,-128.754329387388,-135.949874493257,-163.524383924599,-82.558029990878,-103.915410302946,-107.058419542062,-16.1178863947615,161.25106732175,-24.5674054444279,-49.0574227711336,18.6166484068183,-22.8610140698276,-79.1645178766441,49.469049834413,-41.7135526504989,-145.473383616727,-23.5565723762975,-89.1683858754638,212.26344002782,-249.866391226043,-104.95109509947,14.3712595215699,-103.710493238645,-496.507360045475,-759.782503279444,404.592824080343,208.361553380866,-331.960822344228,-1168.91066575608,-650.542273457654,-75.6220556747096,-654.548394435449,-1573.840505101,-1185.3233326304,-1034.16587033752,-1696.51490267865,-528.056705577171,-321.333264636218,-457.359578932082,-329.602694069811,-305.844792877628,-367.675563881833,-205.476642898935,-215.652230296843,-126.785775351225,-234.357837824178,-292.28790956664,-395.239927289815,-197.3842971059,-365.783178229415,-83.9572607172349,-335.237661881175,-441.935457362163,-195.190504887065,-121.296288380482,-385.616322663375
-303.724030942401,-287.194256370043,-11.7245459919265,-242.863999189682,-266.696823629017,-244.539396973334,-259.706140619943,-261.457980578858,-181.026770205672,-184.520347532307,-218.019201341277,-147.220766029995,-155.387168316799,-155.351405914063,-85.7233564091968,89.5948870683471,-98.3537659308948,-111.325826833478,-25.8330475541532,-99.6979479386461,-152.695792393744,-27.3526686621424,-144.543308666226,-230.082610406915,-150.76589158555,-220.694573164955,73.8184902641114,-459.276252391229,-333.386302648149,-238.710014966649,-518.40620967493,-795.164242631619,-708.020551051744,250.990938816102,-187.565153437479,-685.399083341237,-1178.52393802134,-607.358926477124,-261.377918701667,-1087.76334828747,-1772.69840598942,-1039.90357264966,-1429.54184290429,-2032.32398674772,-528.810929709559,-343.668399322077,-487.458802057272,-341.957807372374,-341.95047837155,-376.68188579562,-264.364222791728,-255.19483473456,-217.720907724638,-265.357320252835,-292.241305954208,-451.165456184315,-254.716459618089,-437.60074804963,-161.738250918349,-288.652009175569,-393.728254035708,-332.687666328985,-110.138780603147,-382.664291828964
-226.01801155872,-227.053514589649,59.3581094293213,-182.18931323056,-200.514853516061,-188.191787542506,-198.962037191911,-207.031051504609,-127.656403561136,-130.301923099458,-163.0467402644,-111.420562638198,-99.653343780049,-98.8247872993071,-36.8960813995152,151.783780205479,-30.0402146790925,-32.15486762143,72.7106435770559,-34.4346739770843,-71.5729526928157,39.9401557646939,-70.2043686406413,-155.822187376691,-62.4408253932772,-146.29737112402,98.1282227395853,-352.932785554104,-376.341626805369,-241.837967302414,-562.910331053995,-832.290145486062,-413.344367172208,173.527497451544,-401.038564832862,-744.053953813855,-850.384713126527,-258.711138381071,-404.286045818221,-1284.46961753977,-1524.4096056951,-544.668866937544,-1528.32692797701,-1684.72739955097,-152.742344491658,-258.061373853158,-376.073795288202,-268.241798604976,-264.160333561022,-291.708133196415,-259.28364539016,-221.942719485393,-239.054300692602,-239.155870241589,-182.604213911122,-396.729842114005,-246.703923365615,-388.763902434389,-194.474948439327,-240.22269329173,-317.458672213082,-322.260738487453,-115.222919640813,-286.150874184757
-126.973285204694,-137.445996891662,192.165518369823,-106.386551345166,-126.90511786147,-102.108420236429,-110.691974006201,-131.312493795424,-57.2227430395279,-71.9050142404374,-105.31475856682,-46.797481211554,-29.8172334807993,-42.0315597740051,42.5957471375222,235.240518562662,83.1792257896435,57.7694848798018,173.207881336054,47.2939728560798,8.30222443192929,121.877132270392,8.64185313203439,-81.1109327567105,15.3050990650619,-66.9624479328407,55.7952307143112,-260.407350582301,-300.229165386687,-371.477356478275,-500.952886520049,-611.06207968012,-35.4225339836946,-55.6502815619767,-812.788592768482,-548.407318396617,-355.197230657399,175.547561345267,-675.740374195459,-1307.70658979977,-1129.34145037285,-7.21351732000187,-1495.34176002813,-932.18761586523,239.00997042288,-182.253782075593,-258.334162852308,-202.462917012633,-181.760181359687,-238.296741368094,-227.041856460486,-194.518971605097,-202.984640738793,-197.903132621455,-57.1704682008023,-372.184498976594,-192.225190097706,-347.678545160951,-154.337150068652,-203.200627781931,-302.977066254303,-330.347115930236,-106.062188586666,-272.494680802919
-132.017173609923,-142.673952630808,244.684124935268,-126.757789959423,-158.02966024746,-101.810460704849,-124.884332229345,-156.654117347684,-82.5285311557203,-115.805674026647,-157.008007159835,-65.7557816307636,-61.9853163904685,-97.7996698957373,16.4134170569736,194.987746826465,71.8214687894251,5.70357149925566,124.232893183281,-10.0482266185888,-68.1797670574087,54.8372388359177,-77.806192962025,-167.247845133866,-110.793295589159,-167.2403212713,-189.304531700786,-434.022473416135,-316.980029055145,-824.260233226474,-699.589523676816,-415.2536140673,156.687984761232,-457.658971108367,-1550.36928915503,-415.973345108016,28.5431094935541,381.113738510935,-1112.28565465098,-1326.01651254838,-785.084732278336,198.006388903961,-1463.5131580886,-433.044226416711,384.628243046223,-212.612728975913,-221.608971190409,-215.413205244932,-186.801472901717,-258.163224042776,-228.682404846507,-232.764601158147,-189.80708028542,-198.284621816639,-36.8665985266967,-420.485623513865,-150.498111496947,-399.596600708753,-105.483376733545,-161.636550614783,-373.931739530287,-438.242485223051,-54.8128335655565,-405.686592300771
-208.790346249302,-228.510506341411,197.695912692328,-213.474554966269,-254.987344779571,-168.340396301926,-214.826028509286,-256.758294418657,-173.743410988024,-219.330720343378,-271.282579546052,-153.577589419363,-166.058821862991,-220.563394230005,-98.0908586244952,60.0500106937343,-63.8312106171074,-141.651824532729,-24.1247572246229,-161.572971980394,-232.442693728978,-116.074551588891,-246.337957665494,-347.698301204932,-306.997403138524,-352.830703501769,-427.527485865127,-674.515323731992,-482.352674978458,-1191.03646446555,-1041.579562356,-471.707721608449,124.058237873304,-689.406110147804,-2013.42395296424,-564.726191084391,208.779457312099,256.022807796307,-1349.92275430225,-1280.4256085448,-472.317893108712,157.733957269337,-1333.05865286888,-357.002805957032,279.592784553518,-300.503162177879,-238.538260084507,-271.234411639917,-266.447273249034,-273.744675487163,-260.576485172881,-293.503257580975,-218.719369478974,-217.713293448283,-108.873312241954,-425.682272221612,-129.234511214998,-437.377070789486,-104.743379754487,-65.7527692620568,-387.208744394023,-514.389770365455,36.8602885462337,-542.7278630756
-252.667280479933,-281.259945936226,76.0130540398034,-260.040459740352,-302.53287916825,-203.827391698731,-262.050508592063,-311.607149070903,-225.624753173791,-266.698942502651,-325.062882654771,-212.739873354492,-226.36019174041,-285.818250877311,-180.278276184925,-32.7684386911469,-187.124792919884,-232.362238397558,-116.57802742771,-258.348767546989,-314.111581271348,-243.196004550263,-314.183155245929,-437.488304206671,-366.854493147801,-425.629375860241,-459.96107485811,-679.065258185771,-623.637061499306,-1072.14339690898,-1149.96230355642,-633.457083005668,-32.7291292401516,-549.246435832148,-1704.94148572551,-819.900100093987,216.308583415687,-75.1645758029103,-1108.95246449011,-1028.9963978677,-192.831901424974,68.4352699680596,-1007.2220351723,-311.897881527827,55.07633477236,-332.847932932804,-237.923392941306,-289.819968475865,-339.107472264552,-229.005825168746,-273.953371142359,-294.031664009684,-240.293326951908,-199.400043468204,-156.97029535626,-271.770361402951,-108.851326296228,-301.925816624006,-142.041929995586,58.6256626460459,-218.733997451517,-389.40414897086,97.3313622748437,-479.381020736429
-232.21614721948,-246.604158513372,-157.833380477859,-226.355327471509,-259.590984782435,-178.018654559453,-227.705241152094,-271.613383834882,-206.789976714821,-226.530005320996,-280.092771185724,-201.645672829829,-201.095453853988,-249.323156658324,-177.302803341608,-20.750761894767,-208.684395126269,-211.434369225429,-84.7052898692042,-247.003865693302,-256.388225600304,-276.691429934364,-239.716553035988,-352.597510223997,-288.979120627322,-315.852499167479,-375.364671481149,-422.890284180828,-528.852874420355,-641.856686006437,-883.340569814857,-526.892641509897,-199.989389207285,-250.678526259542,-980.637848949029,-754.136954551242,153.466533342949,-360.728115641636,-617.112074639239,-615.843552426267,52.7361729341815,-24.0689347487738,-561.51351071168,-81.0698759493651,-92.4969949078509,-268.629806706902,-175.578532518056,-238.145060745976,-314.465594554503,-152.757777272686,-241.258214242405,-205.391667948472,-217.903040436866,-145.803644419554,-118.423360798516,-11.1128341939325,-92.4413574232594,-33.8112026275876,-168.092368533103,88.5474743861498,15.4666974614674,-113.519622141856,48.332365873728,-227.603202465511
-178.50859059802,-168.343515667984,-450.363491514851,-153.972151080637,-173.190255525053,-128.99177017288,-159.443334211869,-185.726422569969,-157.537941280475,-157.117875980261,-193.304858379296,-152.957023952465,-137.500722285221,-161.217435480046,-124.031911711415,49.3514137830837,-142.560781174584,-128.99632507623,23.1500433562877,-171.117769762041,-126.112349832135,-247.955747714437,-108.467065181212,-161.129053773593,-177.461344118509,-85.9742911233117,-317.497443353123,-69.4204226233765,-179.392181371043,-281.707009504112,-374.16276951035,-64.5572820486328,-224.273978963885,-51.5827867238731,-425.344707434111,-239.307211671621,197.619379142549,-394.497050086368,-227.903088868591,-180.518846723719,301.080958411322,-20.0352169475182,-114.897342705926,131.411436540276,-56.5896605130921,-159.36942931272,-54.8174241843934,-149.150925723944,-163.849884056088,-78.6537279442258,-178.09519006917,-71.1809881932699,-158.825505903349,-106.999712359625,-49.7644383395105,170.959880673783,-89.014660023134,133.66870464334,-151.238566671996,-29.5499514212646,80.9174248487934,50.0947910943082,-82.3598581347259,-45.4151866315072
-129.077870973549,-110.569805976445,-591.763138114466,-101.850500487484,-106.016790354019,-94.1533086654882,-107.292642136603,-120.641204805829,-114.82099468451,-116.852170507572,-132.235458628534,-115.468584724857,-92.2595243212864,-93.1725903207601,-74.8665698074005,100.060197640634,-57.7906792365587,-53.0758373148178,116.667034500907,-94.5695614592922,-16.0309127243409,-198.159552999551,-12.9831639872479,1.87710088096963,-91.4047906418604,133.014438762178,-286.247812789451,218.39959933898,199.198678983978,-99.5385727625197,131.166392897593,416.35156623198,-29.5373069759708,19.2392315692987,-132.197932343992,328.093723479859,405.831909660004,-196.402444458219,-9.57196888152423,179.748444100828,489.8406433817,158.779933123746,240.223619254777,154.59879647909,48.1296979157788,-86.8930453862455,64.9808506502112,-84.3916494205978,14.621479242225,-15.1992750949872,-128.31113325795,20.4056056129559,-103.760866224949,-107.292159351951,-50.4907187714014,139.111224497464,-97.8932839726525,39.3098285774707,-117.6320907755,-186.99148667598,-70.7876673917288,-84.3783768818979,-192.052001158948,-128.35958647013
-100.805636147492,-88.0385947466585,-466.121243885087,-84.9273434266611,-79.7535171128289,-77.6991447670247,-81.2898656387898,-92.6948314201675,-86.2421478287614,-107.834786173872,-111.047202557524,-103.44526055758,-76.2195517263154,-71.2670479228057,-53.9916886209533,110.701416614158,-6.36701742155563,-9.96965536636237,158.173828691115,-49.3730576692906,37.7139847117857,-150.799214718898,24.359109665171,76.3241287350917,-29.0978592483399,238.84530807691,-223.079225696182,348.175953635416,398.985300389229,6.04799773670704,431.162208648827,647.528013791373,272.593575105482,43.0436895325561,72.5529828443681,578.304300679067,646.25372262649,79.4740273696131,133.494522501478,426.645998038431,567.278995820218,399.534723451597,460.55678428358,134.345990036193,85.5509230531722,-81.1932532949754,108.513580538171,-63.7959875222591,86.1466140837836,11.2148028761383,-116.276363524245,12.9928307397399,-89.4655716627644,-109.942238952078,-132.230503453401,-55.5743942045685,-108.079449458115,-207.17736065849,-106.275827700917,-240.445047612544,-239.959764256345,-387.187510995991,-217.795555541138,-357.935019063429
-71.9088783654332,-63.3540624690425,-220.281497390788,-62.252941300228,-61.6154028909808,-51.6861610254017,-52.1673001893257,-62.2135012779779,-53.7489172575895,-83.3096477198553,-87.5064328210338,-82.9757406065088,-52.0359511802007,-54.8659281193483,-33.6474495981332,127.236159939228,27.4234300112107,30.2118673173238,188.578303605016,-7.74903634351265,72.8161250660995,-82.4477603835497,51.4876104238933,121.836195076966,43.6238007480772,242.66196732318,-95.400662215231,332.183140037053,445.553880526998,117.292282845514,507.983937778775,715.464343926165,510.061262977756,90.6447445785651,249.016370824564,593.035687951055,793.136783184926,333.268978031365,263.024407098502,581.92448670387,613.698198383896,563.811043763418,589.054249491885,257.004384725983,97.4700571549222,-87.982944765557,68.5848722912229,-40.6799629536371,62.5548155708115,-20.231320680745,-110.162531934019,-45.8047456518418,-102.331921426991,-59.8025050353727,-192.171010285627,-225.522651720342,-93.438225943704,-340.666239642374,-96.6784329481424,-163.536118302518,-229.865893565972,-543.215137772248,-162.686557363564,-446.862664717469
-27.7064617563263,-19.7397522583143,-75.4271996856074,-14.2736419114523,-25.1981896302353,-11.3074305225048,-7.91147774466803,-13.1853411626447,-11.5122482127085,-27.7107939041679,-40.8039767547955,-40.3598074240773,-4.52747201243202,-13.4769998362656,2.46551183004408,158.535004634704,74.1383115471315,74.4605441953086,220.477093551498,50.474327796278,105.402974171936,20.9956939034337,87.8466112462194,166.535920472196,127.903861495219,195.159257785171,70.804787821671,244.196154099654,421.703083463738,215.494450303454,444.56990982477,716.100250850195,574.790423884065,172.351703753201,350.399890607517,551.919330536135,785.252318042635,472.260468469585,367.509314896673,659.473439589743,637.282244305061,589.697251800337,646.842617112935,424.890327018767,131.227585931407,-62.763937507546,-1.56874212398388,9.53020500721469,65.1250015682734,-83.2327293699315,-77.8221294502165,-76.2448635805111,-108.957307607,24.1884701017759,-165.110954667007,-263.646393890311,-50.0060062963719,-257.957132496552,-62.551552010606,-57.5434616718199,-81.2392173720953,-422.491837217974,-77.5087371952831,-296.707570563552
-12.8255897795883,-5.87329138186668,-69.8750455273133,3.60443911840458,-11.6740466967275,-7.29154920352658,2.00928794456153,-4.93743046572976,-3.27286550255455,-5.1695292776845,-27.723396485512,-32.8977539321845,7.45674463318784,0.399953353413474,0.198768491448192,128.98554391147,101.773743569294,57.9114851672307,183.548529708698,72.7304771618041,76.5793344557332,96.3294164153303,79.5518907426195,127.446573615162,165.618958659354,105.393640990941,182.488070131092,141.104203627202,306.168766473519,226.120067600308,296.497818731862,569.532671455808,437.52055036666,210.883826174804,333.497151331479,436.111908547219,598.952456878606,387.69829835947,382.988091581413,629.748039263841,542.045486137367,439.371626215453,586.973235842961,432.494747096662,92.179589727334,-53.1881393864171,-75.7137740139385,23.998573830922,100.549562129282,-146.455503389904,-52.2804013862832,-91.6125250748123,-109.215550763755,44.0640237869757,-130.205719607155,-258.770350480266,-26.3831563011281,-123.703976218021,-45.3928958646768,-34.1598903832265,8.09241641155182,-200.780693357673,-38.9285509762274,-87.7193444486643
-60.1670457213306,-56.5294990433637,-76.1705776434651,-49.3982822311898,-62.9108323250663,-58.0389533024798,-52.8056688284842,-71.8956791995599,-58.7344490290626,-62.7765214746816,-92.9288511185501,-91.7943871952516,-58.6053725103413,-65.2963410024936,-71.398109232456,7.29761522986904,74.7565519886294,-40.4081338467498,55.3145436272423,22.3211615228738,-31.0716142266505,92.7115077955341,1.11815057173119,-20.746844629444,118.881983590118,-5.6087414797919,178.219374821212,44.7343507812453,125.582066898391,134.454308614446,138.731406665939,314.012583662716,200.222794502713,152.712595979824,226.025852352121,270.067708208111,354.461783071703,150.6170460055,299.053035032672,525.025729309633,395.204968870248,196.499674686412,456.325069828283,316.905094429124,-61.9448829921716,-108.195129901406,-157.789849544704,-49.6537225111118,51.7532077239222,-209.831748237189,-70.526671855336,-151.004420346417,-99.0834165231524,-34.7405850285652,-171.993095632131,-315.906721047813,-46.1283278134462,-105.469736702991,-65.1560134949808,-78.7154235503663,-39.3512711395135,-77.1916806474702,-63.8594582517194,2.95266555674117
-147.888879988229,-153.08242317398,-47.9457783934175,-146.798580752598,-162.528247168079,-125.054177280005,-137.917035454105,-174.625647745078,-151.377148467998,-171.56698705382,-205.939135245922,-175.771160512396,-167.709747837946,-187.696512925403,-171.194230133596,-140.459890890919,7.21728319767979,-158.64173955602,-92.3307999200684,-69.3341027434269,-156.09569567883,25.7276328883435,-113.131775767652,-179.789240243312,-3.12427595890153,-110.448765669193,76.4606817630092,-69.0048297584713,-14.2090462404605,-4.90450654112194,34.78208384759,139.394647810276,37.1079446909596,38.1023084031994,108.847385321763,174.772534561399,235.80533399897,-10.7234785498798,193.979201429015,429.816340722814,366.17829631771,66.135260791286,378.21845645514,261.275879187691,-208.214763389729,-204.847683997128,-250.233542667952,-171.66196379069,-124.884578396316,-298.72914816064,-131.732765164921,-257.464367412467,-80.3748196716772,-147.141734116443,-261.070470189055,-390.441362534168,-82.1223764454375,-173.12295391376,-82.408962419862,-108.397889789125,-134.793815551935,-62.0550409202552,-104.198163575454,-19.158091806566
-243.51994662732,-261.477313446487,-63.4274709854754,-244.835160348377,-266.129740090284,-187.446169736557,-214.282833061857,-270.005262563098,-240.303007012441,-279.125795460936,-312.295922992806,-249.852861863819,-267.171990485358,-308.563013811847,-260.353352848537,-252.229932331355,-77.4253076918449,-255.129168237957,-200.681584976905,-168.558264262276,-255.348911264203,-81.0382038895859,-228.366718868838,-273.045251456693,-166.228830137715,-209.572517529172,-78.9752840814377,-211.688977098733,-79.9697442625964,-134.076041066365,-33.9383412062554,96.4054219348428,8.73931073833984,-79.4775905060133,45.5055153914455,141.939567853174,244.726361997582,0.322152731803262,130.147139439161,363.958993789862,427.003529252222,131.071384138303,365.907554346273,307.751024674768,-235.316888947329,-296.207698147712,-335.599754431204,-260.709208513446,-313.515335473423,-413.792976732494,-230.769356042535,-352.232378557073,-106.533216785792,-245.312373482065,-327.767221069983,-381.005126870856,-132.055758284605,-211.842926018571,-99.6692405385278,-125.376135485343,-202.63322148588,-71.369216029149,-139.803280835507,-72.3927477042409
-300.341870149121,-324.815092398295,-96.1246927814512,-294.184766946385,-317.000415818391,-230.503337156794,-253.133928154374,-317.077363582707,-285.046631305724,-330.137023978914,-356.861220352946,-294.42246941411,-315.906583735849,-363.947009901155,-313.111151067727,-306.668362566746,-149.772056074455,-316.280228911415,-252.818519966445,-250.153087887162,-312.295156097681,-191.82332598805,-307.865662249465,-297.286918781492,-301.866683915099,-275.11250309072,-236.856334491931,-309.801156698249,-96.0217475247719,-207.455160200691,-77.1381611353056,100.07634464564,47.9126135225149,-179.808364433661,54.7176677222576,104.077141239048,244.177399213548,88.0800943070616,104.543975564698,316.430196360763,426.002951852946,258.981593368953,360.266573669982,371.19066444439,-160.553633255357,-343.102190898054,-347.699143308716,-263.4969046585,-360.27459669805,-479.109964748807,-330.343612782667,-363.658270651913,-199.177426319691,-314.075234925485,-336.003178186731,-279.872780002641,-205.811081386362,-179.624858010782,-154.032759552083,-178.398387803883,-232.611147139379,-61.5047085733668,-178.158457275964,-97.2763261976009
-288.532497253174,-305.939443271726,-34.6508987212818,-273.443282710299,-291.030990648814,-236.81798121471,-246.369435597474,-293.360358635358,-277.001365797494,-305.043152709141,-320.213742648805,-299.909084491632,-306.180713957146,-334.653823604643,-321.165074670615,-315.836888887238,-187.17521479145,-334.66727706083,-261.918338231291,-296.129777175935,-323.197681076939,-270.893571012497,-337.957264160589,-283.633924556185,-374.172672757146,-286.717953741685,-370.091513067864,-325.518639258386,-86.5750619568733,-244.977330947586,-84.997367750623,105.993095470371,77.8366591468535,-278.291081467645,75.1831105829559,82.4669787326161,172.045461400688,137.394058323281,65.1072509031957,282.034191015422,334.301454565348,276.556921029695,339.292138787462,372.320941925343,-65.6482363782546,-335.170210186521,-245.996791305113,-196.980227892708,-258.483435411919,-436.42890892971,-357.06169879253,-297.30720391443,-288.696819926834,-322.326649397747,-299.691575086538,-194.76378801302,-273.717768477392,-140.445272939497,-236.884012838381,-258.343579703136,-235.986217192251,-61.4331561971807,-221.219477732204,-80.9585561087366
-251.162924780594,-252.565219383538,72.7591138421201,-229.671576930929,-238.149028742118,-229.605134738875,-228.737391406125,-243.421661207709,-261.864265679578,-260.487014476059,-258.420714201742,-296.912184674009,-284.878283025767,-282.916940873988,-319.627945535846,-320.357971177153,-210.381788426066,-336.487679242892,-270.672320891692,-320.802165941178,-319.768838052659,-329.300911046406,-358.654415783288,-275.940782205373,-421.852961336993,-298.809554702051,-486.493738459471,-338.104267441743,-101.483030309528,-323.106807903204,-110.274690184329,97.8530848407944,69.7890498081562,-391.683911834262,1.83654719801788,77.0233451424879,74.2490277225901,124.350086589856,-37.2377748003023,209.194364039162,222.939913213476,156.799632099232,289.152800090143,283.568426448654,-11.7065602402438,-289.458330832914,-104.037774323945,-112.028892048315,-132.752030939036,-340.734786407958,-271.766629084463,-232.147995303451,-288.466894524836,-244.063822486023,-255.479774809956,-208.543771016346,-282.836807933656,-173.269619717373,-292.618168576957,-307.307952598216,-237.830054727546,-114.024346330351,-268.07730401593,-61.6382835721992
-233.965272370076,-222.654641732216,96.1431439621548,-206.847344378026,-209.225352093682,-234.913531675422,-224.714838504753,-215.942743522086,-265.77914306684,-248.167971298824,-226.426845421187,-306.750663029536,-285.521703200378,-262.30144827639,-329.491239462177,-334.123773106673,-240.833562673402,-343.561214658824,-289.445406161468,-337.926800639676,-323.375083035101,-376.059524476213,-390.431503128689,-281.752359092325,-459.139116323487,-347.21138816144,-554.961169990712,-394.938165547186,-167.958809370767,-430.401049612222,-197.038238836722,47.0703778604339,53.6135070413288,-465.602961835929,-167.528402378674,10.7168146825931,13.7491827795521,110.849897036633,-170.143452863052,50.2895793553931,132.11794076767,22.8874176460187,197.500147373528,147.310711543824,-13.0983307942879,-205.829572356991,-31.0146739358079,-19.6055285022951,-54.0724133516808,-254.873094316547,-101.908808515432,-187.385030953409,-173.112646443834,-101.156127205363,-202.440141396795,-237.168492885132,-207.019124457167,-248.973486333841,-270.654757035353,-287.335517225883,-251.963745669996,-198.441571445476,-299.297506869834,-79.5632070017422
-213.567807765977,-202.594123512162,87.9403280094112,-187.74036452775,-189.937370483912,-232.747705562228,-213.357017799083,-199.899157432283,-257.84391024414,-243.766612000425,-210.868938161262,-300.711952948414,-281.346489002626,-253.535995512912,-322.51654307459,-332.07254521784,-256.194639162786,-336.771756537161,-280.871738285588,-335.940308098181,-315.275495410811,-381.932446184683,-400.742661215335,-268.723765130333,-449.876457702342,-388.669308620013,-517.383599586701,-453.246313376344,-244.082282211561,-471.13677921696,-315.108123692684,-43.9439352134271,67.7666053496795,-427.148297969734,-337.408250392481,-145.002787657248,0.107912815775681,144.597632048517,-264.304022625102,-160.636731287664,53.6479594180833,-26.9281331604419,76.4888956270761,25.96741478782,-58.9573569967011,-87.8679561588746,-55.1120527914804,70.1278730777975,-11.7609935516101,-148.024179523504,68.3854215254782,-111.509346844309,-11.5165199676386,22.1012325836446,-124.331732801843,-139.898697993484,-102.069739263601,-269.290760986324,-194.288509125666,-245.719406578698,-267.98675126686,-259.058712340351,-301.827254649057,-136.988178313453
-169.195489829699,-170.902891019718,172.946923905184,-156.441814913431,-160.624447316915,-205.407009164722,-184.208511235725,-181.766611484444,-224.246465811789,-220.231028620553,-193.248795609197,-267.158013468182,-254.758829049452,-239.422100775228,-285.1896528379,-311.088989445322,-239.535337558717,-308.968753099614,-242.586692302531,-314.496159097168,-295.790757246065,-343.294673933429,-384.091287125981,-244.642170357945,-408.543371670756,-404.122162851514,-388.763548874076,-503.287837833761,-304.279252389142,-432.664198462462,-451.016849437423,-160.02769551821,62.7718967819929,-301.932995621652,-479.789551500994,-343.864834640832,-34.914223826904,160.696524393007,-328.246030644769,-376.656168051538,-46.1065970299502,-39.8136153329633,-74.0979153360001,-87.3927347377202,-128.998562465522,11.5392678402839,-116.218236870681,96.6893720063244,-22.9764036538733,15.1256058916833,136.824897108304,-14.9151334034293,65.7826811861903,33.9653350234833,-62.5757180353382,48.1511609870022,-82.4433266041443,-218.505708344408,-162.4505512884,-275.624035946835,-280.088435410223,-288.595536247063,-310.246247872098,-212.189884774746
-132.35297480642,-150.801486940606,232.519957208377,-135.436921262877,-145.188465795372,-171.26397198913,-160.035870627098,-179.08862373074,-192.78539582067,-202.289834785177,-191.853529188312,-232.1065583251,-230.857896327854,-238.845045980033,-238.594659998436,-292.551485851307,-209.313020902491,-281.982839757256,-218.012368058256,-284.977106993934,-291.433374714399,-289.634722899087,-372.179893420725,-258.066559647485,-384.554365003749,-434.320992727514,-225.285651086967,-570.907720140291,-392.530504525835,-373.352390136115,-627.336399987358,-320.079009083077,-61.9090966716228,-142.922063509531,-633.489473205446,-552.906978775806,-180.495474998692,56.6244316225143,-396.210105099919,-599.029379555432,-211.392387525419,-118.170188726179,-271.094617750234,-242.529728085269,-190.03837100806,50.7599837353073,-121.532362773112,41.4859888969077,-93.3687412876405,179.856737963645,80.5373321764538,27.1182220526121,5.56052263280947,-49.4812276652366,-71.1329623949419,147.288628472995,-170.636268606656,-165.402793934799,-218.055962247729,-355.058583467162,-279.460781256348,-313.611317117963,-336.109202333866,-270.917423113829
-124.913182118104,-160.395866799959,-0.645341518634886,-139.573867562991,-162.484004946245,-150.370495950908,-155.213206740856,-200.218756891601,-177.166350675483,-209.098547874721,-216.554561859484,-199.540343738819,-219.162067898817,-254.395902390692,-194.844670234605,-276.194457929848,-180.436376924244,-261.773216369995,-219.001313666112,-246.222033653154,-300.807177845386,-225.716718669492,-365.765776979848,-315.249041729914,-365.634839332035,-493.493591816595,-37.7637509264732,-623.009493952783,-543.287462250336,-299.299868495966,-811.923815833987,-540.388521352859,-315.613825020184,75.8352952217204,-777.511273178902,-765.162155491696,-452.328114720086,-159.08841313719,-429.304093023503,-811.36660537265,-469.719510433757,-298.365512647781,-497.028689719176,-450.272851722687,-236.032477613293,56.8284969364088,-31.0481721899929,-17.6283514717434,-133.101381046461,261.248778688975,-8.73299315742327,-2.12823049955755,-94.7978898408946,-105.229293136516,-121.356126410365,80.7641298924448,-243.212160008749,-152.198402106631,-273.093526682583,-335.520353752824,-243.191828698974,-338.679814922687,-313.254005797183,-284.603352023711
-146.049316110702,-198.481673526182,-523.228862189679,-171.502097055956,-208.353456863488,-160.06524327813,-177.155228530071,-245.993647562508,-181.166702317838,-237.759006044096,-264.800764585097,-174.104360602264,-218.130457942321,-283.819691657974,-170.93959358936,-264.374736990189,-171.386237418894,-257.213513773276,-228.901022061069,-226.338255566098,-321.020220421715,-171.056479688183,-366.4477195776,-390.245666394183,-341.903978417619,-566.601123925215,125.985523726866,-630.590746590833,-724.753708864718,-237.105706353061,-942.66136881088,-791.380293108077,-609.745326164869,319.789365516984,-875.526472538307,-957.004436499859,-776.505094167772,-387.946403117679,-418.199846170638,-961.650634622677,-800.056321885581,-550.835893197063,-700.72771258915,-694.988637547788,-328.554412499963,46.4245917909,67.3889330967923,-37.8886045816124,-89.4292507821875,230.269010256627,-61.4443137236908,-61.5486867592533,-143.411299689328,-84.2215046471633,-159.727826457899,-58.4710554247034,-224.772909934404,-185.819714725154,-255.152260107143,-185.969808221397,-193.690158340761,-365.342148666605,-224.361905072617,-273.019646230726
-202.993849967531,-266.241653515858,-973.661449142731,-239.151491622648,-279.980920040958,-214.887687024239,-235.154454007543,-316.77816711415,-220.774994663814,-292.7666795584,-339.005896010894,-196.364532549411,-251.676466535929,-341.490370999482,-200.104406055668,-289.815518367293,-217.695418744607,-300.201923187366,-257.292667362712,-280.851428074554,-378.244279691516,-197.913447697078,-415.455542958133,-475.318752306249,-377.723679440316,-649.389140008144,122.257289434027,-641.429703465723,-864.200847439266,-295.668310700249,-1005.01176646051,-999.650498420906,-839.644029050384,395.135245774993,-956.731798423367,-1079.64571389085,-1028.43678520425,-546.731547789529,-456.40631706092,-1021.36668194204,-1102.93900477013,-783.992627020323,-840.577415500149,-945.228943206618,-502.822579512896,-27.2666003839804,34.4560042692692,-85.729848254779,-67.3534903735058,115.146063423642,-124.429531575872,-136.392810026478,-182.137980111487,-88.3101813212803,-207.316211903619,-153.732565351952,-206.060609007238,-256.445761038348,-228.903263004721,-85.6392226856249,-203.446195171563,-395.419527652035,-179.158005804948,-275.547124289108
-273.078233599655,-337.010820005243,-1034.35627198892,-312.984928671304,-347.416051692505,-280.89615655587,-298.228014132628,-374.743819526299,-277.741762049861,-352.62903100032,-406.274894130327,-262.942412759379,-312.017938138343,-402.968600709426,-266.271232897507,-351.568388611253,-303.862533653483,-368.660654685485,-308.510611784772,-383.160015491748,-451.719811761572,-316.930876100466,-496.093647964445,-539.812955143366,-480.036282039384,-693.984342938433,-95.7126953709478,-656.046778975805,-884.096259865588,-477.215416245804,-983.444779684676,-1069.13805432927,-904.609455808608,188.235819046649,-1001.67118082785,-1090.35500290809,-1074.90823977512,-586.181957716158,-557.338478250449,-978.946122625542,-1239.08871803386,-837.386421616723,-898.224363960391,-1097.05532013422,-659.39210195233,-170.730313937871,-131.459159639586,-199.504275628834,-164.565196176546,-25.1705182380479,-235.827855292048,-215.636832852976,-263.666579733042,-190.137261944058,-288.925829991226,-153.881008252456,-267.111264622605,-300.977098991582,-270.36685607242,-160.301743991605,-281.654440937073,-382.432191017987,-253.5013538526,-272.712943977094
-291.821773662649,-351.456690442403,-773.308871268723,-323.451298289088,-350.061919533818,-288.969970525115,-300.992946424571,-363.00674469433,-289.997715940493,-356.057054490573,-398.230804586536,-292.39907726273,-329.120236081789,-400.435460522233,-293.038671995199,-381.366366136133,-343.335752825138,-371.071595052323,-334.744597100958,-417.655179965803,-451.679614312237,-411.686095232569,-499.599997236226,-514.285195427422,-523.273699783906,-609.770144384449,-346.458642901106,-570.045718877037,-752.200427478301,-585.983769305046,-824.572892411814,-951.329652787176,-754.807587128673,-134.627362022277,-881.495504077845,-992.138226911331,-860.52691841408,-507.615150028007,-557.803786644102,-817.346065223188,-1152.55485933373,-606.61590307756,-871.17819778797,-1025.04201819755,-674.215626456462,-284.942978833922,-275.621931314718,-298.335727537571,-297.816516390778,-124.20058516841,-319.25497254442,-251.379314140309,-332.124469954962,-301.179283698384,-343.809492387362,-71.0798785906615,-338.650657651104,-249.292302068334,-334.970874345783,-295.481113176361,-331.01705199368,-268.707090996103,-361.302756981552,-214.18575080587
-227.128694220629,-281.050012467351,-481.871465947678,-244.285527858831,-267.821054044742,-217.397858965689,-219.840177304962,-274.219230270602,-225.643352922412,-272.43112003542,-295.213967859394,-232.394388041528,-258.779184922125,-308.225248806136,-233.830205013399,-329.874093867611,-282.133306552935,-270.495948170208,-291.234994595128,-329.689630439851,-340.257046326691,-379.267297528567,-375.246483238606,-383.587593385323,-420.445310646932,-403.296639462819,-427.154197356396,-357.659292750633,-529.249450454158,-471.649434849479,-539.780332947737,-708.379738206032,-466.958620097091,-316.052517650978,-543.388621374153,-819.96041051652,-478.113561135611,-389.364836853367,-340.260342190055,-549.35409443412,-898.167330192596,-180.373122877125,-754.518557517074,-728.397770289853,-568.058706401203,-278.427842097714,-281.219590264291,-294.353256766234,-318.565028919648,-145.520362957585,-291.173606621409,-212.719841560854,-308.730734078647,-301.577867422045,-303.601970556505,28.601917856737,-322.595441952684,-120.803039883596,-336.70147236617,-311.890941878347,-257.931096206535,-81.3138984836089,-373.018200406887,-102.633636221558
-112.131639189949,-156.698732087144,-285.86231798431,-119.661540892444,-141.200962899385,-105.760125064089,-98.8422078783291,-149.498811042461,-117.593887832766,-140.932064591123,-156.216815346354,-124.347372053334,-137.371328277368,-173.032376719208,-122.204277717574,-233.696500558378,-164.135657661703,-136.131041344177,-202.942945638974,-188.72495638195,-193.693422135415,-253.806843547854,-213.058620127913,-228.201823206852,-248.741861251667,-213.397871752891,-338.268991391904,-157.812075457703,-331.657236259662,-222.731548004872,-256.735323844458,-459.941670206483,-189.1005048423,-288.664357928986,-136.038507828659,-587.25462681452,-101.46304516003,-303.476960276098,-15.2971106929613,-232.94200799287,-522.351910426708,238.773405759124,-522.499604819054,-323.357260388771,-444.386394210908,-175.338872571636,-183.676226492373,-200.364784506763,-212.514857244791,-101.615138306091,-176.837797442816,-121.090901805748,-200.449786715104,-194.514924976426,-184.079646907343,79.0168616027571,-223.170190375421,2.69140441790195,-258.232464456335,-189.9860471874,-76.9325357268993,83.7274377653457,-263.452492805838,25.24758951984
-5.44699310366031,-37.3408158845411,-101.59952910091,-9.16117843503724,-24.7130944608751,-4.34886612165837,-0.112144497369863,-33.5511656575436,-23.5296940126776,-27.8082984145331,-48.3857353190639,-38.9347080661809,-32.8409035472939,-59.394491709272,-29.8780241604845,-165.52749602596,-71.1069121437094,-50.8164431598311,-135.972232085594,-92.2778430857641,-105.287160042357,-142.990918761463,-124.480071650498,-135.053081207633,-132.570025212659,-145.802015497166,-218.639411791262,-82.8303270058691,-230.946580196944,-21.4924432630348,-93.948449268689,-280.498574435894,-4.81836054417592,-182.992563510503,138.762872695225,-299.080977362954,152.993997440523,-225.422860302271,207.048484115572,57.2567509851912,-40.4365578918264,511.690125942405,-168.215480767834,101.114942698077,-331.585321479004,-67.3190347008454,-87.1106602414466,-90.3786190542203,-91.9293511625003,-34.1043048556273,-60.6427039996366,-18.0139212016756,-77.2180749752789,-72.9239923768295,-55.4567350466096,74.9492224992713,-112.262251224239,70.1317356651569,-138.730705636254,-46.1561762230112,105.574205924209,159.730904932762,-99.1317202522792,150.711631729527
65.9230582601421,44.2390690329343,110.632999990715,67.6249221675793,58.9557207182488,68.6183127663528,60.7003160565488,57.4303592846935,34.7772779961398,43.2037209411881,24.0705541802412,10.1671716924906,30.5914645317156,15.7935271057688,16.6372052975061,-141.299381568641,-27.5419873415696,-18.3440581336981,-105.719689133769,-56.916003381192,-70.2971994464033,-91.6586996915348,-102.152693000643,-93.5318415995416,-82.7605407825507,-140.213458912956,-148.080385843515,-60.5257568538604,-180.102824440222,81.6069836632705,-18.605044988168,-142.394539199742,121.491032772832,-117.65544267843,238.721870905033,12.5428954620343,301.346635707963,-77.0798314976065,254.572302517708,283.860051321704,463.212972957625,629.772467032589,246.060827756433,540.518762624382,-180.290814340478,7.50391969080266,-32.1406047166064,1.64743539196044,-20.7202723692066,34.4357518789204,27.3740296786262,76.8264479685746,21.6429051643925,12.7794657486389,42.8684189252932,67.5511663653979,-22.6040343897567,96.5479683349469,-9.26967009127374,47.967391342529,206.293769378332,162.122938726466,60.8706852831638,263.713325926122
126.701755007948,108.35250168056,279.951740598183,136.969201729299,131.686518263261,133.872633687125,119.018024318826,139.748982078203,87.6898278421205,103.990833378538,102.326926666291,62.4295910161269,86.8135308659856,88.3841198833593,57.9336036991402,-112.363714282123,11.4001191353508,22.8374817394279,-55.2672969467045,-21.8681794304469,-11.9874317247697,-57.2256097849377,-56.0587981079896,-21.1845281440837,-27.533220079861,-68.3732350977219,-105.438925434468,32.708369248057,-69.1722377666968,145.85818216944,94.5790118877198,38.1674610478623,261.330526046857,-86.8121303639886,274.490676579886,302.475369824106,428.961134743518,147.190148800089,229.235449929689,471.711145732377,832.742422721079,645.969659549995,608.074461490655,960.506573136979,16.0144720875234,86.46797849183,22.4705902204433,98.4417365774905,52.2715350933166,118.366889467931,116.668177744248,169.981005200987,108.397467915829,93.7393991798835,130.638436636037,104.142440922159,69.8556231484966,129.913681975606,116.345223496729,127.867013136166,246.40516191157,156.709651058824,204.443066236193,344.125143682384
182.407545599638,164.298054038442,355.928415854998,199.047152117837,197.550390330352,187.302062305832,173.84464007257,206.980508683942,140.051235255694,159.619104477727,178.531700604809,117.474907533657,142.004593729598,158.625554481245,101.99704684152,-70.4721239318361,56.7053730374755,81.1521116442523,20.9240346895473,27.6322121608449,72.7734141188603,-26.8494056796123,15.6958898178171,81.4876991383834,23.8351056598221,49.3668195669711,-92.8581989855622,143.395974666069,88.097244805427,163.900479424012,242.779552776515,226.27520258148,361.790947613967,-71.4302728726568,316.469764066014,478.330672459831,511.920159318835,292.700812659893,232.270411979623,622.585334321016,923.598316929397,540.725228420214,806.245469684201,1160.85759372735,134.599384982387,170.807243148221,87.0382133863205,183.972415484486,141.573407737317,196.810151258317,186.323966724908,235.943813906198,161.995543482534,171.040613965246,212.302747704836,146.382579980856,142.490426747384,168.89598181751,186.543445849471,199.807777387155,271.576742546921,160.71153061835,294.000431590615,357.498269418991
194.36610839211,179.290610520354,366.482809880513,210.479993350366,216.677369041834,186.96764080105,175.179077948835,220.923806467888,149.05164293332,167.917812584141,194.394295612462,125.50838801985,149.805360630695,174.158486358786,97.5065702807534,-70.4899274563828,56.071648103917,89.2748230956378,38.7684175306956,33.7407499045475,100.23520650166,-44.3564941811783,22.0023434174524,112.913833304989,-1.58176136778183,69.7981530502524,-138.964968454235,125.712105619733,135.792506293955,100.871379939403,286.126030838412,237.934487596514,272.758891121364,-79.5096245648176,370.824160715885,412.360073071172,393.430677641127,174.153367207921,294.270864795615,677.053418648977,684.284882618278,236.487774401932,799.365238420591,920.189783064393,29.2757433912956,201.856280283605,112.434364030258,200.553846964131,170.472056770928,202.78898201895,173.588454585166,223.005381238928,136.490193490995,182.191058795982,252.369011817015,109.847233332226,133.142108644877,160.266245314303,154.639032903824,201.172074641591,260.760679554072,125.799094095856,269.958679559275,287.8543913668
168.53924185173,159.318825585741,378.053020044974,178.614979690342,190.811135624946,144.781133903326,134.276743960609,192.495057915712,121.430090590129,136.353452073717,158.04026905909,89.5697223442678,115.044350745519,140.525159319957,52.3537770856298,-115.128074287284,12.6413464020437,40.7006857840747,-21.4648266885008,-1.33847852909503,57.2013479537819,-88.3726549284283,-32.4803092517227,53.5570581379813,-57.7413822807239,-15.4620755630709,-175.791500923942,26.1510511015624,20.8849341043637,73.6478331370572,210.198243989467,7.8511182048264,-5.41265996951193,-36.6202170975371,513.900552212801,125.700105166759,19.9825852660884,-163.468615551155,452.093137436636,629.985793616339,225.090858940468,-216.962508830659,660.590962243707,329.230072806108,-260.533291890979,177.350835195098,104.784056901584,165.785176094391,135.981430490838,148.166310094373,113.027081558129,157.247502829497,76.7511963628346,133.683967746,259.928743742689,16.7221622992855,84.0422386386445,105.320634114541,92.5055129658089,151.432525543784,195.65964211497,50.7646139568771,187.641398843345,179.383594051509
160.023629422747,157.575121897259,430.750953490622,167.321361908514,179.559745052641,123.191137878443,120.23301620482,182.077400395843,113.545458561936,126.724042598299,145.156741514572,70.139682157544,102.062678946964,126.66967796933,38.2363865447869,-141.179141959592,-3.36092087187965,13.5496357023108,-73.5889055427879,-3.04663161632076,27.0449868675975,-79.2838697080869,-36.1274869633445,5.11625555213515,-20.9065203346721,-55.9354039509406,-106.69375700508,33.713272518844,-109.772759454869,222.660825474122,180.582190885377,-260.168109597485,-267.141731417677,125.920616015645,784.133049890822,-137.597830072874,-415.894029345369,-455.479671428706,680.320216810081,556.785286345581,-217.231380442026,-612.506915486974,506.564522771,-218.558361533338,-519.551462495259,157.889469404144,131.610847860234,154.110935222393,126.86676812566,137.939795253167,105.216714487246,133.129254551608,74.8494592442175,117.235048435045,286.216844686096,-12.3428808631719,104.421814960898,79.3453516324049,114.073180240139,166.33889561831,138.232938737459,11.1319319135579,193.13705840772,99.6466886995532
187.209264614243,193.252730825357,500.046668299982,200.288715444857,211.172820769704,140.620625572672,151.580624254862,213.20631835653,138.957020051988,159.483888850988,181.106032737164,90.8942783527381,132.270298016881,157.314413008298,71.6676749941122,-123.958744357114,27.4803133758819,45.4088252323314,-62.0350641032201,47.0599131494816,55.5725730120008,-10.1834717160727,46.3296864388151,30.0125964162707,104.933562633969,19.0279778067407,26.5921421824284,174.239879174187,-110.746839599211,441.376735643867,281.872600740945,-318.108171662263,-334.461259063289,286.944219919074,992.717054462923,-140.044661116429,-635.062057919459,-503.508300323576,801.016318376351,494.340039125355,-427.362123877762,-773.692152783832,400.855767575795,-431.026098291233,-581.598168819862,163.700020309659,207.408875273025,175.454487556724,160.206732091747,222.238893736048,158.83281108893,185.526720790686,128.657044242504,169.968760401768,336.082546836545,85.2426599521287,198.121399574264,145.344271260507,205.319209319668,290.722458479361,180.268706598926,70.4223068038838,320.035158568292,92.149102965585
224.909222756059,241.424193224046,504.368978436204,246.224567444127,258.518091757439,169.856475046151,197.265132971956,260.82561338511,172.165167934176,203.504807351697,228.405767812888,123.461975503204,174.578718576137,199.82029366652,112.417419498862,-90.3496139889069,67.8018186751818,103.472026490376,-13.2064008854286,102.703956581105,114.918990872602,60.7338720194466,144.809082624926,98.449093226814,214.455897181257,131.435910349851,110.001550023869,293.619490276746,3.97387568545613,498.11309330806,404.080488138556,-139.96398514303,-215.229023490251,276.117779246034,913.900631978124,103.364239581477,-525.943977356298,-336.634832280285,674.837723475161,416.100640586976,-352.338645652278,-683.967929192145,350.598775120566,-363.127166295382,-462.471557737285,168.42673240988,277.773689305699,182.576708865348,174.448110628469,336.266378539778,199.920608946189,260.767492019196,170.611252801156,236.488940001278,373.021296239634,268.260575861231,273.189097580088,303.855647797029,260.003937713831,432.81127771259,342.169207661212,230.433474552902,442.416859870979,181.507261683591
247.079547578338,272.240829853695,353.892433253562,272.114652237231,286.387050285154,186.908929194454,234.019120124561,298.297800431915,193.526930619007,231.74879012638,258.463202372859,141.942590183007,203.663796944606,224.961742096094,141.793188895529,-57.9375524767809,96.8079832587407,156.912050382222,34.6930988304994,142.932679597581,172.910078513165,113.084206996089,210.815850493776,170.469057457167,275.956706856628,204.946194861269,137.067633445156,308.438805398582,125.275460373961,371.010061425858,426.096265519596,89.4982412828293,-42.8719477350285,133.749432937003,605.710594157983,357.143398015712,-239.367307839827,-119.125516417604,412.733836106587,309.924031563947,-135.843577399582,-455.772333227472,343.587734715737,-236.546392505052,-295.15218069679,161.273171316263,300.406989444268,161.826979421477,158.896570147899,387.065450570038,193.711979004782,300.983308457887,177.771294402955,253.173361681883,376.538679193191,446.02670002724,271.228034780631,479.256070754179,233.060373244737,460.282958858349,513.088759709788,415.568579276122,432.591676958303,331.818012495092
252.882947268838,281.611625902107,78.1927951818223,275.281045890574,290.35969860282,190.435403594603,258.670967819811,318.62406548577,201.761663365752,247.35037277955,273.893972924962,154.566945768589,220.838228285957,237.381719539231,175.957872388994,-21.1031137612896,127.365705653893,209.851015435552,81.5311010260412,189.213139961469,227.0490099632,177.622862815466,262.329208120479,238.517994119657,340.706428273919,247.497734447439,196.6609453144,288.78222944198,193.04842281456,252.141733363526,366.040858266612,202.397950091077,67.5551503091754,45.5653478280901,336.494302099534,421.944045553197,-26.2527835253673,31.0565374979951,245.65705555987,204.790396997844,19.0191318063829,-223.016884110516,362.081014140668,-145.796463704877,-174.139042789764,165.564293547018,300.889624760486,156.271687415847,182.062241858367,357.138330282213,178.552137827725,308.187245258393,181.344059040968,218.700222556433,351.372869333251,527.964610665957,216.885908978833,553.196688098772,177.903914547651,339.712758911654,535.101770836042,494.144271513227,299.397874764248,414.94788268599
271.116924383664,298.438235177106,-109.921785734229,285.260181522122,301.004798643414,207.478348754395,287.684170822845,336.017184722953,221.394286044196,272.367832050101,291.633052873739,189.947953836155,246.645853410596,264.466514160359,234.826606899465,26.2489892565262,181.598059990284,273.195552108682,143.822739250162,257.356073284083,286.792366434293,269.393236327633,323.084492266491,306.330715529988,424.351890142254,292.4681313139,313.121053202249,305.168695937669,234.261960645016,259.469113930634,306.491846623996,204.98978427424,102.816857477026,81.065795680799,242.805207043486,315.186959403338,13.9920918366107,124.815893800629,241.577649140369,129.510380347729,39.5530011482399,-52.0891222357733,378.563039841571,-31.5695545193528,-64.1403817869621,204.595765418221,335.796996171333,201.375207496248,284.699480424704,317.236814221177,202.392808318954,321.036916663002,213.274332153179,190.531927359415,314.061147867955,479.476861468864,178.645393581162,471.009902385181,163.718522098257,185.568652178569,390.052919327496,392.753827140729,168.670459556811,336.080364927969
303.303634172876,324.438313281603,-48.1366877723094,308.156476362609,324.9847642265,243.624910995552,319.670643186068,353.620353987499,256.608972393435,299.16641086778,306.133441662975,237.847735321131,277.854436284206,298.38613340099,295.320787858414,61.517316783364,239.303860328571,318.445090075642,194.261096510284,313.088618392064,329.317560543555,338.511053755291,362.60868595676,348.919250178857,461.998423368413,320.75481664275,388.129930324557,317.60341460343,257.467117146322,294.372323074753,253.403041665799,170.170582479154,92.8292808760502,122.010030503583,212.228023450724,162.344737981041,-49.4395819045271,193.453129238549,254.948205323691,63.2957300634453,-24.3279608974426,42.6607755015957,350.161797867767,111.828194918826,103.015027310812,245.651450386848,382.134134959641,253.135744170814,382.906375273863,307.214326729401,241.639203650185,329.210574704,249.132989805471,198.402629033917,265.957466750889,335.749864824171,179.354390758149,287.959282384454,183.984363748917,117.456032538674,213.644831484649,172.424422180406,124.952332835717,150.692480518783
304.777476714957,317.539912686361,137.996148419144,301.938856404214,320.963455102603,253.49419578735,318.052723142668,344.535633207111,265.351217258338,289.471585778227,288.142283473688,245.245222947177,277.093630169408,291.184556781128,300.30584580137,51.6932578206139,245.465736379785,302.07458937962,180.149322375003,307.14024555726,314.207928549218,327.631324348441,336.922293812762,334.026229985237,406.000760561032,294.924386921732,341.52010428561,272.613551908493,216.270226803696,229.998062446287,165.613782507393,94.1538490301008,32.7859285116478,61.7473844004457,119.05480416557,19.1309256712025,-147.935885313305,189.277289344284,164.625286924154,-25.157881929582,-127.830862442471,48.6619676599824,260.555667465592,173.9820885631,284.496402851923,234.40084780302,347.732837137566,246.939853054088,367.938664332826,270.558576286909,230.192462712133,278.795084673905,230.767413448682,205.056558874879,197.58588155728,168.994474006869,176.589855614308,114.119481912085,182.379156743475,124.385519117476,121.554006872949,-25.3419605519713,133.11897451662,-2.47157482592815
275.955764051218,283.926795283424,229.75888903271,263.966116343158,286.030176652466,226.871131375714,285.601322115309,312.207168896276,241.348483805094,255.188381812845,251.855342265231,211.403977605564,247.481953077923,248.757057121808,252.387064992198,17.2734702553907,210.854541660227,249.858688572464,122.689361555694,266.023661512582,267.040116360775,275.375530329179,284.987825047348,296.590925965612,323.072843415489,258.444013435762,245.361931842965,228.838023756841,136.717781402922,126.672869211257,90.5587405479496,-13.3889221314029,-63.8627773381963,-26.0436485472133,36.5856351139942,-84.4673737261973,-245.043288776173,87.3823675940563,57.4667736371463,-83.5535009110563,-227.519855023508,-18.3834054168214,173.565497101933,112.375733328105,375.07203356989,198.757887852755,230.478619332635,215.115257284685,288.268638819608,180.390223078085,183.845501093279,188.155401036216,175.658254004633,192.082358606446,140.866652598283,59.8708426229966,161.117411398965,46.3653712488973,166.353404158683,151.957121312632,127.170301450034,-82.1197512227864,152.990833945892,-24.6253300520403
268.264809846217,277.134701485524,221.773088794895,246.822222322783,271.95726908266,213.455048853589,272.21993425719,301.160581740882,229.849654292279,249.973147282684,246.870137739,191.100303594891,232.883381972976,230.619053051347,212.882919286291,3.33924064977052,203.724344425701,225.344117871571,92.5090347159584,255.139326479364,251.442947879953,263.446115144439,277.846549651618,296.894776356526,297.681386332422,277.228347112109,213.118076279498,255.967862655465,128.235742002888,111.49329586128,116.586551119158,-45.5857740288694,-118.814769049189,-22.875987229384,85.3364217935199,-69.7450396998703,-274.508721854918,-32.822642438603,63.8939978929227,-28.3537569462736,-239.425228003113,-95.8499545248962,165.710434582736,30.1080891599633,348.259183399663,202.957531745696,129.482287080302,223.302479933826,269.163853333998,103.280467216069,179.455909352087,136.867825365053,159.986791670049,190.655822965833,139.027688926577,34.5496407303443,174.979712900481,91.1575826246119,191.894474652233,197.24889597512,187.534952299269,3.85642393433597,200.773253942083,77.2136634059984
276.821888643084,288.118159750173,242.818261763594,252.139159527049,282.437599991113,221.701286019524,277.833578282972,310.199432157106,232.427309441316,263.997939064368,262.288793014506,185.685177974952,227.308096151746,236.940492394422,189.278053277697,-9.82656475273757,221.452568016359,217.619717439005,85.5113478070412,260.20291204378,254.283466056357,279.64337195631,286.607305426804,308.627372243273,290.742493025621,300.466045132679,228.11773001231,281.299887961861,202.570175852078,149.583352625705,205.119750383725,54.6073121654586,-76.1879724347683,37.0317315987526,196.183592742116,79.8005070499431,-190.040309560081,-85.9124872645319,133.765570362283,110.396508326607,-119.169671905392,-121.016535412617,215.214750946555,20.9022161695746,273.096953243684,221.019112397789,93.5361329976649,242.966077022701,299.431363418328,78.8292262176386,214.467703583955,136.206800945569,185.944340775795,208.072946517052,169.54696150641,38.0252115256978,220.336465774491,158.601726686833,248.989667311164,258.314173470833,251.225637689992,125.540392355394,265.632840952461,208.804857484189
247.211293224356,257.38142002015,301.952829732129,224.48172866028,264.154286393846,205.803912307149,252.756244530418,286.885310088381,203.470459388884,234.66205209744,236.718117103689,149.156672308568,186.753248760834,209.038846765597,137.572215775849,-70.6730285698776,198.43914942625,169.141168485374,44.2681669064775,221.253560025588,212.362875152319,254.399470575154,236.393409148941,262.689116150255,223.765519190535,235.261855212947,203.750700857406,201.096630469551,236.23784963186,124.521188252399,230.637022489073,185.758831788292,21.7646191803436,47.9151241512077,221.031570886774,241.380399616125,-37.7062734917841,-60.2750826078089,141.44727086489,207.650481584078,61.4626557549466,-65.4476292685591,232.604432030378,68.76578352101,229.533810794748,179.388525585807,93.8375203227659,209.57244091667,277.134977673841,71.0946659602669,210.382405125563,138.059459415591,184.429257493664,215.10398262347,187.986492777881,39.4332824940573,256.173839716471,192.814794589384,281.110192002271,315.621062430165,294.054856988169,205.050011349332,302.055200103548,291.834384204242
170.328376679855,175.894671694848,299.64424723444,148.820790200162,196.222220818302,151.429964589062,185.792248501344,212.20869289082,134.186693542854,150.872229279965,158.574374271284,80.6025649547397,111.041020929718,130.467109080129,58.7673648564571,-161.976839605556,127.358242816888,81.9249537238095,-33.1291006918228,142.219811556737,125.958723099491,184.341027768801,143.698267539631,168.274991734537,123.794673911678,113.290407314839,127.146002195708,63.3536323028943,159.250952533304,40.3000575188682,164.577410418332,217.205401658765,82.8895975775256,0.363529377130522,165.242213989156,278.879438314911,73.365754438925,3.30534953645309,81.85742336654,191.693934386887,173.919460572843,42.6858801159651,167.710845818427,114.572153150382,233.836602100035,64.0219270916395,102.564689870247,111.796283697876,168.336261609866,49.8737241977236,116.265520606728,126.823361575331,113.407286982403,179.615440517357,188.539702108882,80.4839775309308,255.05993858131,223.651897618184,273.126559739816,351.975816329045,312.653899765725,253.932240028879,296.12874262994,317.212203185931
92.3293133275374,92.6020334855645,241.515379197045,74.1022917496357,117.07353099784,95.6420717191019,118.327582755274,127.241059510472,67.4889197861708,71.4760446645444,84.0735664763782,26.1046432882952,47.542546679732,52.7796617678796,3.07325294889507,-219.746168876909,70.0315907543732,14.9453370595403,-96.2963136976602,83.2662669977443,60.5642846338632,126.190942698479,89.556586859218,101.37145474281,71.5388887046193,53.0933780627435,53.3668651667572,1.96289493213714,64.4078351130974,-7.54988962637674,103.261339537592,156.868814118218,65.4079375017054,-43.610400934763,139.056241530385,208.174884740838,74.7740937621876,52.135832744977,27.6646320977712,114.500153438354,167.850913603597,120.471690808564,59.0209262162004,133.438525944093,245.938975224499,-74.4641698673877,112.433427946794,-22.2398440786147,9.87225273478511,25.1714917140866,-35.6400426312336,108.050570815026,-2.37854618904505,87.7519034537638,165.560075416749,158.844536107617,208.615999480263,256.915186969473,239.191159693222,333.349957696326,291.333444152569,283.206646948644,260.78625075441,301.147077268579
60.5668384015834,56.9743263382543,256.100053391096,51.7596333965302,81.8290386016129,79.756814550817,95.7883647381964,88.4391069525884,45.5575357802735,57.1056445025852,70.6113218364009,23.4639889619999,40.1704074575335,37.5169231990556,6.89435029256424,-207.939239118131,72.7886270954412,15.521706990291,-102.232189870226,89.8650783859037,67.7794471301478,121.272872779638,113.622140284025,115.108890463804,89.0970697362453,105.475824088315,22.1094384171194,64.4620389603935,81.0127484749511,21.291299503961,134.25744802151,133.074041903742,19.7496048739865,-55.7178584358828,177.291438239181,179.592253801778,16.53285318774,71.2885146604791,6.70841052582573,78.8977398257496,116.152082766024,111.936370429283,-11.1850497232733,133.839409625869,246.413143401134,-151.96364502147,125.795262140003,-116.177105077711,-122.201735464245,15.8925100467682,-128.501294020401,74.1183519350316,-79.9955232406698,-2.62111491011588,115.491024213264,189.582361791419,141.063033210479,246.706344160763,191.871090576529,252.865150141969,232.735840522974,268.96023355102,213.643124985436,263.728001998154
64.0938106699627,63.5296511897275,351.100407791854,66.7945507600415,92.2562270408174,91.436586010596,108.499040811437,95.7432612125214,52.7358567436671,90.0842307389809,103.692610536155,51.5084280591417,69.4199191481227,73.9743516060054,43.4571244862627,-159.757704750861,106.391513606159,64.9395614706029,-62.2809184446953,136.589617313697,123.416412548342,148.216361017729,174.276482607621,181.529145962143,129.404785359208,198.936006666952,13.0687332331726,169.318333919043,188.096880970529,65.8269342451123,219.045747556564,204.371251944961,7.16660040001273,-68.2223440989626,202.743185010163,254.94882855192,-10.539135897296,80.4620760631383,-19.0183971631381,86.6423225565256,89.4153764584305,37.122875691524,-38.2259801522028,103.708750438937,243.151030752762,-122.415718330075,129.761316388264,-88.1996816819712,-159.440168939884,5.13146596888997,-75.2540123037665,17.3139093164429,-56.5128365441799,0.981001180363691,68.660956243186,117.6396944181,103.539864446256,172.677920492782,140.843209466921,167.933306297855,170.50771359718,197.445026491557,158.979337039651,221.120140029386
40.7007877791693,51.3538874406653,365.750650331881,51.1919246572292,82.2070319482407,67.8436280186658,91.1024831934037,80.7497895510116,28.4638291190306,83.711258085177,105.340942580801,39.5197532225347,58.0429489580896,77.9166946100404,42.6872512619967,-149.764488523291,97.0519412599802,86.2998304139419,-43.6989792003,143.029072624483,147.53989440029,143.252648537271,192.594054521128,215.052197123964,135.62926308187,229.811665672756,-13.6917281246624,206.478555830022,246.057020083552,50.5982666941155,239.002717090402,269.953758086444,16.7369615514425,-111.388054764964,133.898806852471,303.651712609396,0.11920524359544,81.5703350411683,-96.3178477099015,24.0674344811633,61.9605116204973,-54.9673481222062,-103.248662792963,14.9230788744555,218.465885334991,-41.2150211969246,81.315972917191,25.0333387533418,-130.758254500708,-56.605980252801,65.1221099036879,-51.6366150119991,35.1819845953411,82.7613252789372,44.4845011087903,-10.9708792758917,103.807313701177,59.7052669012174,81.3366742313247,111.517558693096,112.722265164776,79.4931204659935,63.1979405905738,163.92188873772
-3.43964635980652,12.9597274351648,282.740784083467,4.13171328056534,36.9043893787162,10.3086270111401,39.3728357965734,26.7060946786155,-20.0417079212253,25.8898180344702,61.7354499564228,-12.5980368861192,1.73448871304134,33.2115330392348,6.49000039997883,-179.219343001994,47.031504667571,61.0526498056526,-56.5447903852488,101.641403965792,128.877834202829,109.578147407172,165.921090486121,203.238105921227,123.838955029116,203.612815666796,-23.9702309403085,177.868333081318,231.012546876231,11.0710265231545,178.108139423403,257.404424441286,41.8993577911308,-130.867746446942,11.0150319021347,235.757011814311,28.0203866262711,94.2675553916001,-191.594687631811,-128.714608365413,25.0895837702836,-103.276580414462,-209.983996575935,-85.2963981037683,180.404962658162,28.1941160039592,-17.3079372654623,114.714130763866,-103.08739531471,-143.52876662982,183.57038300071,-81.7438526895114,132.364736676709,136.164993524424,36.5293346213622,-73.1533152032562,103.428798540983,-28.8015961271501,21.0136787829127,38.2052303779242,40.7389757956439,-30.2487920497047,-83.534368934881,88.3251485689123
17.2108627398647,21.6002795127727,297.712475995253,7.4054731293055,36.2263018729508,6.47916102693085,34.4511183646628,10.989655628131,-9.75820319887642,11.6388221612423,54.1940762892925,-11.8500430083564,-3.25960151571825,31.147516180977,21.9856895805658,-161.049347114414,47.892065701995,68.2030509776825,-21.2033157265245,103.053913218784,147.724497162263,128.138916376722,178.722610622201,234.076174453493,164.066547776891,218.79065217809,60.8586671022758,175.920397191839,263.960787805992,48.8209455051542,140.345002132014,249.328569451068,127.933828532153,-42.5762159112514,-52.7497795724801,156.468656438659,101.958404864262,170.6814950272,-215.655841981621,-237.447164236624,48.1444274596016,-54.2034236645792,-273.265351484133,-104.171115030967,201.599671665847,94.6275380516505,-80.0527774662341,143.266685577,-78.3654076589216,-131.65154283174,238.516797400042,-27.1555551088707,199.632649959417,103.304273160892,33.0032550070124,16.7928770794424,71.2511710817159,-38.280980003306,-17.5839889365917,-111.471627577808,-75.0441240458048,-62.0639911030366,-221.192909885821,-9.59629288171815
94.9256831204908,77.2414941917498,411.988662913467,63.8971808201392,92.0484235289044,67.1531036374363,82.4443018390758,47.4080639779175,62.2198066197287,62.1913387733931,98.6421385344245,60.0007307876916,60.4320493131867,91.9056056089566,103.104645835102,-77.966425639438,119.573857255862,133.661423273908,70.0350093544725,171.43012288606,216.739763655392,209.70379763254,245.735577681381,317.858361609103,249.18393967691,288.595339781588,227.237860747967,210.976491151039,358.17887822092,156.115922514431,146.999158581591,288.06689514518,234.089081372352,130.262169687242,-57.4859367833323,140.881848964536,187.979916296259,269.634143684194,-169.825934885213,-257.563147898879,111.770668339773,44.3962452798164,-306.769500322464,-66.6470089721402,294.097614895297,151.858579708668,-50.8776308439714,124.264576221679,-51.0774540038422,15.0302788709534,214.941548574642,59.8237426458998,188.795029194007,4.95370435103807,4.02622014074513,168.295278204131,-7.16281765406448,-13.2342671227026,-52.2699037640328,-310.186264963257,-259.596071409801,-40.4587478248389,-299.411444969791,-182.938291544785
114.033118797916,78.8164013479907,305.105245472288,71.2493505653454,97.6007486843093,92.2720032661872,87.2990349656761,41.9518734178656,100.041660920708,78.4853478483413,101.262459295635,108.67305621295,89.241096293607,111.775806122236,157.418603417974,-22.768591915886,168.768876306256,175.448737026626,118.629583466588,218.238346288241,244.508270420716,271.777680762485,274.777869021779,340.142381223992,293.426406627819,308.632540648377,379.852456859399,196.187062267403,366.708721202874,230.708652458667,100.307200275164,255.877364638203,211.089395528457,296.848548019002,-109.440671776117,88.0530748280279,150.932565609899,257.4834803006,-145.15069974141,-312.55698332933,64.7238160686894,58.0231511033333,-410.200819038754,-99.3892148947856,350.978177756353,155.460610389281,23.9325894428302,69.9967597292088,-41.4479437416053,153.675971140588,116.98518173979,75.0729817878384,86.1244324456663,-89.2188138791383,-59.0500082790557,190.723021585149,-101.421016904699,-42.1006715733654,-101.931349309545,-411.429498462046,-429.023565476248,-64.590831713183,-309.411017390109,-422.850083675533
38.2927088825731,-7.58655766215627,-176.458744460507,-7.49454994015823,2.54094710524622,38.1789446831071,15.0116017684476,-41.3050709550019,62.0489949909485,14.2638570313105,17.4179055217292,88.0451641033389,37.9024672438123,38.0668676312008,134.715576160191,-49.3710321966093,139.306376167963,142.972838112075,79.0575854002119,186.972570749092,185.032195402169,269.389610090397,217.645526569543,245.094956344778,258.979634560415,221.815823448808,464.848834859508,104.909171993039,224.237308267239,230.892574948819,-32.1434552998845,78.1225707845572,12.7950118904533,426.142212528744,-240.580875249562,-67.0857301153224,-53.1627271724271,110.575007950776,-178.813032018321,-455.493347920026,-147.792975237029,-67.336541959105,-572.070334941973,-243.562525957786,286.985840194285,109.225162743485,68.3110689760082,12.0479214595696,-45.3007806367944,143.619252097493,7.03904264837537,-3.63455459478283,-29.962033509728,-114.017273339855,-114.997056948615,41.5947113657907,-142.108812341028,-123.394658592412,-129.484790331,-315.270621570836,-432.077569934528,-156.4004094004,-251.256500879171,-561.731808171556
-62.6163938875065,-115.579759940021,-716.865390834354,-109.253314921334,-126.822709265847,-43.6829871676893,-77.0768421786029,-141.191409177234,-12.9641638095886,-80.0177549214826,-96.9798408290551,35.5856200662965,-39.1966856299365,-71.0525947701523,66.6579863695453,-122.108595840414,59.6605901987682,64.3924373897147,-10.3013482646048,100.104083459723,74.2162352889541,210.814569088414,110.196882095894,94.0654355804518,162.852438429999,80.9180039248939,461.6218063813,-4.91941343692092,29.2196061071816,163.494478467378,-177.555488594428,-148.950133136137,-224.739130952495,493.581539028856,-394.83195636468,-228.493357209078,-287.617290069593,-44.2544258388109,-250.300785747882,-583.987539944594,-396.450235285431,-244.926141605466,-693.989236624729,-430.094738545107,129.087000162277,37.5678858235618,26.923041176851,-44.8625996990069,-71.3577885370033,1.01175983305862,-72.0346644760107,-122.024046215529,-100.765343834526,-103.46123538076,-157.613780248631,-137.722408644625,-130.04549580218,-201.645917494917,-125.254644081628,-150.788265513471,-306.968433851828,-249.097403695373,-176.324007369206,-496.718893314522
-148.698780564747,-203.659747726109,-922.845929353876,-195.431251259735,-232.863309442969,-121.565022924608,-157.488932952305,-222.644796078381,-98.7821723942148,-169.557571965674,-194.433475463203,-31.1719725611686,-112.622558295942,-163.059394644761,-18.4104333380459,-201.471027304742,-41.2908546938721,-32.5797414640655,-117.271465107048,-15.7605265249812,-52.8733594660103,91.5190614186302,-14.20370029044,-51.0860079774299,18.3160037020825,-45.6436604905438,325.971775381623,-95.2807819539468,-114.004311573938,15.946345180695,-279.151339167659,-302.646931265733,-352.498764051439,409.254115247981,-529.909362120003,-312.465258242794,-396.791002403622,-112.160756824773,-356.027346279995,-622.17406112907,-552.451849680133,-348.219313521077,-754.573120829735,-589.473657140265,-41.7545303757969,-75.4340634476942,-120.384720803912,-145.807803072629,-165.301731441781,-171.489419171813,-157.42475270589,-241.412427619596,-164.479765104643,-156.518035967605,-237.358378264652,-226.642808730023,-150.444627338059,-263.685306928309,-151.410695114562,-131.800400949213,-264.890654089243,-299.998794732885,-182.956946106226,-367.788834738589
-212.347472629695,-265.027502589624,-775.38533609772,-255.888317094381,-297.355670651954,-185.962462825176,-218.758874807602,-277.776641281759,-170.108863344244,-233.651632621556,-252.870002495048,-100.726903592283,-174.03268041272,-214.998243296714,-91.9775998299478,-253.75709293335,-129.068209596979,-113.095796485519,-202.445877799863,-118.51699806792,-147.970659628288,-52.3794385287855,-111.325631346264,-145.182686082968,-118.170249907095,-105.510188026312,87.201656383829,-139.84461834727,-162.82456199998,-154.015305428571,-309.848988970612,-335.570265959921,-315.67534373743,168.090906014525,-590.878999657518,-338.359216995946,-321.86789228654,-100.286994582597,-443.935939047765,-581.764150094663,-580.626630528979,-282.241389465206,-781.438622971278,-646.734231024566,-136.445673642929,-205.092485660572,-290.657734336227,-267.801977901142,-296.278833032672,-288.527950991869,-256.362624853191,-328.475703621124,-237.142797685831,-263.584091109088,-338.50915846686,-219.817279570574,-221.538957955012,-295.027046850259,-218.930762797166,-252.87138707522,-344.424496396713,-293.675350816864,-272.386743279541,-316.22250111985
-212.260792554424,-263.191528642883,-528.421722901022,-245.456898334328,-285.445987899895,-191.008373364845,-214.479418215825,-260.065081920623,-169.27929763732,-219.022209541598,-228.152468468577,-112.803760197237,-171.342602951161,-186.729851783184,-97.5415318309521,-228.000262118113,-140.110557330641,-113.071880129797,-201.370785543397,-132.084929342267,-138.884764322881,-115.698523591732,-108.602389689004,-132.07524773905,-148.238492143539,-57.49849397474,-97.7979098736027,-91.9234430845581,-102.798181143186,-207.995964609077,-241.164295958604,-247.815709145958,-129.300889600352,-62.8378549405885,-499.597011123226,-324.06666957145,-80.7349878725234,-35.2657578874326,-396.944610847505,-466.074248450909,-469.413743986674,-23.5792913918185,-750.153693626134,-516.413768421628,-101.929369970414,-253.721648100062,-339.784749009392,-303.363473743251,-336.899364808856,-302.921328886441,-284.704119236539,-324.84910066762,-249.565030145603,-298.98603156439,-357.655630282075,-156.948923296631,-251.388634022082,-248.255478003595,-242.348368589548,-310.810031736785,-357.825451456161,-206.532401825666,-315.916039256581,-278.869678064682
-133.039837539875,-185.319878841183,-347.279064963442,-153.534566835649,-193.383436214208,-117.321064009849,-128.405398743774,-157.630902616569,-89.8888794805634,-119.762231350764,-120.345000593793,-45.0401695856597,-89.1044942423638,-81.7829948246823,-29.1968490863951,-129.554915287373,-72.2184215831791,-32.2465731239307,-119.219243728003,-53.7780640956494,-42.3484809520657,-68.9286256865709,-19.233175030604,-30.8818203159574,-73.8072093412106,51.5864707783429,-131.339068010675,16.7418268250995,14.1795727327283,-129.226642320824,-109.821290364115,-103.082301435753,117.765447110256,-158.104695587879,-284.312431936929,-263.616040122056,223.039589489893,52.318530382613,-215.105748497216,-278.318835258846,-226.659541864013,317.86078476347,-622.35316528303,-225.339795546209,6.04389605707524,-191.715584604424,-253.887512739106,-228.905662582125,-244.912800459633,-231.138318617802,-206.948627331345,-228.069138078228,-174.785353872535,-220.726825553626,-259.791168327144,-87.2053463175034,-193.000948023517,-138.545428665858,-185.443563589071,-218.417976818791,-216.942830153784,-72.6241243444006,-240.404156796653,-169.792629930089
-36.3494950233918,-92.2306827602227,-204.859433178119,-56.0249652179765,-93.2108607759573,-27.7386405196106,-32.5067586061108,-51.28822049324,-6.7230067483084,-17.3705938174594,-12.8479442225435,31.5720181486754,-2.09488953411412,17.7975993348455,37.6402022490961,-38.6822031443526,-9.57499836499465,39.6915698144058,-43.4169617877694,13.3606598221704,28.0051190123476,-13.0681524729064,39.1615718349899,48.4042521595074,-18.2398724058682,101.645571559153,-99.2280272853697,66.3365301537121,78.9270658897256,-64.7316342210552,-15.0252834370154,-7.3590129092507,295.564021796213,-171.432481456426,-92.5240243538621,-178.336023651644,427.765277203964,109.106486627914,-64.816825883385,-80.4230542611634,79.893809660812,555.756256885498,-411.869828239277,81.7285914792145,88.1259714826571,-107.56626247827,-166.707792031117,-141.296586071297,-133.689066022214,-149.975271302633,-109.243220208487,-124.284860830608,-85.094416862743,-123.929578287548,-139.659908801956,-58.3875239508497,-110.70922633234,-57.506831880402,-114.136251880776,-97.8244778403009,-49.5718951832116,14.0811145480355,-119.002438069959,-36.9719067403325
26.8699084429137,-29.751449886938,-41.2087672416427,-2.44373404392427,-36.2774703541974,22.1917998693106,15.9330536193276,1.68270519088463,38.7396688687778,35.8254329663326,44.4887400475063,68.8984254425517,43.4164835462694,65.7546749203522,58.8860344478889,11.2369430033203,6.09770814242547,56.0354654765716,-3.67328469442271,14.3647712114535,31.4080823742127,-12.1908150595431,19.9523828527694,58.7363768967166,-43.4191484284595,65.8990208483762,-101.899635319346,28.6566221736942,64.227422617737,-83.1234301425703,12.0664795578176,21.9320894030966,356.919688033604,-169.346478732806,-12.4289748237372,-74.2249364460989,453.180496706323,130.964944394982,-48.1906098678703,66.5198413133206,353.732034243183,601.649740715805,-158.973160716246,325.989599443154,151.209760894813,-55.8515569932809,-145.302432212194,-89.5526437795763,-88.4346763300394,-104.056537074722,-52.4846117880417,-66.235230121344,-27.7148807492563,-69.1595055718429,-73.8097605648111,-60.9779526863588,-52.3089324560556,-38.6113109273685,-58.842181402544,-45.7416177934937,32.0014963966243,26.9021601869883,-23.1506343850235,55.9497841353633
79.0495381471336,28.5900658525042,121.253305313557,46.9869900762165,11.0327960110816,58.7625042329951,48.8126152558481,42.5439265567043,86.361027847525,79.009931862853,94.0844214106172,108.31369879745,91.0759083299562,107.251780547045,77.966691473193,70.4063124675585,26.2939539424275,71.6900854414931,59.9536936272519,14.3370768516505,46.0924642512176,-11.4794849602411,9.58745752082014,75.1680120434083,-73.1172226287267,44.2957268301707,-112.765700621396,12.3729278875015,63.2550668700493,-87.3050297828551,35.8830019864957,78.9888880075934,365.433624015312,-134.571538800346,4.15998228699951,77.7483777173938,370.133866275473,179.461950027243,-80.7593159497036,180.387780243459,515.647961426033,509.236670047097,95.8844511381856,536.16693052841,265.71377538508,13.2110689977309,-118.399850069549,-16.8567937349902,-50.3724309093119,-62.6861245613665,9.8418197059507,-15.9588175841834,34.0137098664782,-11.0732190446842,-22.3357979650887,-41.4896277605516,11.4090823869398,-19.0403427923905,25.4035996685629,-4.88204893647552,66.8007455950478,32.3589919554613,71.3450656128353,118.800129367544
137.847021971792,96.155933949059,226.49494815043,112.824352546119,70.772652088412,111.573373460322,96.1994685613015,101.563977961743,152.370681895763,139.545308828688,159.920413151812,171.566890475006,159.264220624077,167.99304831256,122.635949137499,149.514473731344,75.5805151318556,122.887150446117,151.013473703772,57.2879001152998,110.607309522065,23.438061517083,57.3710708692945,145.098229351576,-52.3014610514801,91.9532182866902,-97.689529891459,67.481134592107,137.608355412968,-31.2254270998121,100.186142727791,212.834916883334,367.075588916641,-86.8912004807663,33.846869208183,254.867981979734,309.568345311896,250.649192989418,-57.0718062884084,310.543333842737,534.409436561406,357.276242266494,292.943400715842,669.666268381838,389.02704906533,118.199358293772,-48.9583434154319,93.5607925820713,34.7976358163725,-9.38192020323078,100.673801842879,44.061802701903,112.760915115495,73.2325554851305,58.4682642987239,-5.65307181864098,85.2007499548038,30.8983014416141,130.222825272121,78.0721718890727,116.699315095075,61.8304936733976,174.0444384991,159.10150612752
165.96706094316,127.311431181123,266.730877098631,145.796383867582,96.7216170729743,141.960362778396,119.830194987735,133.841612743607,183.185966839475,172.072681933924,193.915032690863,203.393792972526,189.27051331373,200.421435198301,147.828158602051,184.853095379031,100.825784756971,158.869411394478,189.152580824584,90.0942722379875,160.653178788766,39.0851125332468,96.4622644403598,206.147606386543,-31.7118905712284,145.432728352532,-94.8607470577267,120.011228952201,227.676713880152,15.7957139798055,189.447112424099,342.099408993385,321.58338256403,-75.4837218419413,127.688842823538,370.693538371697,322.375817828039,247.591219426811,44.3082768726775,459.991043128185,453.428789995495,187.157352875044,390.688744191692,593.633245678493,378.925122079386,181.497969271168,-4.30549491882477,157.397397248089,101.64612950655,10.7311801249393,152.854506990227,63.091185492283,149.810417047952,127.124569752588,126.219319909249,-19.5580338330952,120.15875924091,57.0760998455448,175.334185437664,143.020951047737,157.772791163043,68.894375057137,218.58392789,154.346901188915
141.155408094695,98.2235603915441,276.289359647296,118.523120156478,63.010650162527,112.877702364998,88.4369105031846,109.730010055909,149.398993176428,143.660255417571,166.803480649931,170.268609470157,150.121413832602,174.139574810364,122.262130044242,151.67674402663,76.0689819421833,138.606050473976,153.931841329386,77.8179930843459,150.327207473569,13.0357312221642,83.4956389719693,200.81683294094,-33.7678912105598,147.77888354882,-93.966789817565,143.584334895509,248.550538810321,71.2674142739094,286.104843748633,357.011840966002,193.300306815569,-34.2134021996956,336.925503450253,368.738694061261,314.989392724474,125.256932628559,233.733772518434,588.143862283442,333.25154277733,20.843899230039,411.538871349405,310.407087645533,186.895375028716,156.729128015655,-17.8775775567019,126.772325404667,90.27550679252,-23.300319727102,128.403726915658,21.8652223382247,118.135821030047,117.32930259886,138.358073182774,-94.841895162391,105.929030497315,25.4613778863931,141.223568543563,134.321367208499,142.609817721875,26.9253937219504,174.924247363768,106.906957080798
108.691850076603,62.0358175695272,295.821154923063,80.8687039295869,25.9240238629615,68.1304402558081,48.2169413265403,76.609882597434,105.3979131784,104.848818850289,127.928776051928,127.635941258331,101.909314263688,137.311468482773,91.9156590307172,116.843948863155,57.6828231703913,109.996036702945,125.858221299964,76.3838334282074,128.121145502169,13.8646157533212,85.6440392625266,173.327676696877,17.1060702694283,147.901000440108,-5.85116353032847,221.351022319743,216.38196656187,253.376947986164,396.430806822278,266.88500998193,56.4523038315772,146.801581490393,655.512133144638,296.576015397749,193.75870930674,-25.8687821665002,501.437022644185,662.251443098737,200.628049811529,-112.531617076509,399.924640112099,31.7499711375142,-52.6571929002764,110.477722540429,-17.0904882464877,78.2719451258444,61.7746517480727,-41.814175123163,91.4604681423734,-9.01384930552967,83.7627050120949,96.6064382003549,135.305023290629,-144.072085812722,98.959993308445,-10.0732705704147,111.372878798167,112.940207891587,98.8462418276981,-11.3652538970278,130.946099285268,59.7403921321665
124.740752246921,80.9563738810833,351.036488190981,95.2047444116056,50.2309594027706,72.378507780921,60.6748151931793,88.6688293005109,115.691858884207,122.325056864437,139.725448247028,140.140799165443,114.090713051489,150.534487115603,111.695949747042,143.672601169423,94.1948343020283,135.462722793723,160.829486245458,134.790570420466,154.64394426631,87.9142634689024,165.394330993102,196.831913333823,155.55360549275,216.468648167955,174.250677479182,381.135342400472,224.560652445979,531.695927471326,524.107100157132,211.835957078134,39.9803220839002,398.852471413294,937.952065448751,285.668357772573,55.1677824482664,-62.5361254176341,727.462248516921,680.340252325116,107.883166543617,-160.543918406005,370.382629429395,-54.4661964218264,-156.992494744123,116.269548397336,57.9746929626798,90.5660315475589,90.7857608616346,33.3534679128864,108.252440970199,41.7052327200611,108.709254878218,125.038083829005,176.939652594787,-79.5010052909917,145.367048371515,28.7681008365688,152.265760704615,173.811844211214,117.860133233079,31.5295707623829,188.054123287298,67.0356814838712
165.308046866695,130.029474325861,390.477059898479,140.60586312124,105.985584318664,103.537769634952,98.257162723937,117.451036183019,155.006929076872,168.569212941551,178.741611275596,177.158338628153,160.349970550989,187.15950327768,151.88823744119,190.010111443632,136.457545314925,182.418597950914,202.033232295017,191.511560130304,195.530455005454,162.410345124379,253.07668962968,247.110005899995,272.382214187957,300.641726479703,300.412952369301,489.095175434741,284.322370018818,666.980608634324,606.08971966361,274.937837581249,144.289733758779,497.857063855915,966.147553340636,392.262163219489,58.2850685459026,41.1974092840148,733.893943180587,625.985378509066,116.094306069581,-98.9735753394635,308.488433322263,11.1513164906632,-94.5539735965211,138.969510092993,146.812238671157,118.00916793299,130.414088495763,157.521226029432,138.862364612335,131.164977175042,143.148679844051,173.368525868276,236.139762708289,68.5779190761622,206.252071357487,142.759683508404,208.46870163141,284.809498835697,227.673453110651,157.894135331755,300.333197237272,140.026687014668
169.713835703036,146.54576223197,308.131938875955,152.885536319274,125.254246918219,105.340344672969,101.448098171618,114.517663479053,160.327054480355,176.078144638745,180.78226291297,176.08572787133,173.406709546999,185.030066931755,155.072721071562,185.87662996489,122.626892010495,186.453948791337,185.096388159965,170.426429100525,187.026470927029,159.405150601943,250.20694937095,251.501547932733,266.99590431735,295.68940753197,275.467495265221,427.278989367236,311.643703768274,523.842757954799,555.384228297013,369.755181624112,244.674211502722,365.146627926398,692.502699881393,511.676585376131,191.198902867816,177.474782379461,502.478800452942,484.902065730242,207.775388903234,35.1689151985167,230.908883568754,84.9002787242952,26.2185821101551,121.370952275806,177.459944450127,100.420091706691,119.415943910733,221.532640805773,121.690374020851,173.844785467503,116.957447468043,182.901363067903,250.232234928961,204.145587690522,214.826106772924,265.530844334953,197.225315704844,322.710248154745,345.236346305452,292.162324678915,333.074251317599,236.771747969657
149.121322188404,139.517933309238,100.015676965273,140.817891055191,122.501190705514,95.7453032271862,94.4449216942978,108.534819650071,143.714834409323,161.031460664434,159.099396362682,156.569221560553,163.176879980831,164.591812309939,141.424545281256,158.630287078927,92.5532583751259,171.907133854484,155.568602406744,120.496831541854,161.113402109774,127.817870586801,195.87768175461,227.124868779717,208.435281286884,229.217297090518,201.841972653496,283.709632487184,290.954989749123,282.552616926544,408.99390435546,396.301398913967,286.825056142727,185.194622968272,348.154517901826,527.600215870875,320.636712438782,274.071129645683,246.481410254755,323.855395989528,308.90417573633,190.554594867102,203.195318010275,138.770791755571,125.385309966526,99.0344841994295,194.749838989109,88.4350187327745,122.739408328514,220.39030298868,93.4019288382015,185.954618688765,74.4852192549122,170.275936959287,235.712687838643,287.037992185997,184.077041450117,341.553061430325,146.61872301415,256.064631017653,379.572023917698,364.700163579582,260.396542829865,303.891258796162
138.901143353938,143.290486208139,-96.7699098846685,144.649585586092,137.055885246945,104.422726896486,114.285840680415,128.467449249346,139.523826600449,164.967321030581,156.214101016667,154.839057029808,165.424995996028,168.619812553531,149.587369104943,156.335101401915,98.6103699765721,184.156292626451,166.399981764745,121.272103770967,170.961316906138,134.202406182317,178.667287764282,228.178107844291,199.528533367591,195.798269554214,200.82227366853,204.100085648006,278.247922834461,170.280795920379,283.019847191599,365.107167076489,302.326012821404,128.050237001065,161.812791091409,436.777245409855,353.69400686298,336.779193365577,142.480733217735,218.224474525237,350.181418212918,312.827759849338,232.397311041151,218.658862283593,196.64385847599,111.389558304539,253.031310838505,125.076526598763,199.078944923792,223.368186392212,105.099259514311,220.70381448166,81.3355126617834,167.554214548363,232.034648240751,304.570104771019,158.043510036419,328.583192923216,119.003632036887,152.250027769948,300.392669970133,331.440120211684,158.181393975881,283.260459587745
123.286603633692,141.650512274184,-149.844175136979,144.350877130122,143.197596134469,100.602464140949,123.776603911312,135.522319268699,127.646947020261,163.529747569763,151.187837311313,145.309489926821,157.92354661026,167.868800795919,156.532380831234,145.85731662313,109.895825746555,193.18131019149,169.119763202606,145.416868978162,181.099393204618,144.751338678259,181.510884293286,228.630773925727,213.120600439441,187.684408313438,228.300155673641,182.219803513964,266.045696722453,165.751393811072,202.957016575562,316.682027992359,294.364525862883,137.328342995206,105.465692136202,303.483939555749,285.413333122211,359.70860098895,125.032381348509,147.668023604635,293.9162381145,349.132094174948,234.40993684256,301.090930717753,254.378452575583,116.635117510633,299.479879665089,144.646061602251,267.289945940862,235.602374327669,125.744483911543,249.77587014299,104.040769377024,155.55635503525,218.350851336922,232.095251599992,127.878589287344,209.205171914269,98.904080154086,60.9408393284069,143.927286741202,187.393637203303,69.9417716431359,153.617979404073
85.6940095531933,112.414980803557,-73.2362514622577,110.694885061871,109.404629656754,63.4466043023206,88.9638617926004,103.590594716508,91.1535801715631,127.395289779887,112.786098323248,106.449804608205,116.332367064574,125.382768957707,131.105336401781,87.3790388392411,87.6929953286415,158.283519520931,108.246038501172,126.631390872009,141.43031668947,112.202693204351,143.823052171153,179.319285555032,181.653846371024,145.000652989073,189.068964736438,140.172865182303,199.478112680988,126.829786133225,125.169835396374,242.867428704504,241.882464837476,85.5245449692583,46.7823410312315,177.597410283166,166.428753376704,318.609523040266,61.4129598394206,70.8526331869438,153.992284227602,293.204861196272,161.277110603287,311.964048810292,302.458031029356,72.4803037449498,259.319056286422,88.5577443422641,231.823812081518,202.660026812844,107.805825018778,216.786015149741,85.439885595816,119.462457361303,166.940661886572,95.8438024788098,76.7565842836045,43.6973488781743,52.1467279048718,-5.7726721461235,2.30184064079888,11.6107216821224,-0.355471047975977,-6.75537484906874
38.752556758141,63.2144704748327,-8.07435392146265,58.5548866960545,50.7766501346793,15.8349377923629,31.1039612561889,54.7519601329095,46.1003091844761,72.6655282534969,55.0414954973714,54.8327681803147,57.7000990412794,57.5799898769816,78.0188690881019,1.64704421776925,41.0730651654784,92.5726775080609,12.0746667289691,63.463478099136,70.3346819563963,54.7366819067336,74.6258856829049,101.072274781652,112.354521588733,80.2356313072375,89.2619685182893,79.6670556410889,89.6567451342417,23.8478259161607,49.3779289539954,127.785377773744,141.620025738195,-34.3884801034221,-33.2773590833941,70.648130425862,43.8200282803615,205.275218840026,-44.7924058081397,7.93153612865294,-6.71668755679817,179.58671656216,64.7310425005236,227.070277335951,307.890521744759,2.9281367918568,134.088799641173,0.251422677668645,116.39981601496,92.4911514418954,53.6083479410249,115.860214701892,28.9807999402096,69.6461241002855,88.0695094865279,-34.5951872993914,19.0834364290064,-77.7009145152216,-9.58845617626351,-49.1646426142165,-64.4945009927756,-99.3191198373991,-48.1033314373137,-102.432648252844
-9.8767653247325,7.65974964853115,-39.9448859736222,6.484002063907,-9.64240390211183,-31.6402915142483,-26.5413667486306,7.40977367841391,-4.2757513436753,18.3124182067196,1.77888511203892,-1.83010801061566,-0.586638764518294,-5.75560216232132,8.34032619539869,-81.8813516383348,-10.522395928665,22.3914334616411,-66.7570248853183,-4.47311352763785,6.77625318631629,5.80186869460343,16.0522235138487,41.6363913019971,44.9412624740228,40.3188631244901,-4.33927884652291,41.5118180384142,12.4951061902438,-77.1188917209189,6.84629650606078,14.959141683812,15.6686877553534,-146.564580005547,-80.767020829413,-1.84481050907756,-61.3269052712125,37.8533567883633,-119.17241379117,-8.33461993714513,-109.559270435125,43.5360947354098,15.6102458562382,100.473043118183,224.57707742444,-48.1907650270285,-18.7223750267026,-53.6752887611595,10.3617532486791,-71.2671611528663,-6.84653614654576,-15.6716117585911,-31.3708934546566,11.1214597227745,5.47916293450794,-132.480508767367,-29.5523387556546,-131.510650921231,-60.087584591701,-78.1798413697368,-90.0249578617391,-137.699431014369,-77.5208741998211,-134.661424068283
-58.430180985306,-41.9269168514925,-91.3027215715349,-41.8939764911079,-62.5013325360083,-83.9135207441437,-78.4248786334784,-34.1773551163774,-65.8668594076141,-32.8213496599543,-39.7935591612852,-64.6380519726669,-54.795241473063,-55.6225873084419,-69.8955992970399,-157.137585665379,-54.7808513831645,-43.996563639181,-118.411432228094,-54.3725663926101,-44.627450930968,-31.3450853188317,-29.6479563343685,1.82681220953405,-15.2303256713419,11.6791918727156,-62.2584307744527,3.79623535572914,3.85976387386939,-142.615790171516,-5.14272720546025,-21.2397394470338,-85.3085082765538,-208.280308394406,-93.0098228348364,-2.57960635172367,-123.137304640206,-128.785962689744,-144.664835620875,13.0108310035454,-109.518020759396,-73.80763098695,24.4681922658513,9.25421588877779,73.3059984868387,-72.6845179320204,-136.926853388655,-74.2155018850365,-44.0727466156206,-220.30199377551,-48.3221627500923,-125.353042625932,-61.7417678016785,-47.0360477837988,-59.5624658605538,-212.151280843984,-60.2542698299712,-153.226235156146,-83.3760765017182,-94.1384215527819,-118.585849841323,-150.69798647012,-92.8549561731467,-151.367899893351
-96.1396618733136,-75.314941263012,-66.9826505702546,-80.0327396560956,-100.829460215662,-126.383877309141,-116.296868963465,-64.4647568832326,-119.597022342629,-76.3955367471757,-72.4128229187765,-115.689408819988,-97.4166880826869,-96.7721121116588,-137.660075041562,-214.729606100855,-80.4378061980072,-97.7702250641553,-155.156580887672,-84.882408343034,-91.3281602750175,-64.6179108204497,-78.8130863525363,-42.181630486613,-78.2166710824441,-49.8583958122887,-94.4582033183924,-80.7255926523708,12.6955926831187,-191.227413082575,-25.4375868572419,19.8048418275181,-120.286647609047,-229.099205111419,-112.731151648148,58.0839622949004,-114.754055613971,-227.943004795276,-152.424453547131,35.157007720471,-32.4812325936267,-120.521182400839,49.227162589806,-11.3498657261725,-58.6620205488098,-81.0018259706105,-189.739448716549,-91.208331910242,-68.3984587193512,-293.952869092317,-57.9934092671787,-179.591280900462,-34.5370996341896,-84.3209197073282,-93.8137612842707,-264.025715756418,-62.7466037119207,-163.127506497046,-72.204440498887,-91.6165565243162,-139.436919766366,-152.067086043963,-85.3246591834768,-159.740471293295
-118.30001635786,-98.8034122868159,-12.8760846603579,-107.468510602482,-128.771178254903,-145.573568204662,-140.362304520312,-90.5747219352775,-145.558871656249,-111.542392310861,-106.760662764417,-141.253933032177,-128.131455330377,-137.650163128724,-178.355071195525,-245.943456661348,-89.0259344045877,-131.824921660542,-182.161703276835,-102.576390091114,-128.760797832892,-91.2918909276515,-124.661116229338,-92.2100562439831,-129.88849648042,-134.128319618594,-105.38834533253,-185.819200509487,-23.9547789657162,-232.112997369253,-76.8991861744786,45.1502364113422,-110.656188743678,-227.612415573675,-146.13430144142,92.6098534434495,-64.2866315966218,-242.614896192136,-161.192284036389,25.5627116518448,37.0700056577512,-89.8615039249701,40.9584685763144,9.63347888504181,-126.314774395682,-72.5001372109571,-199.796369512278,-97.3934754646419,-81.5494185570652,-299.091675426001,-43.443260315382,-186.385772490657,30.8917565223018,-96.9929467546815,-96.6447416662529,-258.584610570726,-46.6694840083549,-149.500733078528,-42.8153817531792,-79.6297067049922,-139.444204205983,-127.114198613283,-60.2929013506702,-151.316816507367
-139.307915196755,-128.785309499355,-16.3785861091227,-136.913242118359,-162.617680263792,-156.736177672919,-167.329575570982,-130.755369993285,-159.528180499526,-146.478163417176,-151.372178605454,-155.79116795246,-158.879533273201,-180.194944487917,-199.026640356067,-263.39007588219,-99.3240159757438,-157.669471606936,-206.332737996927,-118.800823612504,-157.03938512255,-109.344859550104,-152.203875474319,-136.482396139109,-155.053142370352,-190.156847127459,-103.871405062803,-242.119638344279,-96.2643321599205,-250.650527302785,-133.886071820416,-10.0510089558492,-120.907486101194,-220.008518424179,-159.894142984704,39.9279195791378,-53.4034218292614,-220.281948931375,-173.834739614131,-22.305759034818,24.3246250354367,-56.5227143822515,-23.7905803928663,8.09607453081016,-173.735475216306,-58.3327452953055,-209.309332544654,-79.4055757094521,-75.3742740089414,-290.691644544761,-43.5395095895888,-173.212651633924,49.0702759485127,-111.365392560609,-86.1282761043561,-199.546859971104,-52.810451721516,-110.481483044893,-38.489413573351,-80.256793527551,-131.337837371524,-79.7107613753938,-48.6669823251938,-137.978578626919
-176.97857652275,-172.028854514594,-51.9480769063867,-178.878935874385,-207.195300757588,-183.089192474856,-206.626276478735,-184.050585388557,-188.851908789477,-185.563206371143,-199.147025030967,-180.758730980176,-195.905941404783,-217.484090904817,-221.588132335984,-284.198809452775,-128.11426033137,-191.204277588296,-240.458680680752,-144.468516550275,-188.895527337768,-133.176257539316,-166.371317806665,-171.904559842343,-174.191077933771,-204.44389728915,-129.348894202458,-245.528102674466,-147.81717316563,-252.704695325166,-163.170503199063,-98.0271937648762,-184.58004116152,-232.777419653685,-155.790712752733,-53.1807614740331,-124.742766526293,-218.990201783598,-203.866405811457,-88.0636894796766,-67.228284413062,-101.926406053647,-124.92886485091,-52.0892673010702,-248.331782901143,-82.9521118477653,-223.542392110892,-77.9412896876357,-69.5815663030196,-296.391928169988,-116.563718172759,-175.852737677013,-61.0851036158056,-172.688750716879,-133.691099722137,-137.567465871054,-124.440216583242,-83.524042056758,-98.4762417001136,-118.344190870378,-132.734068764581,-43.1974798957545,-84.7737984509721,-130.620272115148
-217.894734339869,-211.540045545247,-46.7436356527385,-219.202149039291,-240.405361048063,-218.499798983954,-239.230398784134,-219.007225870287,-223.231314059175,-216.476611939579,-227.873210529888,-212.331229885971,-227.871449050266,-236.449997557587,-245.316715090381,-296.896875749459,-160.741683859441,-219.394470033292,-273.907230782605,-170.943769378678,-215.987330527692,-163.95614082376,-173.680908531318,-189.910953208739,-200.018454426677,-198.240235335843,-194.697898122205,-237.778138333916,-149.035619700785,-260.022546904361,-162.982748980431,-131.548779349667,-254.111799132485,-269.112117520057,-169.368830662807,-99.6012918325594,-211.737032604238,-242.26999126961,-254.243870440262,-141.17697913043,-151.532244744378,-202.520655838574,-199.561038191334,-135.157758382853,-322.235186315738,-163.408701199252,-209.213299912271,-135.024638322415,-97.2100746162599,-288.066360211042,-256.451050753277,-219.75724860369,-252.503335211261,-288.131988064131,-301.655342014782,-118.296464144194,-241.761007843075,-114.290542983094,-201.359653046631,-197.190875902796,-163.380603166508,-48.0383277222882,-167.003632796847,-132.162095317131
-221.655793839366,-213.800683593514,-10.6138438761717,-221.646120250804,-231.02928151139,-226.932005857471,-233.794818523193,-206.257658527197,-223.863611833417,-216.015715581468,-218.764069249008,-220.445181332933,-229.851229654422,-221.12859954137,-239.373906147455,-268.208455999038,-160.605252701657,-206.026096620922,-267.099973007988,-168.850464964941,-199.132963446433,-167.946902221521,-156.428659191737,-165.787682450696,-195.324398938002,-167.305455442216,-235.401303226993,-212.432361570768,-108.10461749065,-257.707150007339,-142.005313847864,-90.082726665307,-246.180018591811,-279.948744617674,-197.39932992449,-80.1405426102927,-205.775137533644,-235.375608330934,-286.984919941776,-163.798207896186,-143.749772748556,-249.443870371414,-196.539268343593,-169.783194657008,-334.914686063851,-226.96644326758,-146.538600992421,-195.053511241961,-116.401820920629,-224.035068882106,-333.024104476961,-253.474394460757,-342.471375548257,-357.64882525502,-468.534228850045,-121.038850195494,-294.825631245244,-183.78310058451,-251.568722024616,-258.182987578271,-219.993016070535,-83.8834417718886,-231.051246597935,-153.865193949644
-188.137141316949,-179.034997665042,6.85300005873559,-184.656806164745,-188.292714250254,-199.139895214646,-196.468711565227,-170.725393364591,-191.410181792271,-186.44489672969,-185.924268286968,-194.825763006279,-201.226960174835,-183.351689938244,-198.768805165457,-200.577189629904,-132.317552538914,-156.778732231986,-217.83527758623,-137.505195292202,-141.792594016406,-135.959393023663,-115.135592326863,-107.820337337615,-148.729464167138,-109.467810341982,-199.422543993986,-157.176127003092,-59.0628338063311,-225.306226615519,-121.82584212449,-35.1629325936994,-155.810457765771,-232.780497258452,-218.368332746499,-61.1439451038355,-104.472399127726,-166.46082579531,-278.313107022132,-179.810289391107,-68.3445864008654,-204.116684747595,-157.496763352354,-144.556020568517,-284.555568416173,-201.489918007872,-81.9274013334415,-180.19432309154,-81.3075898967942,-109.573274705721,-248.841001262368,-197.575985061115,-236.409627861271,-284.003590960639,-429.777452175261,-88.0086285024684,-213.944790480174,-218.540556980714,-189.823735714554,-233.500014888277,-261.023915661028,-122.478433043601,-215.722615727824,-205.51899162242
-169.613468444835,-155.303667075471,25.9916353703568,-157.416932370915,-165.677619803913,-177.302374548813,-176.294182760335,-174.101324544134,-173.768987304622,-168.388688103713,-168.813296744895,-168.489369421473,-183.879533613343,-169.56341363749,-165.128154613504,-143.908311646634,-123.271842307347,-131.296821997552,-181.600488218431,-121.133758769265,-114.45067793976,-113.509039462145,-98.1963665069518,-77.403479478357,-120.115005283209,-76.9725074989479,-129.063577143476,-131.605048978201,-53.4525730095333,-195.525894188326,-149.403312280011,-42.9074362973961,-71.0084025304407,-166.602203434349,-256.582265441832,-112.514964705174,-25.2576056999704,-80.236260096438,-268.69266097097,-236.178629762154,-34.7079761065781,-150.06420242453,-180.899567071777,-128.282079026621,-219.301293852565,-132.173061925128,-87.951938646826,-130.276149555979,-60.7200266644421,-1.26867044594651,-104.72424756749,-89.7297579132179,-76.2139649496889,-147.33170545553,-228.841968669372,-15.3828775883975,-91.6298563217332,-195.501161951071,-86.8107300868167,-151.019374853146,-253.525861713091,-160.363166305705,-148.850882574923,-258.02132013882
-180.108690763608,-158.784983184406,78.959466805855,-156.76674591386,-178.226575326225,-179.614474702645,-187.451758174949,-210.470784533229,-179.420388955665,-178.533081613927,-178.502560143525,-157.890938364606,-190.841862858557,-189.320657105502,-152.395666625319,-115.600926214413,-135.233265006884,-146.352793174221,-177.28378732934,-130.551315672691,-139.540276759572,-116.302719337104,-121.622618939142,-101.590839836791,-129.977749359907,-106.838420147825,-70.0427679124219,-173.588570125135,-108.388520649773,-187.210901626571,-232.868347432632,-119.025772198267,-54.3867252225018,-112.853929561491,-326.115546508094,-219.907327533037,-44.1819776467144,-30.2458642303097,-284.402299776853,-324.312374084095,-87.4986660309069,-148.80213531197,-266.229605856298,-169.651543727455,-149.858002700002,-101.819149340148,-143.830411014593,-122.70257625251,-111.823053390754,61.9624589819632,-48.6885751090357,-30.7878840835891,-25.4468284858076,-86.0143177033996,-92.00701299545,42.7249818761122,-49.1357337517038,-154.888562738417,-40.8170554644794,-85.2517130712268,-193.773830615089,-194.811341342885,-93.8414404983303,-240.256645020424
-175.161412381341,-149.583409152086,57.9632293874996,-146.238559389277,-179.787410542591,-166.978398902,-183.678707263853,-202.64012904624,-163.838785391311,-180.915752404242,-187.37110381562,-133.259597034432,-176.688934451237,-196.742468598197,-122.955507518247,-76.3296349005115,-120.287339608315,-146.315593415772,-160.949913506034,-118.734918696011,-152.871119004094,-96.7069741473107,-132.829670374657,-134.076812155889,-117.235367076797,-156.319291935823,4.29674016990964,-214.011461556092,-187.434248064068,-153.672335107862,-314.905157163491,-208.138538630603,-94.6198675521363,-37.9234727818616,-376.178765414337,-314.153361895022,-121.894051647218,-18.4105151462191,-281.068366797128,-386.537955828647,-171.84936770063,-166.678127340555,-307.169136779081,-242.012106009127,-59.215720607741,-110.069897930197,-151.870722955687,-141.584552384422,-156.463697424328,84.1167087311065,-77.079102290713,-31.6424529989491,-59.0530792807327,-92.4521421400452,-84.8055562585903,40.9450020704756,-76.9580035828932,-127.375576791183,-54.4994455281052,-47.4013864184373,-101.049447231376,-202.915653135691,-62.8344754230414,-130.442686682875
-160.065008364918,-133.397255868405,-212.083271253604,-136.228409095772,-167.848227170938,-141.292714303147,-161.749993979351,-153.770582776793,-136.23544799839,-175.115227346777,-198.21059121046,-101.568024580672,-144.161883063425,-192.975692423932,-85.3734075784104,-30.1266634110513,-91.1375231121575,-123.022505647942,-137.821007461985,-90.6924106371185,-143.920852846209,-57.7649325508773,-126.41405522903,-161.241218909717,-80.2262163668088,-196.226917535597,84.1531833450253,-210.653371044159,-274.813617096039,-102.822822765784,-375.040366178865,-297.776335346735,-186.57311243673,57.3436075428709,-399.1205476159,-382.271938503061,-222.428988595869,-47.6764034165455,-253.71502125815,-430.30307446571,-260.978076181928,-193.93323097462,-284.059852469737,-323.991264018975,-1.19945111281078,-130.651162335182,-111.668828113455,-160.91499180637,-142.404335809446,43.6799819961173,-128.9781352916,-69.5180107920677,-101.764640763579,-111.84077737052,-132.775595809345,-45.7247903648883,-124.911614107449,-144.573519505958,-98.9933740671118,-37.9594291086177,-50.4148497146026,-199.833080820578,-64.2516059632476,-38.5445752334537
-190.815894321508,-163.661926352992,-664.669215095425,-176.991098543635,-192.706706237586,-157.861447047957,-177.228670665668,-153.389015977853,-154.802847845122,-208.308826092002,-244.366752786683,-115.271272287596,-156.887335896554,-227.930115282953,-99.6466314749903,-33.6281781994922,-113.312009828644,-140.489488920659,-163.069741861623,-114.63722725069,-181.071469484435,-75.9770013305122,-165.944371867711,-226.258755740701,-101.003652620196,-260.18656274652,78.0034730119639,-230.509288695991,-378.817900615019,-132.947914099752,-453.171689051905,-408.720555107123,-322.393526478959,89.4757692894226,-469.925509748726,-455.914305504073,-348.414403433364,-120.648518032539,-278.114033063684,-508.156149259771,-380.920175105986,-266.872522920215,-289.234217671055,-431.375287175595,-50.1747244276165,-173.868396280944,-125.155710677544,-211.069090772714,-145.485058589394,-82.1640113334213,-201.219403397177,-158.347600902727,-161.918813251137,-161.16106616725,-212.097919882147,-193.591945616275,-191.508750993005,-228.154122202507,-171.299037331365,-91.7498408168734,-115.830537618241,-231.188529007129,-127.493490667454,-77.8233942267933
-253.845796102821,-224.047202360627,-948.670855023864,-242.163538879255,-243.059323538588,-208.99256191284,-223.713512965384,-207.514874234011,-207.922533975594,-265.483463947144,-301.434606661132,-165.574995354189,-209.728278068641,-282.276921411253,-159.308047286175,-80.1665211959294,-182.653371037649,-203.225253594835,-218.464149655567,-191.279981131564,-263.110760562631,-163.917348926253,-249.547040272362,-312.98339384888,-193.1330277976,-340.063679848387,-44.815635940865,-304.495049816844,-453.816566599531,-265.781480968457,-536.750294785502,-493.364400766615,-411.293972905586,9.69327935392398,-589.264278234672,-517.660992538165,-434.524992766559,-169.40303696271,-366.235471399792,-586.171308614187,-504.86079164055,-336.02642690843,-346.832619866057,-537.418340491594,-152.051337470733,-231.888076678559,-210.096669539553,-280.325828149679,-212.396667381521,-219.10714793101,-275.13373854368,-260.398567510691,-234.02617775294,-229.85852156738,-303.577419170593,-294.399577758662,-255.312330189259,-313.586347037317,-234.634683021288,-190.716006153082,-247.92937339638,-274.094063751427,-224.207596426932,-187.798276663132
-284.066778034584,-246.309210400818,-856.429747331886,-259.881336470585,-257.205309019551,-232.029999748447,-237.254406509739,-234.585012118201,-232.164894872202,-281.596881984152,-306.770217769542,-193.101345485939,-233.54914264652,-289.144247707086,-196.01745056844,-102.622663625888,-232.744086314894,-239.356946439572,-233.42184694465,-247.663022945726,-307.610683531506,-245.646843941682,-300.285108091558,-347.503488821505,-275.81469568927,-365.976294639767,-198.506106696627,-355.200419105804,-438.638697017405,-388.114151091018,-548.383228696802,-483.5909783919,-363.555597006511,-125.693289738986,-632.793122061001,-534.461187991852,-384.016132318512,-129.713247855826,-417.232994590842,-580.092940986806,-559.211024749492,-286.87722297649,-389.032941937701,-569.774848927235,-181.755673845685,-269.047901838179,-273.279605499208,-304.953789662394,-279.092907318579,-268.422924798778,-300.433270756899,-293.153115245376,-264.392765490523,-257.495291270447,-347.232384752265,-267.862566950222,-271.523470761972,-316.490674185538,-242.279623534886,-262.597578244785,-327.115784053466,-261.347384989697,-282.801848477174,-234.16339734733
-264.068367375685,-214.202675934672,-579.893234052324,-221.610584085418,-220.087398852141,-206.235109227499,-200.054540699564,-201.842823832244,-207.460012935222,-241.686346023555,-252.856827452378,-180.622837882895,-205.264760473689,-239.088301361157,-179.394058576073,-71.5298712640611,-228.802180430144,-211.346656536114,-192.37738137642,-239.752498833152,-276.962778372188,-262.894823404787,-277.049681386347,-309.640559832048,-284.611576282323,-309.890246566899,-282.531442266094,-314.174288826853,-346.212418996906,-385.071238353921,-451.746599718734,-393.625480204999,-219.136785020433,-213.648041941641,-510.292191101593,-512.366687844347,-214.121232332653,-54.189946936884,-343.370017634754,-475.555223687558,-511.436269697059,-100.233684291217,-378.145833985098,-491.083232912071,-118.266980032623,-265.160758090103,-251.547835280643,-266.585968052003,-275.371271590993,-231.69689668249,-272.193990166258,-242.635042780599,-235.533132072352,-233.071721485541,-322.847290710019,-168.962093572585,-239.547663539032,-249.129627473564,-209.299763509039,-268.929527606954,-304.56811939479,-186.967943485644,-275.353094623686,-196.688377000787
-215.518508981977,-159.992410916383,-386.019883046725,-166.222932909342,-163.27286061998,-153.117312629951,-141.565937841062,-143.826179593641,-156.124753022694,-178.206383088442,-180.639624043782,-146.536795683879,-151.449360331708,-171.335109579108,-130.334143248012,-13.7015931580683,-184.264656184118,-149.945831123597,-136.42164079048,-183.996284396696,-211.772303167262,-221.375459128228,-209.667318842694,-251.118049140498,-228.388265950066,-224.245304523095,-263.133972517961,-211.810767825479,-247.596908758207,-250.384030536483,-302.64993969337,-290.88696394065,-94.7708982013338,-194.894671998578,-285.43813917931,-449.580557474984,-48.8725512479922,-43.9777558746111,-168.840344421661,-324.364362897828,-385.410919846589,113.885677318212,-323.63348910918,-332.164499601851,-49.775874622255,-222.886463480801,-173.819467788018,-202.93081228749,-207.161505318193,-167.913223705579,-225.860251925605,-164.560316635697,-179.243205148254,-192.881675085111,-262.289880763864,-101.448179916696,-193.655394661429,-174.773410996379,-176.421038082428,-222.881133606894,-214.053611185883,-100.228239079108,-224.668800911164,-134.261535551906
-151.318003409199,-102.312456352055,-276.986859176063,-110.44140380466,-107.797520228355,-88.6427211470361,-80.9454432818112,-86.1509587146658,-97.9637871211345,-114.75227567614,-114.99320536019,-99.0878666187809,-92.8292946264053,-111.301590031905,-75.8367887482405,37.5268257209212,-124.220010257594,-96.5925978116917,-98.5400492809447,-121.297046804311,-160.578212376619,-159.101601565313,-150.249158303463,-221.68658968658,-152.986358169485,-174.537210304843,-172.871536802042,-126.540279449951,-196.435997428442,-68.8941833889352,-185.947905301097,-217.425751626753,-43.0811320370866,-96.7081183090059,-95.4901374048581,-318.083418011776,29.4140151721786,-104.08846970078,5.45066481776081,-170.968506668089,-218.450034766486,241.094014867613,-212.792751664373,-153.546462273189,-48.5324278603557,-164.050264585337,-107.800793210421,-150.20883708768,-131.139904413641,-106.286849482685,-182.999127723944,-100.181429375988,-125.434267907666,-150.801542641176,-192.771892627693,-88.3683143139307,-149.835638302733,-115.577724383774,-150.446340554104,-157.496312780375,-109.156726399368,-33.9930421029182,-161.634429405465,-67.2499145134952
-93.2190718506283,-53.0838324854849,-139.827522675761,-63.3412109333468,-64.5886164395753,-30.0123885631073,-31.7719797958893,-36.0949565401715,-52.0895511678346,-68.7676817735859,-68.0850774699508,-54.5244045892769,-48.742885392538,-72.1220187396785,-41.8158394138813,63.1079838723436,-74.8333600387917,-71.7454687508802,-83.6572127992435,-86.4573981171133,-141.447744919439,-115.109877517206,-128.440570201106,-225.367655553903,-93.5774916285189,-173.672875108852,-79.5842113263265,-91.19809384697,-191.558958057166,64.6708963357313,-126.777772617803,-170.946340464653,-28.5701634261795,-0.187686761083217,-4.85576964508546,-129.561241647897,58.5755457920809,-144.282496701135,97.4988789207864,-29.5593836552163,-25.0742947928932,269.18550717327,-25.9078749984929,20.7115163018026,-111.622330836595,-120.505095677847,-99.7836482222522,-122.793092589004,-100.248952025001,-66.1054100496162,-153.405637411824,-61.4181638713075,-92.0689611603796,-110.997948926466,-137.875763387567,-94.4137231280154,-113.258133321847,-76.3607856739955,-125.677459394807,-111.483498181155,-46.1402138287288,-1.5280922478397,-112.935923740094,-2.33977566208782
-81.7839034919218,-46.8316596924054,-6.21187235869296,-57.860941979342,-58.560927936228,-9.98010114715864,-22.1536563078614,-19.2017334351871,-47.277112484537,-66.431942214126,-64.3168353242411,-48.5302308068576,-47.7551205421037,-72.5717642102462,-50.4397063370327,47.3011424855952,-64.3620986325046,-82.4247006310387,-90.0998194235532,-95.4370020049653,-152.279564288176,-114.714966663949,-143.438111119937,-237.023501161781,-72.4549578994888,-187.469355611569,-47.477448551905,-77.4617259292022,-190.861264947836,102.46223339312,-82.4861350554812,-119.890131867867,-5.03545251265932,31.2111623950912,15.1524230744254,46.424866383194,127.47055677382,-103.434536857296,96.2810298909901,91.4604197541686,194.578938254606,270.505430665547,192.890428577016,217.482841010057,-190.922779085658,-102.085879714672,-149.350043773655,-117.163134492292,-128.860583055203,-84.2714089647844,-148.523759676893,-69.6148146790573,-93.7889549203368,-102.410332397834,-131.797987121591,-119.190194684574,-107.65691708328,-85.2845737955394,-112.744959645236,-110.502684819158,-65.2110275213203,-23.9780862339841,-96.3496990752988,10.2447323520167
-112.813643126232,-86.1627861243832,40.076727805794,-94.4734398632409,-85.5052903612254,-27.1348476392388,-48.2157784769616,-43.8280828329722,-77.8358203048302,-97.9328729521829,-96.5853799351759,-79.3500735710373,-80.8207373016944,-100.446007965707,-82.4549576645328,4.87900675704502,-88.2604119623275,-107.819503750951,-100.868383363094,-127.09323869746,-164.759817792607,-148.09066314825,-167.519540602144,-227.672783088722,-94.1529978632836,-179.440068635533,-86.4869956733324,-57.0435837364006,-148.481398613967,56.1321812468205,-8.82715670116588,-31.3405955534993,49.6525268476799,3.14284675231717,12.8414108512892,159.171772017981,267.029762392273,-8.97378603684904,58.2535552675968,189.296210051459,408.209995774451,305.197604969075,367.878562424055,429.481287357126,-237.175355916976,-85.139357681375,-205.04954060968,-107.094916119922,-170.786550753091,-153.988833616897,-150.043011863331,-124.413357138037,-109.692026817933,-121.091605043446,-160.44549430568,-178.02655082357,-125.012203663724,-135.013417103317,-102.996404126111,-126.763548770366,-124.484850016438,-89.6567538271036,-91.1931673855343,-45.937299106779
-128.422776317161,-113.823135678289,40.6419731074722,-118.91668857657,-96.9177738784735,-35.4110940655615,-63.7192632032077,-70.7242857732801,-93.5097091414993,-113.429851284864,-114.885552851358,-98.7264647549557,-99.433093508091,-112.332367976059,-94.4191933589015,-16.5975381711202,-107.936209390447,-114.496223117037,-89.0287063369299,-144.582259339353,-149.702883785215,-181.904203507991,-176.410551316342,-194.646850501244,-139.810453675578,-155.580619385535,-153.0169001477,-56.4806878466304,-78.5912114902491,-30.7596251109181,63.6806337467672,61.0554065475395,119.189386007758,-34.6383400174986,7.33256832576609,193.246806731008,390.177279838406,54.907084082215,48.7738971576195,262.370061758989,518.697987370314,330.228770979221,457.676394133394,539.489243429633,-248.839484662299,-54.3813056775613,-210.349597827417,-70.9531635498373,-164.653564972305,-207.679308739817,-122.53382932803,-168.864404793791,-96.5459723732036,-109.581917578539,-155.358475692954,-243.914601132752,-110.826005841873,-162.139672145351,-67.8106362575831,-103.908119484996,-128.778791283671,-137.43312476893,-65.1349666273678,-96.2073797065975
-104.831297851123,-97.1123826634195,79.1077309501878,-104.573149865328,-74.7990783617572,-21.7205579175862,-53.5768043074958,-73.3751625346995,-74.2178078628794,-97.752573172424,-99.4681691881836,-87.1915287576358,-86.4348599685656,-97.118524025332,-82.7534114702811,-5.0087154642277,-110.443625299221,-107.228127523497,-61.2672690376666,-146.71750650445,-125.086923323859,-202.498407785706,-182.682473616879,-174.179852793976,-189.826531330932,-159.680182971336,-205.356539530831,-113.70388961954,-64.791812648646,-110.037256064553,53.1271525963369,52.4226991026379,134.321138647125,-48.0487984633987,11.5890291341345,117.330987322185,352.635948865688,16.1953188603246,84.5441945821066,287.889616562884,430.953445347367,236.348549466846,445.452007775585,423.516879366202,-275.779400942252,-28.0313030490254,-163.046930122178,-25.2569179889624,-113.006483987395,-200.278760464353,-72.3921065830975,-155.830661820671,-57.100895357398,-47.2929726462701,-90.0942482841513,-275.423418536605,-54.5827137802181,-134.651397637024,-16.9126111763716,-39.1254063364356,-62.1978805726554,-131.14781288421,-32.7745849204164,-77.1714496738761
-80.0399561351855,-70.1004517124235,145.060414347112,-83.8906364167597,-52.5167314369657,-21.3522517762375,-50.1149111216156,-72.7149058573201,-58.1315596201242,-84.2460705545084,-81.5660569918512,-76.5156721180234,-72.7274530647669,-81.2248129145429,-77.6624889321428,7.30221781018979,-119.486864802814,-114.690853875255,-44.7898674844111,-154.409536561726,-126.948769872951,-215.541031653041,-204.067442245182,-193.548174897224,-231.950821381164,-205.491358718429,-228.025940919816,-189.753902226482,-144.845464490738,-135.772717176488,-39.4002581344772,-91.7087958501034,45.3923137467888,-34.5515600228452,62.0263086317908,-64.1688150287527,126.56790142436,-103.360822695742,146.735647326764,250.125211919355,182.873827817835,11.9352429421908,344.075580727686,134.876396611991,-336.320648100568,-20.9424009272732,-99.6927656673354,0.727866696994125,-68.1066417958597,-148.149525594977,-35.6178074937495,-104.224785192065,-31.9799890446471,16.0312135053408,-10.428374212843,-257.557672019677,-7.55839951346026,-84.8860830423637,11.1200101595466,17.815013155723,-0.615112566983571,-90.2828491596621,-20.8924128527667,-21.9316822779961
-69.8466684005607,-49.9189850788847,201.122287883208,-66.7824732967001,-34.5365135746737,-29.6575691208081,-51.6387103724347,-67.0342977300895,-56.3735980977617,-73.5017443729145,-65.3814323742731,-72.2507330292716,-63.5464973498526,-60.6025875080612,-75.8351286609073,24.9869692792627,-129.292798361248,-121.429954314,-18.4922439827302,-151.046607072465,-135.573261090184,-204.913514692664,-206.07464792369,-211.151981860232,-237.612811796198,-229.76661170903,-208.722825379826,-189.906312127058,-222.715571617214,-82.4941136808253,-89.9159444974458,-229.791797718614,-72.080361566764,-5.25527392595005,173.328487241728,-214.937208354624,-114.26135169881,-182.250031631951,215.649889526898,190.116834374127,-43.1976663658489,-188.062841454939,238.897896555784,-106.853047593763,-358.251312516166,-7.80467147111089,-31.2761563704903,14.1754707678883,-42.8560213043747,-67.5283610674424,-8.47956986181781,-39.6435625423275,-19.8828721597065,50.8708206984986,53.7081583095978,-183.382330459184,17.3526502290071,-26.481295949595,25.3506702413126,58.1311749326583,35.2970135617663,-20.2265309735623,2.04530004058909,27.0317717578737
-27.9117278392038,8.40160233033119,268.290476757878,-6.40855225630747,27.3863108634276,14.8935192823495,-1.01091250948034,-2.63605701887618,-12.4026165802638,-13.778615883018,-2.60006773711151,-23.9210563736846,-10.0313684200674,6.13374189581974,-32.0453019973136,98.9477173548676,-92.3417292610563,-72.8128370242682,73.8546259351769,-93.3508401164356,-86.8924005444889,-140.116307802998,-132.869438632847,-149.122071858883,-174.502067376443,-159.584990394988,-141.708996297541,-86.2021684634437,-176.033884911182,20.6926245750676,-10.929327559856,-183.426510334684,-71.2536600263278,23.8470147440912,283.878257623295,-168.791704342809,-154.740281651353,-121.274155490474,266.216155054627,172.46085019012,-84.0193608994753,-198.903825100665,229.277879883637,-148.074640172652,-262.036507684719,43.2829932515657,63.0090464275289,49.6404115941549,6.66717088999961,57.6139314561182,47.9649642123485,55.9757715020613,27.1097375629583,98.6788943320696,133.993607188404,-39.875698381228,71.5891094919658,84.102584732788,79.3467549945287,134.321252776578,126.904233838612,110.291889298915,91.3015564576361,110.509773256026
64.1089046283901,116.636489143032,333.250817138568,105.901346104769,140.699544396672,119.85044226381,109.542647967641,119.419801422333,90.8127365681977,98.2835889895376,111.47379145233,78.02694915493,99.1710660920473,113.434470846504,60.098350432763,227.954574432588,-6.64168890529908,32.75359404677,217.25840432801,8.97183501967254,25.4219056735632,-36.7192824885572,-5.22761674330477,-7.97447748929064,-68.5561887605349,-26.3821031264918,-63.2497666828068,33.0034365402616,-28.6917604371271,89.9211212689633,113.217948792847,25.6947901551952,71.3428154209137,28.9033058471675,298.92801556043,39.3019824750899,19.3138470318191,41.5000835111399,258.628944783917,197.538659470007,47.9385466816289,-39.5032527759915,297.049907616624,-55.6385929160532,-84.6074817454478,111.029896078135,175.031271633744,111.572285699168,96.0692608849404,206.1475184004,126.916293547249,178.835570148044,109.062369474469,183.387468685844,239.967803882615,147.583664898414,163.67563289094,250.881582899427,171.697014116311,248.448091782678,293.967741867251,282.075458719056,220.022575253819,258.928410588483
144.806576975447,203.472073135164,304.152028166033,196.142144222855,236.08508907928,204.941194355168,203.340750760542,209.270398848988,178.636059043386,188.215872155657,205.071357203649,160.991526885283,194.705440651529,197.894030420732,143.359829586495,334.866918335864,65.2558959223493,126.65975057053,318.198050315774,91.3053426029973,127.517154335625,47.6822495420907,91.6620893587017,115.144336651455,13.5122936467063,70.0900918239406,-16.2028334088294,76.3987497038253,86.5642422357009,74.735764628884,143.131980196282,204.918395232996,221.572030788368,2.27308380512169,205.268250494521,200.752162271513,221.581789169607,191.084414939073,185.267983560345,208.83031736687,205.200475040453,131.759372932046,341.623396063653,21.7469638948253,66.1348062764861,145.644266932484,263.384049500835,168.752681944992,184.048185775682,303.556099303201,175.928758991373,269.795002978007,160.350088269208,252.692378128377,315.537877036256,300.147552101199,225.782675614274,384.436365742096,229.113494630433,311.11227736143,413.112847423234,403.336424735375,284.838091380213,387.515545107031
166.611016060513,220.195341116947,170.938926113951,213.341074796999,265.36787298282,219.738601826199,233.414788849193,220.798389103753,201.787994466644,214.014405468223,236.781386344426,177.686974837015,224.927488430318,230.727458442453,180.389731117021,367.572639203791,93.1774316146936,167.653659903715,330.772243984941,126.15800562213,170.726496669765,89.3815207898777,126.356276695353,157.994927637853,60.4204605560725,103.412728462193,15.6062829007862,64.088964525292,122.079114064864,31.9877996893494,86.9735859081038,255.418041852166,277.368108882709,-22.1469176560964,102.226472305367,218.639225667146,302.802101353085,269.921728491107,111.742023803911,187.934326954657,279.634494057522,226.466734378963,339.207890773795,58.1261437215848,162.391493990469,144.181988342483,321.194268512587,205.944261310552,248.45841404936,326.968909345627,185.204046614956,301.672367726007,156.134374935799,264.854296964958,327.030467928152,359.967293018452,225.244367858028,410.351842646794,215.729042723799,270.717392890044,386.630953308241,414.793510996542,242.941137687954,396.260326130527
178.885744619208,220.956805481685,91.468789905665,211.269944469513,274.288747454363,219.368548292274,248.160383072579,221.362103752294,212.141930344577,224.582334118944,253.043559833838,178.434202391912,229.031673514894,251.856425183849,204.192468138324,368.142118343931,122.901271724545,197.136963618985,319.746530350737,160.915955254548,196.943710495667,129.668834954931,154.304516912643,176.378319346962,123.642674443027,137.53293855845,78.2903783554575,82.6594914806434,157.928951064153,54.4434361195346,77.8792526272321,262.856181282127,278.108137979081,3.5741760228874,94.6647172497624,200.494568253706,287.39604643157,293.665470675,117.394241882143,183.531411866157,285.327194298242,288.276246940524,334.133241092248,126.502829148366,273.240739869249,161.861391131606,389.914582783368,245.677514771855,315.445322774888,350.473988834008,208.838853953541,327.801156249853,159.510130169288,263.119693841034,319.560612807505,358.255024109701,218.029958312233,368.058670375504,189.152693216443,202.781018249296,285.872504753697,357.872547602335,174.794737627723,318.035043250766
240.638328304514,265.9291738725,183.120547636636,255.061267749818,321.209640013358,265.677493154978,296.486866181823,274.839279890687,261.034177275271,267.127209477595,297.307724469683,219.660142720977,259.447609537768,293.322351746763,249.40652150577,397.809781745619,186.453200352702,255.82583671609,352.804481374434,229.306851889547,253.496116049471,198.464494516719,215.044657706598,233.616960652033,213.137588062172,206.52481283283,162.448549416562,156.737453831745,236.548589657785,138.157876905689,162.942075009756,300.344194158665,281.236211109107,72.2034663335382,175.288712126311,239.088769734149,251.546865066479,269.780418622171,187.471155617349,220.637370140907,262.551040976818,344.256232967169,301.212959016826,232.758948993699,422.591014231794,225.974602309415,470.940499088778,294.847581960989,377.419325717738,418.51196635228,269.809861904516,378.930413878644,212.348445996737,292.597592973458,334.136744722077,357.997516204117,243.80919526442,331.359865814186,202.81207623277,193.792119798448,231.553911257373,305.352293065334,162.208474775295,258.171920272853
302.625810062334,309.351457745425,326.22781597987,305.013923281088,366.543169837541,313.720384182222,336.163509369672,331.080810446053,303.61654026521,303.737060334884,330.188295030918,262.767776872525,290.379833167169,321.414776156565,280.103841563008,431.390248835246,231.311371100673,297.096059707426,386.915760825027,278.103592554171,298.816632257004,246.238002497596,260.256588299026,283.899602290482,258.524115981438,260.739310589432,200.249527364111,219.349877664351,282.409686059434,185.443059589942,245.615444287986,305.305757444714,242.538120183081,109.03399475081,243.909359730996,277.990120058772,188.162932229064,165.121717267455,222.725044264113,239.08632571717,194.385517616955,315.735780680618,172.593254422657,281.273719973935,511.051926714754,274.118292568851,479.602493072244,307.592859518156,363.305879541319,443.38987757668,303.554904548353,385.147507324051,254.860256135193,306.9561084189,329.296820027717,350.613251371666,255.992816370335,294.571271037318,218.833587142674,212.728383118974,221.510563936959,263.450743872778,175.443300389864,232.95156058866
288.163467630454,281.051993909193,343.220868041128,287.961485521528,337.067701484348,289.745115815442,308.607734311339,311.607839285794,278.681705832969,281.059016430729,298.737931785656,240.504712690376,271.27671185768,292.662108704221,245.832507005528,403.036646199194,206.231063308067,259.086352722979,344.401670534457,251.837666098367,272.350202833326,225.787413110999,237.42141598602,259.937950471195,215.98706766644,255.59610876379,163.889643818362,218.2590748759,246.466271802164,151.921028364341,260.053736949774,229.847170145611,113.094018891369,75.3505626094769,246.141272215239,258.846959082947,76.6251307067387,-22.7305269659927,184.519973577415,192.833640287941,93.914033039665,152.530362272293,-0.265820268820951,219.778774269555,442.776475740311,251.976555444211,366.452735829642,263.630212061606,258.105235974811,335.790235684692,264.283005931773,291.724848459329,231.638672685547,255.545557997522,263.150076966483,288.920154950529,218.759544609453,224.940299314236,191.689545762756,195.241294152092,188.939848426842,194.745810995727,159.045826985324,184.665904554774
227.678088925732,212.088914910226,270.247088980635,225.908449767584,260.846508560672,223.286154936113,244.261680234527,241.655698604999,213.796351955168,225.092907959747,232.501932021981,173.269379827804,216.478529748391,228.819240885527,169.649643118975,321.179382801402,154.889623325429,171.897758042506,246.619138072378,189.928691540068,202.077800284857,181.257956136507,180.345349060607,190.918375768635,143.875390496903,216.415464581969,112.108625754899,180.773063537249,197.020813224427,102.860073344831,254.950181364985,158.687516288193,-27.7461766319312,31.2244578241927,228.53535049426,243.55580567607,-14.8437264173723,-197.217218771164,141.11289355719,144.13587240966,63.9269147462508,-33.4448987369459,-65.3280569136747,136.346014873272,275.249765041946,212.785056075795,222.204630736883,223.154725561198,163.195318846781,168.157002265821,214.676389938629,170.459998626055,193.274318003694,192.031568226165,189.517907101421,194.322869184163,183.831271763845,158.260480909715,162.938363006707,167.204836581028,146.221723700933,111.17749938024,143.924986570862,113.093247689385
200.116729713789,179.810846106285,262.011751495166,193.660762765503,223.241679454448,193.047405864107,210.856507893523,197.486440307463,178.173137795518,197.052242448904,199.795499812561,135.106514972111,177.809782090101,187.705518306972,116.280661610265,251.728592377148,146.169074387261,115.924670578952,174.53267509057,163.280996347694,158.025175341224,175.520361599547,150.432794331572,145.651398265134,117.225513414844,185.270077018238,111.583615910087,147.810072558144,198.11961576716,98.1053761432432,275.568403813006,180.095678060152,-49.3704985567814,44.5345372594763,239.062493060725,301.527553446958,5.59720602390051,-222.269216127435,141.610704295478,170.324620222864,166.669257164624,-74.4833404925899,21.8909110557361,160.143497862503,165.65514980963,224.920235790104,163.001192117865,233.668220027767,161.695789711606,83.7643160991874,225.786165282733,122.832714649597,210.888179967252,188.58396744193,175.378562107735,143.256920116711,204.028437832596,152.767255103774,187.329171836878,183.375465468065,149.331144864116,75.4355407610627,178.731346571747,78.3936907458011
194.812150921039,171.120432860063,310.417422377413,182.053543440668,212.034646271089,184.402740030469,195.14213563471,168.981261102701,166.168124346412,182.381377593809,188.343996263261,125.20494841388,152.183130739184,164.502216400016,89.235084521165,199.96265874694,156.439677040993,97.052819762033,128.239168889783,159.177320437286,134.867846410037,185.719615404674,134.103727571704,117.075878493667,119.796784190705,150.123992119577,144.71501826311,106.431946755192,197.706099483398,105.12329435403,277.777089943364,234.829258486722,42.2651869296185,89.8886419006964,245.073559293733,367.373248916482,109.706832133444,-78.9773567756317,138.667243371025,228.921498627336,305.064473279665,38.1271225264264,139.704109234559,286.025197915863,178.569655597993,250.908737026405,164.626713078008,248.752129715194,195.611841076096,87.914046169231,252.452892565585,129.223547007571,250.984019998081,199.864651244703,178.422861714267,146.081270924466,228.444800949421,181.80854127365,220.776897242999,207.989808536298,167.552608662397,94.2825399371306,214.845435904331,80.573201589692
143.575631866573,111.576104078526,282.031126246114,119.638716454814,144.713374417963,126.783170913763,134.744388909643,97.8297516048188,113.877346950549,117.411572130807,126.290932771544,79.5848353616078,91.0167718945622,100.873982793079,37.7524388477012,113.416378974137,116.516857524287,50.5791538569588,42.0341171741266,116.572263059954,76.27911866822,151.795712477238,80.9634144947751,53.5410666358494,94.8236567465312,80.0758271397063,142.82684540743,35.8407050972987,120.898978410391,72.2895778191642,213.210736378496,204.924173069405,109.875104331685,98.5887188371082,202.362835231936,328.24319064241,163.619401858887,102.291973340437,81.8814148391319,223.813734251325,334.252424467964,149.958828919085,186.13400747323,377.332194679628,220.25648194407,219.044549729924,123.10031765092,210.954788875303,172.781847248368,64.0585464922586,213.064554450042,98.0895122527311,231.274339555036,139.219914308956,128.423806484988,131.571152312384,175.668343453133,164.32033107356,181.77312930755,164.178841426826,123.598516563521,96.9253230082358,172.453171050024,52.8682819744709
48.8104258969127,4.20000760357189,182.765486225376,12.1417357335811,26.4898104604028,30.4131797330169,38.16404285817,1.90782353430716,17.4978998718536,11.5539119479392,14.5025165676307,-4.18649362649613,-3.89924564007892,1.14598344078635,-42.610159691076,1.91608848210095,38.0249864466767,-33.8427724288718,-80.7160032206348,40.4207249871898,-9.67118154769541,82.0752145766405,7.70348415353856,-33.8294629706479,47.0482030156968,3.43512839621666,87.8307881701502,-30.9841393845162,7.57448689368855,15.0397244143696,119.137712121524,100.29509660866,74.6236860564912,61.3545378449683,134.600662525204,201.619755589479,99.6569978486189,195.167455409681,5.76366537779172,154.331943826425,241.400655829773,137.73894969779,176.895986023708,345.348583564209,174.916387049739,138.001568024173,29.9838062372892,144.386388219768,125.789282112864,-29.5598661141707,132.047640138563,28.5748510700376,160.28752071443,40.3288214487804,69.9096736633591,63.7763280598039,72.2075495613662,89.2780041314388,80.4065954698008,61.8220373961629,32.4451606547163,46.1824903654795,70.7759477721587,-15.8311115067805
-31.531527985221,-84.2354328984005,131.994261800913,-70.1415065234254,-66.9003653505263,-43.4034853596499,-37.8371146808922,-65.6486331948439,-67.3408881159794,-72.2116880231546,-77.1268196286386,-75.4331168842146,-85.3226208431897,-74.4177215715269,-109.336555773568,-72.2698869851158,-20.3736553789691,-102.178224191635,-176.444969519178,-20.0812495977299,-69.7502977462244,21.9387789542961,-37.3797828404918,-95.3016587521111,6.14428636944497,-35.0204581415182,7.74398477920596,-64.7808074512364,-53.0131995602267,-39.9902096135315,39.4610695883704,23.9198811842322,-17.8962764646597,1.59793364919094,53.344988377147,92.2880412064454,-23.7795288380278,178.05101575618,-53.2795195607782,67.6247642134951,122.260687716132,7.28580920436595,132.578654510613,221.458492909713,33.158628124136,52.1682633037533,-35.4282320055845,94.1634872539799,130.160883290425,-117.448682390227,77.7987502486642,-6.54702005938799,103.208384098904,-5.49291194585299,79.1535338337457,-22.3984929692869,0.927364798293752,11.0716375881835,-15.6729363718046,-29.6602427882032,-38.3976801167786,-28.5117481605141,-22.6708533174468,-77.4875545781322
-73.6251100429969,-126.826888221831,134.741621856315,-104.871938995966,-108.140072342453,-79.8527174879793,-76.9368642696392,-100.651066288077,-111.581935253163,-112.99502823487,-112.985829866165,-116.670568031118,-130.946113130955,-106.472913965358,-139.116765349344,-96.3694123240512,-48.8884277270208,-129.291952844647,-219.557183103161,-53.3163845636901,-92.4806906759031,-22.4689414891079,-55.1876769454862,-116.509170504684,-35.5252836528798,-46.6490782974928,-82.5369081733754,-96.8993803679435,-54.340927119585,-124.324252806844,-57.7343000378847,12.6708361049819,-79.7519014849419,-89.655979976901,-111.952498399524,36.610791260554,-108.175421105709,115.576730333271,-142.516356656547,-49.8062730669777,55.9425877151821,-142.207617338785,46.3191614025114,86.7138240824368,-117.635361903576,-21.0763023719815,-36.1141189028632,54.7335640992705,155.388717364756,-127.603176304232,49.5411968352242,8.24074782042533,69.6866272047006,-0.79261821568628,123.95801115876,-76.3576193512433,-21.1783294112027,-38.3387914286875,-70.6719270316976,-80.9734732223513,-82.1847191384731,-92.5933577634672,-88.7769527456345,-120.766206853535
-87.1098954528657,-136.586380044861,112.332996276716,-116.27507522901,-115.016077490367,-95.5155827107282,-91.4014657494313,-116.691480775604,-123.004421216587,-122.166710682312,-107.322440446267,-136.276177388726,-145.082678580035,-111.810988686354,-136.07500703848,-94.5739760078608,-68.0475363426926,-131.298107167034,-217.829405327998,-73.8633467417082,-97.1306802365009,-61.8898448924591,-66.8881741332626,-107.157410723608,-89.0054254962166,-61.4831873979317,-170.834302407518,-158.334092301207,-51.4248161084585,-267.583623214865,-209.380926585662,16.4363560763735,-53.0199983539822,-211.821080863394,-388.898303574501,-35.2681617238963,-102.729421861542,105.573464524368,-297.437828459359,-224.955221999716,42.2607013917068,-195.035957532577,-54.8757452657068,2.98314056930832,-188.954223428038,-66.9667091638334,-10.9456060084197,7.58283681371829,124.631441308425,-57.4076817201671,25.1019018767914,31.6267509790256,40.9797067280067,-3.92545199594177,128.012613254335,-57.8348676174302,-22.3591940855665,-54.7875462868418,-74.9401243370357,-98.2186209301202,-120.830269404843,-127.418891069995,-121.492906350504,-164.462415943038
-75.7496720425887,-120.148830672991,90.0466099477517,-111.614531965298,-98.6653169990378,-92.5371689403076,-83.033565801153,-110.320449452754,-111.284387561265,-103.172004702824,-81.2517834932985,-131.850421750296,-133.041004768572,-96.7901191720347,-114.914213277876,-69.9927891332698,-83.9280520913257,-122.986255536529,-175.398269463898,-83.32169204864,-91.8417817755277,-84.6398385562656,-73.7433297451819,-80.8717199558267,-135.270526198365,-79.3012101294722,-222.821382160523,-223.064595095843,-82.8969207657235,-402.43417283133,-379.627758755934,-42.4924696264846,30.2894758795706,-298.799524593659,-636.809209327264,-243.41038606207,-76.540634535105,175.932470245169,-430.437432324129,-433.072096828107,-23.9951649649776,-145.777864939285,-157.082565487624,-47.9356153704045,-168.863765270606,-72.8154863445569,-9.54843073900914,-33.0225055063782,39.6283743427183,51.7487850374047,19.9574712323021,46.6061134819572,33.5256479339512,-17.9484821166279,92.6856867863669,39.4866537196379,-10.0858789880012,-34.7008653138296,-32.83673224786,-76.6490781229601,-132.928135092074,-123.528603705409,-95.1489961693108,-187.544692046281
-41.765557683796,-81.3154689181256,146.296072817552,-84.5074864672539,-69.2264420872786,-67.0563853740153,-53.8947124550003,-81.2425148908009,-82.906804629569,-68.7187222918515,-49.5542080543812,-102.017426073817,-100.714582068396,-66.7619678268751,-88.7354563115863,-23.1977071920976,-91.6728569674194,-111.061836066357,-114.145463563376,-77.6552304886615,-80.1227765186609,-80.0666872796511,-75.3193593978781,-61.6722430174352,-152.207328679291,-92.3355341389239,-212.975982074337,-248.459980659759,-155.875590565777,-417.623452048561,-499.983165616442,-216.246441589002,42.6489600235912,-280.160062060478,-687.270530166249,-612.475216672374,-190.165363658272,214.065057111728,-429.080942970269,-613.61185514274,-258.713984558683,-140.858320601505,-278.074409095024,-157.860812805172,-103.200858358455,-55.3556160416673,-29.5387822521947,-44.3488667347488,-34.5479007486101,154.133753220123,41.6390851979411,67.6460289654557,58.0645966635316,-7.40245070381759,71.131337470071,159.232662549967,19.6119886816925,8.76196734300579,23.4585726067847,-14.9165120208545,-84.1068264086342,-87.0549561504147,-15.4129280357028,-141.298026815378
-7.95107428652977,-43.4834488655646,196.589558554126,-50.2652450120105,-47.9617921981914,-33.2806320472951,-25.0378678990211,-50.4164275772571,-54.0987209260366,-47.6947342578741,-28.9812880208192,-64.0255694792723,-64.3880943348608,-41.3407787058045,-61.6472250164599,22.220265038205,-87.5455564109598,-99.951221662517,-74.6290492835117,-64.8922192665784,-71.5853314010656,-64.0712648508656,-74.998372567167,-70.4825654924441,-142.258005262211,-107.804290626797,-158.110016698857,-225.489734004295,-245.430444774478,-306.048047659061,-535.5627057244,-443.428166044015,-117.447547057831,-173.951356111132,-557.735431231592,-934.628624630941,-487.746045147001,57.9583762458357,-315.592232863868,-690.72691115309,-595.998124206693,-308.954353458808,-388.747078019197,-369.515008633809,-38.6561317201583,-45.5650906046849,-29.4964751336263,-35.3020471338996,-57.0692586600126,211.585159384107,53.0849118564779,87.7965517006203,71.4430996418511,18.487460104524,70.2076372900753,209.340099050729,39.4899552466419,33.4119580443739,48.3873443671088,49.8369928562774,-0.587215458437679,-47.5766290213514,55.0450890771568,-37.0679635322693
0.11862475388152,-33.630858963846,39.4725722879123,-33.7852645171913,-49.8822147536575,-13.32850259402,-19.6738234772654,-44.1658183190594,-39.1347496097848,-47.1106777166378,-30.3590060026387,-36.2056401371826,-43.7781032584649,-34.9604898682342,-35.1479826706045,49.080639974103,-68.5291720283587,-84.8238229062523,-62.4597588428327,-51.9633086289578,-65.0477503772104,-48.5454386630097,-62.7152968783229,-98.3647414289999,-112.568308152254,-120.653859253487,-83.0297463423325,-161.773043346879,-297.263567122475,-150.439365749761,-477.600783214852,-554.364029598756,-391.957352117264,-49.4808613591019,-375.047516537024,-937.265638546564,-769.647490246132,-313.157120838378,-188.739045821903,-608.19195709365,-814.702605989597,-584.030873548114,-437.292864922498,-600.435075385536,-18.0859466244773,-55.3866712267047,-2.16335553019892,-34.8053278608872,-43.4555803177971,191.924182633151,18.6242198734067,68.7060605146058,30.9305303901251,10.2277404781816,45.8483677162359,141.763441576427,6.26488344159558,6.38380530860321,19.6363637146884,65.1388546167873,41.7049989784923,-40.7919637780478,55.4200103810767,37.6385953543812
-13.4822640700451,-47.3291793711508,-326.099497848059,-38.6323561524912,-70.3031352322223,-10.1506324955255,-31.872641968657,-60.9740972686711,-32.0969992943274,-47.7261985915086,-45.3380520070142,-18.9124719096188,-38.9588991244126,-40.4897748984926,-12.1963646495686,66.2360327546882,-33.5733754087696,-58.8650000664588,-40.7146372352868,-33.5037833336282,-49.1168843954894,-20.5740448287846,-29.1730611604386,-110.998197664794,-58.9922222615146,-103.601808577092,6.92782083141182,-63.6610542489281,-272.198848644413,-1.06267252620425,-328.804942733582,-459.919435237816,-590.384146471649,65.3486113368711,-194.237955578099,-619.841842778278,-803.257840972786,-680.963018995049,-76.8340048697817,-394.76216411254,-794.865885995022,-761.780354192653,-420.308332776992,-725.044022790134,-70.9159548337996,-72.1615880766998,2.36739363011048,-56.4216171053679,-42.3250899707162,91.110202448879,-44.5655457743034,-7.7560885627437,-40.5044468174759,-43.8146816480713,-22.6063904960896,4.40332058493597,-69.4195566114613,-57.3768539625627,-42.0266640028423,18.329275845633,5.47243581743573,-70.9604852520514,-9.09391703070113,23.5037687402102
-34.5903500701676,-64.1768449242666,-627.671241274153,-55.4385465117521,-96.4837166875622,-15.1226901413427,-43.6017600947222,-80.7067723946211,-31.0925358470262,-47.1091064420398,-64.1914572103902,-11.2703294435459,-38.3082519429688,-47.3415757922185,0.284971421610055,79.6305241012032,0.702729467972752,-31.5765929803679,4.79782694792227,-12.5580052823076,-29.0200735923894,16.8012692295154,7.92092629180248,-91.7917865905353,3.96031438008649,-49.3831246365998,84.8490624759239,41.2246728791124,-180.156369890664,122.273861018944,-135.689387493879,-253.482453836327,-558.948168338443,172.455079504339,-28.0555281303986,-242.279880640893,-580.043651660231,-743.864013958231,39.1932665125296,-160.617578939721,-614.735423998504,-703.033124051684,-363.889240704673,-692.724250573351,-154.80180963095,-87.9588472157302,-57.2001354218055,-95.067477688676,-93.2345274533173,-45.8141691196454,-94.0248644151893,-110.456525399644,-95.9708973515654,-103.920481349487,-110.507005121961,-106.549686016236,-127.531050016513,-120.910719777028,-99.6033610136265,-61.7510499866782,-80.4470731955683,-111.254898027031,-89.3539964822368,-48.8402063871089
-67.2314479115781,-88.6300271381516,-655.341142093297,-83.1899307555849,-123.830340645237,-34.4905371348093,-63.6097743809524,-104.731723225462,-54.4551925421653,-64.3585746427294,-92.8186523732713,-24.546843197732,-48.4509543107489,-60.8025322347453,-9.24634820526342,75.2336950371471,3.23837768952895,-21.9054757471768,35.4963791332151,-9.25939675750603,-23.6108055521161,28.3639105022115,19.5652784909327,-66.784143024068,38.605584837859,7.87864454720279,104.627349477117,110.476237822113,-69.2687941167386,189.899075837903,19.5735921533159,-78.9117307627313,-323.467590509162,241.34774362493,87.3174865298915,-17.3766415135751,-265.71043888269,-443.170542422903,135.956840428404,-2.44709942491508,-417.796548688943,-453.092613204828,-308.20075544163,-561.209370097789,-176.269469640822,-119.859354178975,-152.483312351213,-140.587603806946,-182.604800281499,-155.236621627375,-120.954229346377,-191.661099324028,-130.665129829817,-143.347742350737,-187.990525526189,-145.461039210133,-146.747888554588,-170.064717871303,-139.125937203624,-143.699527805155,-174.222427095259,-144.341271539479,-153.156915882165,-123.74864420942
-103.63521750657,-125.83735676649,-498.849873404455,-116.047679002905,-145.914830706521,-70.4872729129459,-98.683141197912,-137.413630335011,-96.7602087217362,-96.2780805745231,-124.222123257528,-56.6223263009076,-73.7827430024907,-81.9299770636927,-34.4065375105979,50.1952097604842,-26.6099047870074,-30.4168138535043,21.2056802320878,-27.024522910524,-35.6415815929211,3.97211724553766,5.62871367240043,-64.5302468455227,37.1329211401641,33.7879371747408,72.8451932760245,134.676005011906,2.37082630594207,207.136102020411,94.1636533912472,-4.40537408955843,-64.0368445669098,235.9497541283,150.186663680552,26.0286286780151,-17.440857713909,-60.6169121685327,181.669159173292,63.402126980727,-293.069138227315,-175.965794137773,-293.408517145415,-430.546309106054,-111.34689105193,-168.322637421788,-207.614884560689,-172.726976683301,-244.146731745695,-200.495092385129,-141.014301642578,-225.251581953962,-156.419798772116,-167.882510622195,-236.449626496726,-141.974900032891,-153.46803105498,-205.368324350671,-162.501514946677,-200.37606359446,-240.203057771919,-169.771297147416,-188.888638046074,-177.400345768575
-107.770006794786,-138.696983462692,-357.652007537385,-125.987505090335,-141.680538878756,-90.0106044585677,-114.089687537711,-148.777304823754,-111.665619630722,-102.953170462949,-124.374367217244,-72.1788351870787,-82.2084632110231,-84.7873211993133,-39.7347101368741,34.7930035441117,-43.9472126168383,-33.5548373833924,-3.32113017582869,-31.4779014022886,-44.8100990011021,-9.91639647875444,-0.604447719786186,-71.9610686957811,38.7650166361788,34.1945740457729,56.9261575678842,146.111557004604,12.956415663934,231.007574330448,114.199179428833,-20.3093243667135,63.5354506385595,195.789557405184,204.258092776216,-26.9700810100469,94.6499450699177,107.400609104579,207.278033430325,79.2643596147799,-240.919806460026,7.53344788096193,-306.372645226745,-334.241486678476,-30.21985737834,-187.03397767709,-178.748869338026,-165.523340492,-227.310142154691,-179.668731020442,-147.676653560271,-209.681907276593,-158.608128563762,-174.811678362889,-241.392159312946,-135.264235166399,-153.449981170633,-213.547034191332,-164.788501229328,-203.741241086078,-239.021861019678,-172.293076387573,-184.251792518898,-192.918222489241
-71.3361208170662,-98.0766324466096,-279.207865802438,-97.1064598518532,-104.97238616158,-68.0692384104453,-86.1339126730705,-118.643165305354,-77.9500420841005,-64.8681304064644,-85.8720990521218,-46.0390384975654,-52.5790927135933,-54.3420529513119,-8.98310685516207,49.2994401559065,-20.5540914769579,-20.8651751737744,2.95695614742485,-2.69921050794396,-38.8065792095241,21.3718720570347,16.5944476971478,-73.4191297889341,67.7699943153563,27.5957441669194,100.682176808916,161.610119933772,-12.2227416627957,294.52937497175,114.131636970937,-75.5269408690256,51.3128554678563,202.744007094995,255.799403758829,-64.9245536198994,83.653938498936,55.6842830075089,254.355752367288,87.7558482423909,-208.72308875894,83.1027721003811,-295.536423976421,-237.586790434044,-1.33230987302068,-152.809564850973,-112.647074196425,-130.58384120089,-164.776587008683,-123.124404672104,-130.47157045221,-165.605389129545,-132.658330869082,-158.729385447678,-209.823962442474,-131.967447016743,-138.724906757226,-186.439741426234,-152.646999290438,-162.088233294748,-173.028783533547,-137.17259440632,-149.157849227604,-154.26323510873
-37.6255656184524,-44.4768822307933,-197.895775682509,-59.5427377843396,-68.3599713845279,-35.3225484325957,-50.6708245090332,-79.8220202509959,-36.2902549227955,-23.2681350685453,-51.2340938108529,-10.182355136549,-20.4997361672709,-22.7799204458624,21.3124000313547,66.7308321781812,13.1733239273253,-13.7427731172607,17.7834766373725,22.2027414097694,-34.0191454880825,63.4976706561994,28.7211389753875,-86.207609274843,96.1234291979693,12.2544445619505,172.032271255475,164.301425374063,-42.8324340369933,364.998984555199,106.235508671702,-115.793783858143,-7.97520933986151,263.791779316898,275.797210131183,-23.7516192060965,27.5034982011337,-32.3702356524886,298.60639530167,109.479330892074,-150.303105536067,94.9517135431381,-228.283837152569,-123.25371395505,-31.2856345582707,-111.610224634845,-97.9970508807361,-115.206545554744,-139.777222485578,-84.3549484287568,-112.579450331923,-135.000116543202,-114.812943599151,-145.518373610591,-179.448844653082,-129.872045134676,-130.87263535807,-152.163580217353,-156.893716005858,-133.87505376003,-114.671967484163,-96.264015928752,-125.70834714153,-90.0148704597043
-33.7249247988867,-26.2494272955804,-100.422504668351,-44.7069803385853,-57.6487048753299,-24.497640773965,-41.110860626575,-60.5593144479026,-23.565254108472,-13.7434212371143,-43.8012546509177,-1.38162172599898,-15.5953603330087,-15.6592514086606,20.8438032827254,62.7710503690314,23.1243127981514,-19.3970722848539,16.5691773033481,11.000320397749,-36.9259030405874,72.6296938835158,20.1056511034619,-100.84249719357,97.5638838999711,0.409370439759012,213.216710592855,162.366930544505,-45.5195310641916,401.328242010841,127.056127993502,-91.8567642915152,-7.01412843465388,311.547456245778,280.705169016766,91.3953768218241,51.7142881193415,-14.6506161457997,303.000314648954,165.930436678992,-25.7205770854945,127.504264297356,-90.4822782594476,26.7863477174103,-67.6942207220762,-93.0608086072732,-143.459728531472,-120.946103118574,-171.732481976655,-90.8015968207242,-108.100670698466,-141.183041001911,-120.318408195915,-151.849480088973,-173.960284136642,-130.468596907712,-140.215384765813,-141.512686599487,-179.542372247145,-147.050968020962,-117.210109414408,-88.0981346818379,-127.43288869049,-55.3175548211756
-28.8035391728687,-19.9000717228789,-23.4963844335019,-32.554363745179,-46.9260769661839,-12.8767484388906,-29.8425842354206,-34.4962614947684,-16.8626255085497,-6.85566749752783,-30.242502997366,5.06445540584935,-8.92197141925985,-2.32075676989589,18.3566713114652,65.3874052742069,27.2291100872829,-6.63404255377112,35.9680214557736,-6.04400573588676,-16.6039687643805,58.7035539406437,21.1986447021038,-60.8618872734534,89.4091634824555,30.7527033944416,203.201039110438,182.916502704975,24.6851617218678,388.237773971809,220.875223675727,41.193003890593,118.544871166456,300.34473791139,310.319798685371,248.074575980431,244.39621702206,136.58810434766,281.920736608823,269.868598298812,191.029643731324,266.321816261245,109.068797759647,265.673656152668,-44.6495471399353,-53.360773825447,-165.163228264226,-89.1030522117812,-181.430534424381,-112.577078342839,-81.5574968208302,-150.445344262033,-102.253474453619,-137.250927551113,-162.57726868329,-125.396280618191,-123.80798078422,-132.213860690844,-161.211481289376,-140.818671957327,-129.290744482772,-88.3912820756191,-104.809569361193,-50.2173624745902
9.93017373006394,22.1368726672926,35.3432433407033,12.2215704477979,-2.33820544035717,29.1746196603435,17.1751923136207,24.52467028598,18.9581809923844,33.2421328341183,17.4615722802117,44.6291945578525,29.5532164600334,48.2709499496509,49.6248365364013,106.330290754778,52.9607695519941,41.1809209396318,105.58239280725,6.9054708548297,41.1586653324445,46.3188362939144,45.1850203144496,42.4836001171628,80.4058151482414,98.5010796663703,148.721552143384,196.928758330161,154.897951593773,305.323714270594,338.478965835131,254.426024192771,322.372182553572,230.961742649873,338.215206819339,395.268905464893,525.475197619584,324.619725588209,253.389245119066,376.330006013506,436.017962517937,471.184397547586,302.738818561219,558.528102493974,32.4897474780766,34.3481259332031,-112.479743999682,1.69796748827212,-105.777269383717,-106.271283087451,-6.41992144436281,-116.191893377841,-24.4169192468959,-58.889193810662,-100.026912211728,-106.117961783005,-47.606482680447,-78.168102264721,-62.4444823630555,-53.2632548448899,-70.0023208365983,-50.845247319224,-20.2345634755724,-20.0230511704675
55.2724044355162,78.9260947469474,92.270742559466,66.5599031583688,48.7156079492574,69.013898614137,64.6697400867751,77.7982102734607,59.7949430868159,76.5980303706961,64.0693107643943,84.733699042281,69.7779878294094,98.1917504033535,84.4394343749263,148.455507133427,71.0747051632876,78.7843478783118,169.569332718201,15.9703215656198,83.3808023955667,18.9254055797073,43.3912311990059,116.22036442059,28.3420858329801,121.155436462466,52.0370449961417,136.283447559673,228.412645157136,144.500476781473,341.101295664793,396.926541787566,453.838009793475,113.380301074658,292.80474074633,437.920749720171,678.875110302767,385.218397427442,196.488378261618,392.686669490964,554.549015188129,562.11127481796,386.011512953596,717.279768223619,69.4233904619444,104.860973576225,-38.3724678956265,84.7126954019204,0.797569125989328,-72.4832162706499,73.6946129693822,-53.8210345559705,65.2946614218611,46.9120367810728,-4.53207796640181,-87.6792483727543,43.7394865691584,3.18928175508986,51.1203373879017,67.3209725044939,39.7036013060011,10.1002339827748,73.1341631831469,48.4046956254074
54.0601605176797,81.900141249052,120.863495590637,66.7960807071539,47.8849702781792,49.8608592144713,48.6930926209849,65.5401025674071,50.6044144720547,63.8985359810551,52.3790542870369,63.8588780760926,58.7408312845295,83.2901704528925,60.1304489324878,126.846152309792,33.6429359551198,45.9411118424658,150.083409488782,-36.4018336434472,47.6081152866096,-50.7364826458472,-28.4056325495364,71.004899469896,-87.8606193720727,36.5481537494746,-75.9392050670651,-4.77072229182014,145.301889759446,-39.0512655446032,168.749342786904,339.068977697581,407.293546220105,-29.949761952835,160.413134879472,310.023556208082,583.859732826604,262.082008584176,96.0786441837017,261.206863308592,470.852349199699,435.899994490449,310.541836222158,619.617996289031,3.43991347653755,88.5509086462939,-14.9040042215039,87.8386175897531,39.6027480533456,-45.8828829881993,91.690807590569,-18.897020774337,85.5200132505274,97.3309509902772,53.1496182529356,-92.6501143945373,76.5779135083331,42.9903605643047,79.5771383676085,117.706591425012,104.824563148771,41.6536898492423,89.8197450401444,100.751837059006
12.6245539216338,27.2516186635564,107.301770890777,12.6779824982719,2.11773102289958,-14.6963814047716,-16.0190089666887,5.58677735436816,-0.970135525827341,2.87655683539535,-6.27725059593148,-4.43233792755867,1.88629826401532,15.5350712854491,-15.340671560856,60.4040596391122,-36.0873256631442,-36.8170957237879,65.3329526355185,-125.045872961027,-40.4500021167655,-133.909460738517,-125.803079800464,-45.3059955305378,-197.122546903454,-91.4623572211577,-191.781432746741,-137.615191103297,-19.8163865305802,-169.518288679805,-55.1958642335742,164.136681066279,245.988412657536,-153.762895776193,-1.86032838600022,105.465947278239,356.567546520464,82.7679286162175,-31.1016196039319,27.9366427309837,317.325101462141,219.954972481004,151.625314449909,407.733266215191,-92.5458243016412,22.2981362105641,-29.1963862993902,29.8625664613373,7.40890359857856,-35.5279643058839,46.8921528009036,-16.8805218424168,32.7585719747632,74.253362169327,51.9190830011514,-102.112214990622,48.0048142582887,35.299292745302,28.2348747540198,87.8084678899871,102.611352844931,43.204780547366,37.3894033748532,109.237693594957
-10.3817234850544,-10.0608426469283,92.7741219747521,-22.0150278173457,-22.312829621043,-54.0023035490318,-50.7390341704044,-26.3438166977999,-29.9519743805986,-33.0542766495591,-40.2560189055899,-41.074313448452,-36.8790368547244,-26.9831866884519,-65.0157041324912,30.4679120911802,-67.8722990806548,-84.6640924999772,2.34473796320575,-169.110742521792,-93.3647045588357,-172.250258123918,-161.902916747679,-106.803852276629,-223.184475458294,-146.308234226868,-261.238175379291,-186.764126922914,-96.1484783260685,-238.02470980087,-163.978703153983,75.2478616009664,113.608487172496,-242.171667905924,-145.317484707687,8.56321740670819,199.040741007939,-11.6149055717337,-175.620215368401,-183.928133435551,282.410442354331,100.355336477515,42.3201683398685,302.22822871357,-98.9336445584093,-7.71899887151674,-20.999073547558,-18.34449386051,-18.9025619496852,-15.1657534953883,-0.8775425119744,-4.16381067777655,-18.0036077602663,37.7504566143383,42.1931454025035,-69.5242135504197,17.6299827281437,47.6184992801701,-10.1079396623281,59.4776643875563,103.576097027274,69.4278366606659,6.45679409566574,117.65169878713
6.36771886485051,7.47566251908999,95.5166815495057,-3.49592384401758,-3.43181171383272,-44.0702342651325,-33.4576874360681,-16.3704498324011,-15.3600474869376,-13.2024081010011,-22.1509855051976,-19.2536501155013,-23.6449742469692,-13.6549969497637,-56.6944398131684,54.1297780315622,-49.480728878209,-70.3737502749937,-6.43746753856185,-154.714830899682,-83.022920384264,-162.763532798266,-130.079142171469,-82.9293635234279,-201.259388652155,-117.839939572304,-304.978722557319,-192.881118714117,-51.5335374889319,-293.74208969646,-152.797762477393,105.264457877583,49.3759899948645,-328.716459786928,-262.412832984354,44.4885768649731,148.118461389014,-28.5903122817167,-336.563514866144,-295.343535271073,359.457825733529,82.7242104820745,15.7705876489302,308.306455809027,-11.0566256024355,4.83125191473876,14.7050063658158,-33.7051915945523,-7.68950277445459,21.929277052814,-19.7351643854267,28.1098275699245,-29.5124086480009,27.8161066048223,51.5522894267923,2.55972846442795,15.1815231623047,101.314846956693,2.84971574493983,65.8080155219467,143.766994007811,133.475631102085,33.243949158401,157.425457703204
31.6433080141524,39.1501786386566,70.855459480568,27.9389722958069,21.8154432624441,-22.698207104523,-11.2555523669093,-11.9675746705703,7.20710166708584,20.8100202091325,8.7618458674738,13.9329786297764,10.1362916832787,15.6056918894648,-30.4033810193469,82.8128972470358,-27.0344948899361,-41.9613480705539,6.90693978810422,-129.293721299075,-55.6775350089118,-145.001362385068,-98.0414666134845,-46.5449729496345,-208.939596228099,-92.162026734993,-343.158170681854,-227.565427417643,-10.7955746148045,-358.535692415105,-148.380796326558,83.158906940695,-35.9660586953062,-413.388099431759,-344.938087582061,54.3251003421076,50.5328902563636,-55.853898882295,-469.416615536711,-325.139666066296,371.066718319068,39.129484441104,-4.62776767359052,274.4504497307,69.8939009655233,2.1307436712445,42.3681979601025,-32.3571487939559,14.6662690242041,52.5275352942383,-25.1611714123977,48.8793365175909,-35.7555811561417,29.5280561132805,56.3766965863934,62.7044947693851,19.0283901327779,141.358906307293,23.6019163069993,59.2671414595461,173.414717028465,177.95419473828,61.3415663498832,190.915104679262
40.7481493396108,48.5850454466644,-0.420665539006963,39.2044039772178,31.4002659702094,-16.7657612828706,-9.09776673439897,-19.1810544856486,16.6135335412527,31.8929983734401,20.7153928024276,26.3019285593797,26.1804726704074,27.3951603289383,-17.9934787057754,90.5609981656442,-20.8456657975197,-30.6489135982406,18.5084883997602,-109.643657513884,-42.1681247624012,-131.041324326688,-97.0092820443291,-44.4033220360599,-239.54748755123,-110.340961057763,-343.043200784799,-267.886277341154,-45.0573333822149,-392.2632218299,-199.389319604519,-80.3205345613444,-200.656207778874,-429.398885906333,-362.254511426442,-44.2281712073851,-190.831562444769,-132.944148739137,-498.644757381139,-306.887420048992,229.423778800498,-86.8891348495912,-34.5075878403908,142.501693166762,77.3242244353886,-30.2558465422926,61.6215650081244,-14.4561042303585,39.3515210524979,67.184710408767,-22.9815331335629,51.5764980977233,-54.9424154055371,30.1339674801089,49.957846056335,84.2683091104433,10.1400992583158,130.241219552514,17.28355920354,13.4531165801311,142.671051389024,161.650644853432,43.0313335381319,172.064026477684
30.4736201410057,39.8152201038816,-63.7802214459401,31.7707308315571,26.9937131630952,-24.1115895968704,-15.1869722911429,-12.555891741983,11.3958719408419,17.5772733370659,12.5085385015348,21.8346534904388,16.17394192063,19.3608068457321,-17.3584610853475,79.4316285849774,-18.6804778044457,-31.0952874939043,20.7905228775598,-91.8682408751966,-37.7912590041041,-116.475867316451,-106.97529392236,-62.593024682901,-241.820429593872,-136.716693874458,-285.887921892065,-260.767316087369,-91.485775367042,-355.652986183494,-230.113307174668,-237.820448296985,-358.857523759257,-348.59624995119,-306.455207434561,-151.608345163325,-427.897784699557,-225.654666700504,-406.769558265089,-246.545177017142,51.3933053136548,-221.183817905186,0.914486495551204,-9.1186853130728,39.1497448787106,-57.950806327508,90.5508348769763,11.1853017883625,65.4095442595909,71.4910808504548,-10.8080118947031,51.267654579023,-68.5199245351591,29.9864957452578,44.4337045713022,76.4169742099848,-12.0278345894846,83.4406546591046,-13.8580517483865,-47.3926993886478,58.7685863675227,103.077552306679,-13.3626205040414,105.053776977359
9.82365234717718,28.8734489084325,-62.972638586779,16.7115092864977,12.3505604689247,-34.2992889041496,-20.5222340626044,0.387727615645287,-4.80876319492703,-5.10940640375848,-4.5219241941102,9.94631018965599,-4.53526487292809,2.2374228126901,-19.2752299819727,61.5885563673342,-15.2862372704199,-33.3362331172093,16.7048183801902,-84.8842130769445,-36.2127907108011,-106.230738550726,-108.690741001325,-72.1136532283845,-205.034700122027,-132.662362160656,-209.695915723045,-212.77752675896,-80.1614815378612,-264.07618239536,-184.901514186718,-221.528540897337,-376.229529299035,-234.061587753448,-210.261912017335,-157.573448377303,-446.194269057852,-255.073085053365,-256.781462851002,-150.474501283014,-13.8099868465113,-256.647192320222,113.923955544225,-85.6232579669832,26.4127910868383,-56.7537015290305,120.859322675003,13.3922271206698,66.701850832643,69.3508227793124,-7.3552916323775,46.7531610595195,-71.2234136778017,17.8315079537739,26.9160548994663,54.5329806367344,-42.960495017408,29.8787229757728,-52.4225037059064,-98.0572171371774,-35.8354648655535,42.6724408102944,-78.1672151731768,32.0166977167955
11.2829590142279,39.2574637997951,-3.57985504497398,20.4196866945656,13.0521647413565,-23.2647222210729,-11.3111271922993,12.1130970085779,0.879044732909784,0.921992213179226,0.586307152540192,16.3562379175908,-0.654880943221007,3.78230839464674,-4.55069355348965,72.3778803920745,2.12947702962401,-13.49006052392,41.7391142117518,-69.5968174838903,-18.2748420804242,-82.0531744991987,-82.5520150327317,-41.8278647132861,-136.469463290382,-80.8161609787114,-136.240927985988,-132.550701254698,-13.3959906729945,-149.590285316904,-77.4402269481324,-72.165244331127,-237.228401402964,-138.805323678578,-89.5555903410817,-59.3894573343637,-263.166809227978,-167.933929500688,-108.800246729867,-14.1111334207702,31.3503727072284,-159.334857944617,235.51887959026,-59.6983806687821,83.2189559069833,-17.4623197845387,134.598765377667,-0.938396140500237,39.4903892088782,70.8922381209228,-11.7784650106596,37.7661348458058,-60.3766265819062,-1.82289645896012,-5.62037784630686,42.7317341579689,-57.6330483564168,-2.14049890198371,-61.6674968461212,-113.880157612762,-88.9273471264312,15.2853774767999,-108.72169109416,-4.52791460107205
55.0355583376095,82.3197638418773,64.0866365485994,60.4880533658199,50.1671587554276,22.5366084481006,25.9128438847145,38.2475871629407,53.0177563920813,53.0574711933399,47.8966691521868,60.0608869687675,46.5849186762349,42.4962949727839,37.438734362072,126.749246485932,51.4542586022409,43.6906305722228,120.574691929084,-14.0063831143725,37.0863592792713,-17.971721454232,-19.9619584230813,37.9487279101482,-43.9051785430929,16.9694266121555,-52.2180304298428,-11.8751119314234,80.7184873261126,-28.4271037215324,65.2859116571751,66.1535853268051,-49.6024503656316,-52.1377212002591,61.5491049222982,90.386177993512,-76.6506266719329,-0.377997494872128,26.4763003999513,164.980208520923,91.1182012866005,3.77336005698066,329.943182863146,14.294943159227,184.636561549697,55.5783962661468,121.350159624513,14.8030120547502,15.349577875899,67.6965741877935,9.8593112284188,31.7680622992895,-21.2952450210347,1.33294392082861,-19.2013616468,54.7273057732296,-22.4064650944909,0.369819066456325,-14.6530087187505,-72.4009823467113,-73.8213086071489,18.8632974117108,-69.6718346968481,-2.76140732271601
99.9030925866919,123.399586717778,101.311378424469,102.286605194881,88.6509702710226,64.6639091044584,64.9533732657583,68.6478556754919,105.489828694644,104.172734492827,98.9271187401033,100.45325820847,94.7927294937123,86.0474578172971,67.1009847865629,165.400324743289,104.353962530863,94.0199567965637,196.075568763286,49.7762414689296,96.5377669253426,52.7126369297495,38.7659231163435,118.425316010345,29.8117085856237,111.004920025188,13.7821836647666,93.7909079866037,177.504985929745,62.9320574694723,193.325555571067,143.702267438662,91.8344065228964,20.2704079761497,195.775884096006,236.002487002122,7.51559220648297,167.04847417357,138.727647105763,329.992019172458,118.79844605426,137.801737088109,398.685365797921,64.2048824141116,260.25646555153,126.618796024252,80.693952751601,66.2401984372367,5.48237435410574,24.0535479899518,56.8218238476522,18.1165746726951,31.7292094614622,33.1754119564242,-1.88278060802318,61.1406426982932,46.7783119093213,11.7301611559567,56.7321170990276,1.84447805924198,-24.157107052725,3.87409866321423,12.8838818386965,-4.31089826670423
97.6027565477786,122.943827559376,114.226868776549,101.872100150835,86.0815314363583,55.8999236922485,63.4231141120083,70.7290393326539,98.1553576404531,100.559175646899,104.509830502265,83.5252512025392,88.9043829044299,89.0168753252694,38.6659771306992,118.455814383295,108.218336366003,82.1381357836438,180.657304056604,59.7049211761893,98.8238029954334,68.3903819388225,47.6131571745826,135.163411268882,40.7928360776563,133.653523456939,12.0368035629634,102.669353926409,236.07179511148,73.4815448041354,232.766349743595,184.111514963902,174.902503932114,37.0057725916539,229.032994393432,315.936238839959,39.9349186683727,283.321805516788,193.650525346316,397.029454426737,115.384158023621,209.676233764311,409.098101081273,76.3523173515397,270.394302624438,158.541333160289,39.3892827231294,109.963983923758,4.9134994188043,-49.8214274053142,86.4762160851223,-5.43326189613526,59.1413094710474,63.5198772645125,16.5623689061072,36.6806685181679,92.1501963528748,7.84227443736124,97.2889094477392,53.3789758866224,8.15204173269573,-47.3599008339279,73.4130447405044,-31.0961271545845
68.4160523955992,98.79508196001,123.886952436863,73.0437743421298,61.6893688136657,12.7470525097545,26.3253182223374,44.7100223157497,51.060746660978,60.712017672666,77.2625505560959,27.9730966478758,44.4398869635156,59.2737318029268,-20.5594847547449,11.3575125603756,69.8558108744632,29.2432149248285,87.191675677848,27.5097969581801,51.1058428591788,39.9480392191801,25.6471232920479,89.7926945900672,20.4149903141752,85.7562280945335,-23.7883367387508,36.3011061551085,213.744632596884,16.713922751669,166.712719526143,172.967341727768,216.552204243552,10.2055116077238,161.740002308545,272.058031408785,79.8279573696441,316.346291232424,187.156637800893,347.748142373742,67.4063391422323,232.749194175741,312.996501357055,64.8575906063887,226.804521927779,158.160023868627,33.907983610678,124.329985458698,28.0151183406754,-80.8845523028778,85.6866852543342,-5.12854544697343,55.249355923666,72.7117455450018,22.8777178953746,18.7306287640438,95.6352039141778,13.7412098782619,102.089584126686,67.0061808924518,21.4550412731625,-74.6989454354315,91.2849914210785,-50.9650008418029
58.7767948353123,91.8988905314896,128.4631007858,57.3668044984842,53.423110414721,-12.8097380681764,-4.28448175426819,23.3084724326608,28.2778066053717,38.5990815618756,58.8928880419442,-3.93974338476444,17.3431847240527,36.2200349161089,-46.2261021085367,-64.2011021079242,48.0657842471474,2.36134747165633,20.0877975811956,23.4084653259436,24.9257685624073,40.0132228635295,28.8930879104395,44.5042619130884,49.3208367896349,37.7260038867956,-4.19067354799183,7.35557945494117,116.263953897946,-17.3944540115265,71.2470159761852,73.803116897131,212.986741528917,12.046710529923,99.3227322000375,94.7818096601449,99.5243531864739,248.654017879729,168.336938070124,235.251022179722,-44.7710292653309,195.763835604655,122.94121149923,14.4518175646399,140.870616424242,156.710339086209,60.3130806255685,126.665482493085,80.2465940780839,-39.3848209556861,81.7629142093856,35.8536273737172,52.4116956859782,71.4559761096384,37.7059570252122,47.1441720339496,90.8673042095963,57.2377973447967,104.834689852397,72.7722022242217,44.6567736084734,-31.3340627269199,97.5159217604461,-31.9888174824309
66.5424517653086,97.3803190745118,128.87673094515,59.4643567990077,56.3129553210474,-7.08875866423634,-9.90598785572869,24.26940427159,40.6476097279129,45.2106914734883,57.0758830755845,5.12242382510804,22.392707396978,31.8650554664514,-24.431762345248,-68.1964428492401,69.8772808952331,25.7955546942429,28.3276283754183,77.759370521464,58.8235818097404,99.5128752243652,85.9532943753997,53.0472786299552,163.883249745358,56.144740109558,96.6766102701658,95.8653462415721,24.9499150298096,48.1945299445055,58.5775030776623,-60.5950520963143,160.750612550428,78.8690230973507,132.266191198561,-101.940372636036,51.0256600890961,121.172406475469,182.187495423843,136.406272909823,-187.527617519904,78.4216738604349,-68.6325890103593,-72.981683829035,11.5190775809607,163.282159814218,81.0554956680527,137.119318299353,139.412828246796,16.5205924457051,92.4586372068829,85.9945145808293,68.995434933633,79.0915835087532,79.1289181966139,90.0350453145644,98.5427847416097,111.704890605033,115.959770255055,93.0764690242181,81.2046355858241,42.0115945262467,110.065958461107,11.2433038857091
69.4659646650158,91.8475631511732,154.792743372472,63.0058401815511,56.7967049131654,9.97067661436378,0.0547282121010668,42.7085137107071,55.3389523581785,62.2125311265783,64.5982591256137,28.6104843532178,44.3163091503722,42.7825783146137,20.9843530344872,-28.3073912417851,117.600513844079,82.5769815509526,74.3268958556206,166.914022807228,136.655957245944,193.780032334959,196.786755761592,130.114274550815,334.63322762768,167.158629550138,237.663566076586,290.712879399577,47.0398464588005,214.717905267712,187.627150064826,-89.7970677617022,90.6503786702424,189.041120217456,261.641288199263,-124.188389379735,-26.16162390134,9.07364551682028,234.471147919846,123.671275961807,-259.718184142162,-71.1348768104062,-148.602269719583,-130.547048707643,-133.834844064451,168.147040840152,91.8326797109557,162.233531610047,198.167680978845,45.1355712899019,115.243490144816,127.646869229792,97.627010203849,109.401330458384,151.417430723798,107.702935243938,116.284069049772,142.125679274084,126.829000492999,125.547610630413,118.930509207218,89.9192029682137,118.810817506395,53.0357067955561
74.8558011500361,87.6822328245805,208.098109011396,71.9888441853202,69.4337840326749,28.9654540915941,19.8476616876737,74.7477733119902,65.6194953476419,86.1800210371505,89.8259520142746,50.6693367786907,75.8701927513076,75.0071275947263,77.5263945791189,21.6788276654225,172.795295927444,155.515509462929,126.118192362937,260.30019484118,231.607033755841,295.88216972607,333.012076754088,250.165482390751,501.430717279482,334.933022470893,383.317763024643,496.832459876961,194.96429063187,416.343805464036,395.535997026384,39.8773926617712,52.6406643163449,315.65915554354,431.19061110503,62.5574271491436,-31.4581823774923,-54.3814866859669,313.892268668914,211.393564667522,-193.833259508482,-153.950600832019,-83.3768982075469,-95.9314429274507,-239.272135748602,167.395077733169,128.915893886551,189.610746480888,262.592305933092,83.4701305647309,140.758420382884,182.048477264307,128.398197903234,157.325793866789,240.323447677686,125.87540021626,144.862425305214,161.747850612825,141.891337990491,157.479616555037,150.034153778564,118.52361612317,120.108578858199,85.1634510641231
88.2264762484387,99.7432010957486,231.819202172378,90.9917133932278,96.1891139374269,49.908459767167,42.3670369152034,109.626883166812,83.3103112708454,112.199945312283,126.372441447073,69.2669103170963,102.117341927829,114.485885882906,129.066974666521,54.6817850807621,215.590898134942,218.064679684799,170.536365816619,324.077450693981,305.047829816142,369.60448396568,419.862809863961,350.200509064555,591.349464116357,456.254153598042,497.271690039895,578.621735414602,356.255297261282,552.170841643866,538.892372970543,222.577856247202,65.3742597321028,426.456510355499,561.953993448124,274.325509553575,65.5870584934884,-75.40859244992,391.274703235761,330.915414132067,-34.6506983060768,-130.579378764931,49.2925731869062,20.0735319245091,-255.67422793623,160.880930334368,190.497993742623,191.859439935444,296.035667849503,160.71368131615,150.065356074854,242.655266978765,148.670689957955,187.424854696844,297.035954925928,178.827675452145,173.613970961118,192.458541669594,161.938550731281,174.14209801422,159.436627660776,145.820442550055,124.727963165271,92.7156961308932
96.577380765077,116.239457240143,218.447277105966,110.76180089583,114.902845021343,72.5020013305665,60.5597906022594,134.508739173671,101.477714506582,128.203162428955,150.113502063237,84.9704126565992,110.962088982161,132.821223921917,156.508364998929,59.7546533291324,226.683865358341,241.72003105453,189.229214293736,330.948669964727,319.167896131921,379.653566085175,403.055528946743,381.679435115769,563.900848766062,450.595012514812,530.08815950495,479.755034844733,432.97016759181,547.08929952302,533.846985480998,357.705822223731,105.674982398339,472.620346166951,578.271736092389,394.561081855414,196.156304085593,-38.5966938752896,413.204303441803,415.648754511128,146.93361912985,-47.5102452874698,169.262895496954,171.572870411221,-158.21916386619,151.831641013153,222.679647234309,162.431186548042,252.747976894941,244.626855307143,139.729431672352,273.08446359799,153.411444024077,181.537819745123,286.280613002601,255.371281980421,188.498190729121,224.944539110135,184.168636360863,182.39389489235,151.491709350378,162.97681900424,148.990220841779,76.4171761856199
94.0299837588125,118.969023591244,237.244124366501,118.5894849142,115.280147223431,90.1954160551554,73.0532589563026,148.254824571847,100.749607468341,126.966554934757,147.293449551983,95.133401283553,108.780712376555,121.764109052892,159.254553179172,47.9779402601186,208.272191469038,222.945949667271,174.876766421406,288.901312292015,276.666693760785,336.650149680882,317.958501141655,349.906775817202,461.885380344884,341.843289652335,473.920686553266,289.884575931998,422.644995354266,406.654758180087,413.936189293196,440.46099799592,135.472625626076,423.788198479453,447.022522082587,480.651649014914,293.49688344662,66.3822866957876,338.417284431366,446.83210865978,330.60143466892,33.5083052871504,258.615630581741,307.412146214594,20.8826527538794,135.248648484183,192.330709139856,117.430339962639,156.975201036406,290.775602654814,126.142579979746,265.356733166893,148.107906612097,163.852874219493,231.444759147685,312.915112535256,190.363105727178,233.899649257827,207.795138971664,201.326192559932,152.921633729956,160.529066411771,190.990713310096,72.0063921636287
78.2157320956108,94.8981911940279,265.449109327752,100.301241756067,98.9573824119273,84.5430575939922,66.0849367243182,139.378694788356,74.0567596301236,100.147394525643,114.579943962545,84.1555567224207,93.8289659607283,86.2747004036472,141.34177225452,21.2717405104535,172.44119853584,179.703060676939,133.563913813531,230.074933359356,213.511489243353,276.279426158004,238.894893844845,287.290758073006,369.193971939302,226.557044385513,375.251010686428,148.079249505738,363.608681178692,205.961737473237,277.469586300808,476.805529705254,139.872627424961,292.384009839297,211.531846647015,554.662675783008,365.861068673176,197.171393735115,179.676335632289,404.810783383093,501.954732479681,94.3202402610036,301.966706256792,378.131925165451,187.486909715289,90.2957165656901,125.624725625635,64.5861995570769,76.1383915606042,277.091476192077,99.4280428273347,228.495233935173,119.00033835229,139.613986166778,163.318386609458,301.610412152162,169.17199776499,199.106687655717,206.299989797671,211.084547765389,155.244970131684,131.827670428103,208.796462533917,89.9223038307567
56.9630792333863,61.0480807132614,166.785815981896,69.9077550241686,78.4456134192866,63.1518988950129,42.1074524817635,105.841855531877,48.0009841996045,66.1378547709238,76.2750277853678,59.7598944371107,75.1369725464378,52.7679866993093,123.250308071717,-10.0066700480434,141.398492163477,152.269659055505,93.7156415007078,194.719795467679,177.872669175361,231.394286635899,214.82999234406,242.508022270863,332.534300973315,199.073983741863,291.881875655985,129.548211948348,307.843701369721,46.812546766272,215.504696279878,464.610092978756,168.479225732652,142.470512951273,3.26472944813044,544.966484288814,447.782150587544,336.005501742706,19.8329491117851,280.591983972672,612.527194660056,169.827443531049,284.750703040186,384.447326275658,270.191324755235,28.1898163029385,82.5023405667796,18.151633164359,48.4305064251715,215.006820556505,45.5715391613804,172.900159275844,58.293587965345,94.4065554005755,93.4323081889777,218.909388204743,115.323952031596,133.924324998971,159.568409315833,180.513865841851,136.939028696418,89.9378401520671,175.137687542013,106.812426628623
42.3785639028898,44.9275407749777,-101.825771092037,55.332651322993,64.6096648435145,49.9965629194379,27.1674784201844,71.2486518428926,43.3821105898994,54.6595882614513,61.2102847421387,50.6605121177868,73.007685844678,46.2118001590536,124.429237502682,-27.851979452334,127.307023247424,157.277991304067,79.5467059574257,189.824728798563,176.476558607358,206.876666723536,224.266634622232,233.670536428274,316.56713590408,243.852480365708,236.514095199753,177.872209699897,268.193096560741,-24.5586137672962,196.583472231189,392.693826935629,258.521234424569,42.9125789903207,-80.2415610784167,396.170185566349,477.261812101108,501.612963337093,-63.0129691780798,100.395375493151,569.068694163836,263.967315009998,216.105209612835,336.448478557957,278.237281796417,-15.5325354043947,70.6473860823433,-13.0732356208795,40.8364200486863,124.089499460056,-17.5985678498954,106.094205701074,-11.7209555010918,35.5937681280172,26.8214240615378,109.616677148982,40.8672925753598,66.9940470441967,87.4480327330155,110.993805483684,102.428175827566,59.8242740811119,110.322311339863,102.829895809271
11.9411389705677,20.3066771627123,-397.714653184149,33.7441022329632,32.5489980456502,22.6939959851368,9.27513409912024,34.338928794222,23.8635558839885,37.5779017867592,37.654459201985,38.6294553103843,57.8430353147081,28.8855993098958,103.27191560245,-64.1514124245413,90.6486276018077,131.59343687531,50.4712708164569,150.56328911646,136.364092966248,149.008878873467,170.116584626294,185.055648180581,229.771889142217,216.564692457949,152.106369260254,133.512747081793,167.838214561554,-75.7048441772607,77.4222628898295,208.808741252185,319.838115549062,-21.9093844047632,-118.462327441103,134.637734222053,328.402319017437,637.474036061981,-103.802109817568,-96.2233513204109,306.590543826727,290.468243878182,107.049005234374,190.053046945696,269.468188729217,-51.633353464499,15.1879092323856,-61.4959621596075,-25.0249630284383,-3.71423587316252,-78.4647515340001,8.73169138603222,-83.4062482280046,-32.9588054015431,-54.38792084378,-2.71309866702618,-44.4998918982541,-9.215449897144,4.8969351808993,8.5339172779262,38.6728253331055,22.2144883974804,24.7127744882718,55.9220930412337
-46.7912617101694,-38.9542504883157,-526.026479752393,-21.5513119130614,-27.8374123807939,-35.2412296160364,-32.4380314939249,-11.6873717291126,-32.1260848412244,-17.6653824303741,-26.131125315694,-6.02702316498197,-1.58029996914404,-32.6689477117992,28.6202737937901,-144.021464640351,9.38171744946496,35.75719260589,-29.4992298916691,42.6657863136325,23.8274081602317,30.5436974174807,25.4273463449306,46.7894138082919,66.0548802671613,59.2623592566828,14.3469102880292,-41.3068291220513,-18.6021771689375,-163.920574120095,-147.520750193575,-66.9660319999866,246.155017484175,-98.3300676806084,-208.402367205644,-105.418899628258,37.9477335271593,650.949718040339,-170.956813920779,-235.517981086057,-53.7593136591356,200.386409719673,2.31335547962452,-36.6695641833228,287.185401665962,-98.4235000036287,-100.810513340651,-133.548721891122,-144.200783695525,-139.090871107903,-126.955708126252,-107.866516803707,-145.085308835794,-97.5268443001661,-150.12345851448,-93.0569857807554,-114.31434937218,-95.0160450898755,-69.7257445792169,-98.0045275071222,-61.5385218496814,-42.2842730230528,-69.683440837769,-28.1600185993136
-87.5297498203755,-88.6557807306632,-442.276184452024,-72.2641303699262,-70.2589538067044,-77.7190098388599,-67.2399446503876,-41.9435529209081,-77.432089359794,-70.024911961615,-85.7353235338753,-53.5833068358069,-60.318055581504,-87.381070433108,-40.3600285045899,-213.812665366342,-57.6275015414378,-54.0989238594259,-107.7870078905,-54.0840665984597,-76.3609937421384,-74.3120097316991,-90.6437525807149,-86.2342084779671,-49.1171709509072,-85.0550677642148,-93.6682725077923,-166.174383427388,-165.159848931188,-214.351723671263,-286.20654473919,-272.737165664154,86.5200128541189,-152.535699564019,-260.994809633679,-195.562538258585,-175.646171265651,535.984817313474,-223.318230327639,-246.280248729652,-282.524666503118,75.8040948326756,-47.4581263764116,-206.458139089343,295.673274074826,-126.434317937857,-173.384966732109,-170.861749100332,-204.47852661604,-195.533064582002,-136.398059440077,-169.719777523122,-152.723957491657,-117.59217836303,-209.14500016452,-118.746394983758,-125.017932741947,-146.584588608482,-90.4680192089628,-146.410691980241,-143.834233869369,-95.1788584653188,-119.588911785393,-99.9950026858332
-83.7095801620252,-96.2056867449961,-299.989479324387,-85.6078745260225,-75.3726965627596,-80.6771442234149,-74.9949080456182,-59.8590215251037,-86.656616855337,-80.6156091776738,-101.688013518806,-70.7765898121133,-75.5314867242483,-92.4277203978707,-56.2437662881058,-232.261523463669,-66.7396314989152,-73.2095316216086,-136.898879283831,-72.3094676177005,-100.33358663591,-99.244895919462,-95.138595716851,-119.908412387171,-38.0860727002421,-93.2394846894858,-106.886051719082,-104.870799298358,-171.318582329432,-142.985782003692,-230.960337476475,-297.803060155364,-32.24691487171,-133.827616258862,-171.956509073386,-166.267781651322,-198.047182992775,348.042194057144,-185.947762545781,-164.975791060436,-324.056131037148,3.48715942362544,-84.8218329360491,-242.066423163148,211.765529504226,-124.808567770176,-145.873796667541,-154.426124279423,-165.722025573169,-160.07575277719,-119.248794477852,-155.640581800376,-114.800695251114,-104.026787918228,-211.267298127959,-105.250658348926,-96.5256258885693,-155.513726716073,-61.9972534213375,-132.87249566098,-160.711279308803,-115.440656665495,-106.094234553349,-136.412243547903
-67.9596829398711,-87.6348791615151,-236.616591628777,-82.9194513475771,-73.1775789047248,-73.0728205949518,-77.6219467663278,-88.176495436668,-84.7354555327981,-69.3527380829132,-94.9308562836181,-68.5271852560429,-69.3205072510068,-76.5989581662323,-47.2425346147276,-230.604588007197,-51.4489260977178,-58.6544213366272,-141.065376028988,-49.3163159380637,-86.7936150777035,-73.9271126545458,-46.6538944789106,-91.98631418454,34.9190578829286,-18.293434426708,-71.9728519546974,54.8506014608084,-95.1930878934639,1.58154373647701,-86.3743412786557,-216.881336715441,-67.0878295944031,-63.5875682840425,-23.2515122255653,-119.11376056039,-140.693866929885,145.531535811912,-78.1382067505017,-88.8054350311289,-302.206092752249,-28.1577205382732,-162.925840282175,-220.244768261545,42.4915522332145,-122.322649036164,-89.5025162530751,-135.757045649585,-114.892660427955,-110.687459328992,-120.591647316938,-126.596106293799,-99.8690283750136,-111.537155703526,-195.494115540677,-116.376144625361,-92.5175070079967,-159.545751609569,-53.8711495646916,-118.588297874214,-132.176521113571,-125.003618824383,-80.4413227307637,-145.235038705676
-57.9996430466887,-75.4097588368953,-206.938794405351,-78.8827784330353,-67.0822650300687,-66.136308878541,-78.121754660571,-104.635059518198,-75.0849093692307,-55.7392144638982,-85.2609547752501,-60.1478099448335,-61.8857447726539,-64.6030686475748,-39.0718724136001,-238.744010796334,-47.5258757535404,-54.9640642578195,-145.533986484893,-36.1110559718952,-81.6773969094601,-54.668490067834,-18.0646773631443,-76.947571613142,78.3569267753812,29.5767519881836,-52.2691392079984,152.963082609372,-50.3647462330475,105.479118995163,-7.53443256691367,-165.435888467527,-62.3220397179502,5.93289022112254,36.8594891883914,-104.045172282362,-144.446110810581,-13.8956276835709,17.5456617892885,-70.8167592590093,-311.888357088561,-70.7344434225615,-248.915543619865,-268.46957802324,-101.975024617345,-119.903907560487,-74.435764209736,-137.399430769369,-109.869301099675,-84.1819787308091,-140.566866638668,-114.52288822757,-121.684082095236,-139.673136686071,-184.124659582117,-137.215632631326,-116.759049035196,-158.976519901923,-95.5722807331978,-127.782362320742,-100.130585852073,-118.585409087792,-82.6455967831831,-119.118539912583
-33.8348496854453,-42.5509237417121,-120.751602636984,-56.9409407019675,-37.815337607435,-45.1084190072852,-57.2095798900737,-89.1744112967535,-39.0958424031434,-32.4731055262844,-63.1846352600817,-39.4669299079377,-37.3122000546363,-43.9904973761483,-19.5750815712972,-242.436655904676,-42.9017645001435,-47.0605803828355,-140.76879867178,-24.6835417795427,-78.9316315070927,-43.8498537431418,-10.2326304064601,-85.8162980194123,74.9649610692682,12.8580412980648,-26.7287705725821,143.247113350532,-90.2514277518335,133.148689390968,-56.4032805886311,-204.357540190691,-74.6944578904827,56.9336599678612,-22.0689962916429,-175.481693574212,-220.687782597019,-115.869972630922,50.173953130167,-132.648905341604,-376.216719002983,-149.109875171234,-338.733687895992,-463.541928271296,-170.610588969994,-89.0380158628064,-87.1762610529503,-121.628530146447,-118.18046170651,-60.9104279003704,-138.937026088099,-102.274015867387,-129.387211826087,-147.145849224878,-164.369618117525,-113.321906365648,-123.857316091063,-128.203059988563,-139.189892596686,-132.30007735634,-84.234142923181,-79.1201522881348,-97.3313294890933,-68.4573413573881
10.9135686705506,9.61203075002157,-1.61951790964726,-9.3880420248329,7.40755060794151,-4.12092266729179,-16.0700014401171,-61.0488443524567,20.7115943572174,5.85900612007434,-20.7727117891161,1.56275548414866,12.5011173983398,-7.21023122337183,24.2333256935409,-218.044690206066,-14.5663721422768,-6.5878826587294,-111.203717125917,13.8394334140622,-54.3435422753753,-2.1761996624358,5.4072903886253,-87.3688465689356,71.8263477879795,-30.6868030478253,62.7638428117346,96.9295850905146,-186.617579511724,145.162580099455,-173.211859712764,-315.25220116883,-146.04723715619,114.802637280404,-111.34742979137,-365.833249044597,-312.113517210331,-241.636529118458,46.5541543025091,-261.265562631168,-483.075538968156,-265.391766995322,-478.114358262778,-741.602602180756,-266.096161840947,-22.9406410141944,-87.0215054785632,-61.6474163860016,-100.565533473895,-47.5894300751504,-96.1962357676134,-85.9062421595974,-92.0769446875893,-116.743799209619,-126.164099522251,-59.8576603049873,-90.3076993867502,-78.1105245364387,-122.193267493661,-104.522180795408,-74.6064707269676,-29.5192112953166,-83.2596820984838,-32.5697693432746
43.0319783221385,43.3472369192699,68.3773434627065,28.6959461712422,32.0524034137482,34.6839501418973,11.6844562657483,-43.8786453416267,67.08499581953,35.7395468755564,13.5916583734597,43.9776267708509,53.1513684765872,18.932084522449,68.2247136908377,-183.980673276395,19.1022456294269,39.3327298653359,-76.2248475160718,59.2437227366522,-22.3944909484829,61.2796655912744,22.171181356252,-81.6666698508715,84.6679323954841,-65.5049811947978,181.190272230277,64.8224855562672,-274.828581373655,169.882018935479,-253.812465771135,-445.021696843239,-310.599910422547,184.648622866181,-160.334085987957,-566.602031908272,-403.363917296854,-506.501555152461,49.6447371634101,-382.537675803247,-566.677010492224,-417.279043295819,-616.409765475833,-891.484913453826,-502.530595291031,37.5284275143573,-81.5692860861048,1.01608438244707,-69.5169809705848,-79.1027142342685,-42.7900982850783,-88.5278761156613,-32.7749752070085,-67.2504517346728,-84.6886877104058,-51.1765850780996,-36.0348560833415,-49.2158656709809,-47.9037169585796,-50.4734397712986,-54.782630799181,-13.5875702782874,-32.7655012172451,-31.5514883749745
25.5527410326846,21.0446795797137,65.7272864489808,8.77739852018995,4.73224929064285,32.9220441569906,-5.69946443503652,-55.2788177571126,56.014524897865,16.7189285771569,-8.39417788146035,44.2766750126419,39.2187877708341,-2.49525127461142,66.7136421956871,-188.721673373775,16.9772102678199,28.3425873492806,-83.4400737969315,53.5608098429011,-34.1605860962249,76.269149954107,-0.591447450928451,-108.156723270039,62.762714770462,-104.836701057824,219.207276425183,15.3122412559286,-319.20919220626,154.67648478241,-263.774847635304,-526.905657845436,-538.524547977672,214.311850530065,-182.609859103107,-614.80446754868,-492.714588722314,-866.815261338876,45.0424495332843,-414.816793017738,-551.676775004666,-552.315295660585,-627.750305614401,-781.329643998885,-761.617167086642,37.6202744348809,-105.923424670471,5.7093483754486,-62.6090872795073,-151.658173598929,-26.8885363652438,-122.812310258932,1.68183715760774,-36.0039381138766,-69.6440944665313,-118.875569300079,-1.1737434863907,-64.1998509717616,7.92249735498199,-9.12333123577873,-31.7949076197306,-43.9034225232185,5.8303834335502,-51.9835756244322
-24.9719608057065,-35.6053040374431,44.81304619804,-52.6457606162252,-50.1507320656904,-5.16431641112443,-47.2583067031539,-88.44105014696,1.14121355267666,-41.487318736008,-72.7879490068383,-0.345291672785538,-15.5220539135992,-55.4106358573721,24.639860603553,-227.505282406767,-14.883987349746,-33.1229304654137,-126.116654813609,-0.377399652847275,-86.9196721462015,33.4093971991197,-58.5970694162648,-160.161958815257,1.80734475472302,-149.941208883541,165.799723410996,-54.7183535555568,-314.26486611568,97.8392008380039,-226.752373965405,-506.162009269169,-675.735106822158,186.215022848458,-171.614964638234,-498.919690440218,-516.819525784337,-1060.38698726971,26.5266136020274,-329.596003227311,-444.43578879622,-551.792212481935,-491.841001045443,-519.658357804657,-765.946633726201,-12.9286827456695,-142.800806473356,-31.5654912126371,-78.0139029179678,-201.731377971156,-44.4770819648189,-154.437645709128,-1.39503840420938,-32.0812747279842,-79.3858888477386,-197.530232697387,2.99183228548784,-92.1930680088537,2.14201626713551,-0.62002695157439,-12.2209856097129,-73.9384620132044,1.49175240501789,-54.2396384707531
-58.1997899510769,-67.7980118922904,55.4721745002807,-86.7009769868633,-73.339201739706,-31.2608216063091,-63.950405285917,-102.037539118063,-36.2627225885481,-76.6242876449385,-107.557305379615,-37.6158892632169,-50.9862218582406,-82.3330007958143,-4.0948237689243,-243.978285494058,-35.5898329707397,-71.3405779480074,-141.639564074578,-35.1732780196497,-114.012441073221,3.64130416979901,-93.3938643858659,-179.207075584836,-28.1443405838354,-160.236459770129,119.554793656688,-80.057418442224,-261.357022973122,85.6755408216784,-153.891918262364,-393.869356128482,-588.362504206861,163.459943832043,-66.7645186487069,-356.604685481617,-419.868154923448,-897.972230062119,48.3730816193053,-176.310510522526,-319.454624315677,-370.645144138024,-325.200873020026,-266.67023141438,-476.11288615918,-47.1392835204987,-142.28421325416,-50.6994842642301,-82.6410070239852,-179.243827795763,-50.3360536918815,-136.198506278113,-11.7000600872879,-28.409660887482,-77.7777240504178,-204.636741873729,-3.63296554983372,-81.5792240599849,-25.0185193005243,-3.49769718914028,18.6964683623679,-50.0558566048957,-15.2966252303629,-6.77429887488221
-68.3920087458111,-67.209103909971,76.652542432583,-78.7790694241814,-60.0658306283759,-35.3756318169163,-53.5394810298982,-77.7049905180002,-42.4700877354503,-73.1127012700658,-100.047144973467,-45.5758038653279,-53.5382366008107,-76.95947874787,-8.18559952968658,-231.471280801729,-44.1609946861561,-66.8952583678666,-121.024640407044,-32.3893419591297,-100.785998938873,6.66025151499854,-87.8243101789573,-155.174697939492,-11.807486932328,-127.198817560701,116.586571705746,-42.0019503912906,-180.063459555192,141.894216008557,-56.1619562664743,-249.752931195765,-345.910585422557,174.682600080098,111.661886992575,-271.00005204582,-244.547930146216,-514.962503956694,127.136507171193,-51.6410338946865,-221.214300397676,-120.359961877023,-219.887824522774,-59.941754178519,-152.058286893186,-45.1775003888444,-112.709047091409,-56.0153864730732,-80.2493554200139,-118.940627410762,-44.0038832610125,-83.5087429183566,-16.7291322466146,-23.2313614297659,-59.5543221877039,-151.24727146548,-20.6322339474386,-38.4438483729624,-38.8216831064351,-8.34650752633846,53.6484150776048,8.96221461027693,-18.6590665023223,58.5119369007096
-87.4144917686573,-76.9532347456446,65.4528436025316,-80.7911192690289,-59.8978280191706,-52.0254907076661,-54.3258378567325,-47.7711698548075,-59.3688530268139,-80.3017613873097,-107.819067824787,-60.0840721659436,-65.4140187161689,-88.0612612790284,-29.0330084884334,-236.056888611735,-71.0282243067577,-69.7473107833671,-120.046116290748,-41.3054715203082,-102.582056004791,-8.93455351751971,-85.3905320747747,-136.819217929914,-9.56842881687934,-97.3447823535024,95.1233429786804,0.364351455985107,-104.262362588304,178.984126763503,29.0571965703722,-106.805462177253,-121.173207294518,154.570594501759,232.144256625959,-189.605730865275,-70.3255613738018,-191.038508937835,181.327877776554,-3.9188583882836,-134.449723322742,63.4638162368855,-151.723525121523,82.4124210073844,20.5759383926096,-54.9014860159341,-104.897526188445,-91.9560703295526,-101.524098899562,-92.6595381257296,-66.5812085141318,-60.4153340084517,-38.334763716301,-46.8891685248049,-64.5861228789047,-115.649586463175,-61.8349637638836,-20.6834513730029,-58.100989215256,-35.0729067320545,52.9476693728275,34.982254111288,-26.3020008739071,77.8525838577078
-102.739777385632,-98.1863056215216,38.4209055176163,-101.284162721109,-75.5734035247048,-73.0191379297568,-62.6181493170293,-28.4224637018174,-85.816142780865,-104.562351763049,-137.012168396714,-87.2713447751834,-88.089373399779,-115.207696924916,-64.3505124900883,-250.623311102328,-101.134219952258,-86.8338966232659,-144.839855912626,-71.8523340137307,-125.557094320013,-46.6902964271861,-97.2911557205593,-134.589691380109,-36.0735883887582,-90.5095423684821,32.7328092444492,10.8969404864815,-39.6049118425325,134.957166088984,78.4243649772355,38.3108525988282,26.6232231158445,54.2523790338604,212.05175376371,-46.1249739743723,90.4054800140434,-31.0678756160423,136.635096152299,5.96498403936447,-18.314772283163,160.787310786918,-53.0903788520995,130.161620862968,89.1543566080706,-90.7887812650125,-107.707267780658,-131.306591110366,-125.101109749358,-100.735723932018,-105.293073625309,-74.3675284229323,-67.0286181939561,-82.9118650689068,-93.8517932824901,-117.686379013093,-97.3416215316216,-40.8147804622534,-81.760573258174,-71.8080299186774,17.9627985441424,15.3156083121266,-40.7019404540499,53.4275319051226
-69.3539152031124,-76.5071194530571,45.37911049762,-81.0911238824673,-50.9835433729635,-50.2787080202141,-30.8208526982567,9.46975040336679,-69.6216238347473,-88.3949354280728,-124.935941758017,-79.7663546448617,-67.9127168648081,-97.2716728727835,-56.5022825586261,-216.510503577801,-84.09083329951,-67.5732034861309,-131.762603209056,-72.8144962676415,-107.789545112672,-53.0183806574326,-81.7517635609193,-102.616775460681,-43.5499334198101,-66.8283455999492,-21.5082046036734,11.8126904797092,43.0372814777444,48.8689687328936,116.113153499407,191.443157277266,160.428089030152,-87.1384792255291,117.015625286017,151.497982062229,279.885055046489,78.8493741508406,28.1563299214451,42.4400993375099,166.6380294762,252.242215447363,102.741270230236,173.723397708592,162.470655795334,-98.2956689328201,-50.8074591608198,-95.8645528323663,-85.7130042817522,-71.338263896236,-91.3373480928263,-55.4399977412358,-54.9451764195818,-65.612844989004,-83.7489078805411,-95.5187885946179,-77.68082918399,-42.6654720203061,-68.5049889417919,-69.8249180834338,4.64322817356153,12.2880297987216,-27.0251830714167,45.0909122645684
-4.19399904628836,-6.26024298346311,84.9640004096847,-10.3328521801473,21.1786281329532,5.52086685032326,34.9350165554527,66.0690243031358,-11.6585912490823,-23.960339235048,-58.3297495583178,-31.2281042404221,-4.38620226630245,-27.2504991667862,-1.92732733035323,-137.41301308804,-31.5611634533239,-11.4999316660405,-65.9451576422981,-36.1522386192967,-40.51029856629,-28.9192144306586,-36.8227415663732,-37.3505620689475,-28.7560618037521,-14.0253794448415,-53.331179199873,9.40616264285491,134.925536366448,-25.4585962193009,153.895732872869,328.135081068367,309.235091864377,-213.131791884916,47.0711179283651,329.828628613124,477.205284349684,253.025838765615,-67.2847189599355,111.742337847236,387.115682364421,386.533490699893,269.787747230134,332.761900210121,281.777883256987,-50.6634720949431,71.5530164580257,10.3544719128325,19.3461603791571,24.2809671913907,-15.2208420514192,27.7117338824093,-3.38437450628038,9.15062460529355,-9.80804198591511,-18.2560080448986,-20.6778069691528,4.39433423343217,-26.2408154174761,-31.4220869328318,28.1176223891161,60.0747830597143,10.8455927485535,70.7105523512867
26.0533098181463,44.3188583386602,113.957970458651,40.3385220132838,76.8065432099712,29.2335250488422,69.3734240941479,89.2597596815152,24.8048703863376,23.1517709833253,-0.568718379236005,2.58293655502549,33.5652836236861,24.4016351561073,30.60090249138,-82.9083588384168,-14.8978975915466,17.4825387228751,-17.3167415649984,-20.8610111571351,1.50137136929852,-33.2082645120516,-22.3290683982772,-3.2143296195532,-48.9747255449365,4.56641596189108,-100.988331333918,-37.2680787896844,157.992924711869,-98.4472373195967,132.838376851605,376.682465936854,402.806675950044,-296.775376452563,-12.7504066611241,378.770765235403,550.772938811135,438.935794251299,-140.430685028141,132.764507523255,492.917505884764,479.441355306032,348.451389861641,509.066517359907,409.669147636793,-0.118460599449778,173.271258511137,86.4132380856808,104.853468756467,124.67290060101,46.1840264242974,110.060266847026,26.873093637446,58.5273267361008,64.2763057873639,62.5831494746556,6.21724707027081,58.2626413011405,-19.3869663272437,-21.9842133191631,34.2572035669584,113.758125620369,13.4360516019981,92.9539342828867
-0.400022025325034,29.8514789890329,108.304910818444,25.58658452828,71.0850215709016,-3.31803096123381,42.9663987087805,52.1026687280994,7.32188040728562,10.3921076264966,1.1727095454195,-12.2649649900139,10.1988060756636,10.7564334349811,1.47315178576201,-89.0938089633087,-60.2852630268088,-16.9526223265871,-37.9612753178023,-62.6961562591217,-33.1677946935354,-89.9275146964987,-75.1179117769682,-39.6851159226185,-134.765701841367,-62.5691436104844,-181.830988471146,-149.472621394229,63.2177361511099,-203.59703232778,4.72483395338138,288.59195075433,376.883046914899,-333.794376012116,-133.565187086074,248.175641902969,406.839318481739,500.260616184019,-217.970436556952,44.1625118666676,371.290333630433,402.085600858821,298.707723706925,476.541065232811,467.349677709088,1.18528211376257,184.988182819158,62.9021211470799,94.764965198608,154.872424494452,33.4056616462908,116.194276564057,2.78992509779333,20.7895509002546,67.8083640793814,86.5874262284387,-24.8604590827346,57.9038122652864,-71.0951880544457,-75.2762019177962,-19.7043811645821,113.038249681816,-46.5229667335029,74.5946435328927
-41.4605187995265,-14.09702863931,80.0630415974134,-16.1756295749239,33.1441697260195,-49.2497787070122,-3.38729140972861,3.0955741634781,-28.7463754782271,-30.6562061563373,-27.4353247740125,-46.4050742405825,-34.3553697644614,-33.9307042241508,-52.5678242675557,-121.138512507027,-116.30772188847,-78.7966751988995,-93.540898131277,-124.378562592019,-100.16655669823,-162.14958487445,-153.478576392047,-101.019713790068,-243.428344433406,-160.841625677891,-268.090450178531,-264.740690780189,-68.8450535698538,-315.589689416503,-144.97594141909,143.831051142915,277.879891760725,-345.216574830789,-269.251484440069,57.5976361657498,158.191040140434,394.983615958086,-273.934212199413,-55.7500550685079,137.679421329563,179.380338906714,234.279213271055,233.851674528504,416.243532590948,-21.929817023595,124.541599058546,-13.2392071492768,9.37879475574944,105.384843000201,-20.5193357112026,54.4204584153394,-36.4101437900768,-60.0706721211393,9.87086211559444,57.7914395711306,-74.7193278936761,-5.74106201980029,-127.529182581936,-139.314832405681,-100.242454308184,50.9257098590518,-112.719642995766,12.4058156089732
-59.2759144516344,-31.7487832408983,57.6470806101875,-30.879808784106,17.3181866033609,-65.6330412853665,-19.8310089548735,2.91627386556419,-41.5702544398603,-48.4796902007254,-35.1025318260951,-62.502006646127,-52.4021471756257,-52.6806786643215,-85.7863548595228,-133.772120998715,-138.42595111458,-113.202653321815,-124.465966429409,-157.018761200428,-127.494596131721,-208.299391937754,-191.006476036623,-116.070908852014,-312.510506558745,-188.960496517229,-329.380735212482,-298.115989909052,-106.726411430347,-375.197820700857,-173.703202436107,81.3696642470177,198.545881773204,-350.389396464167,-299.931074353026,-12.3540672339412,14.0920019606301,202.951585429406,-264.550790972792,-23.508137988667,20.3314891585343,3.64018065707397,283.263414135508,33.3177454111306,293.313128342916,-16.1843096748474,50.9594281696861,-47.9380032313581,-64.2131210975172,19.6476860385034,-42.323187095003,-9.76917719306601,-36.0662860542131,-92.1029351588698,-38.9213602058377,21.3791498819416,-88.5663944761845,-78.4404847586747,-131.151953683386,-142.571257708738,-136.141096013542,-37.0618320149484,-114.467453049602,-62.3069869860593
-66.4279051474641,-25.9990731976317,52.8389019135844,-26.3199738780639,25.8010695454105,-67.4207367200526,-13.7873218600108,34.6425978648987,-42.0733402122013,-43.5649903267868,-20.1307055286962,-74.5381774394046,-53.6457546715489,-45.0971280014543,-110.611659110891,-132.406274335209,-148.797989148104,-119.919276733811,-125.99219956748,-170.879500046787,-115.05550692643,-234.343769354,-184.633564052952,-80.0796421972825,-333.390417105291,-133.974780924488,-366.644680986074,-250.899419408196,-30.5457323177596,-371.771852748837,-67.1928176178745,127.055837831374,165.881944185632,-334.893191197145,-213.900027356915,66.4619161379357,24.4168158255678,30.9717152485072,-201.345470463723,110.966598939338,79.0141489046092,8.226315807311,398.938981940642,37.5047314969785,166.375595306282,14.3920494998755,1.05650372527047,-18.4248667992432,-73.2279749114566,-58.4999010820842,-21.1170094396226,-41.1937243487864,-5.89582613113329,-61.4763082338324,-39.9866009270071,-1.74371244291397,-62.9095601269266,-106.379012924441,-93.988615883147,-91.1259209851892,-114.087455515693,-119.358461166454,-63.3377531225733,-116.088181111899
-70.7635533768132,-15.6190388533038,67.2848617919235,-19.9213509536946,39.7585705860572,-75.5355820953701,-8.62448049798276,55.1138298520567,-46.1523184623226,-35.3278370698067,-1.88572211576233,-95.5257220941709,-56.2696265425737,-32.1328112297444,-141.969330169752,-127.178403343378,-166.162352628032,-122.029433949221,-111.006246315891,-181.034754585818,-90.5720313810329,-253.374606157853,-163.018740693402,-26.474628681877,-322.746710398727,-53.5248260047154,-368.865321655005,-172.303540164489,84.1622551112253,-311.033818077821,83.7353510728742,214.078376746739,168.839067599898,-256.075350246885,-73.4531886407076,202.748347396646,90.6015995815852,-49.3687602911512,-97.2223892622693,228.256735684943,186.944228730909,128.717984725123,452.323403512014,157.016189769155,89.9584263371139,41.4972515420245,-3.16825124732693,34.3310806522831,-18.9397880353835,-79.3321403513348,9.64197764419908,-28.826596634294,17.5375905513468,-16.9804353049349,-2.10016120674248,0.381856952165841,-26.8671975299904,-72.1455981177269,-54.5325501421605,-35.347667774635,-67.6323042800747,-153.111686536271,-10.4441520383562,-122.608812141385
-54.5140273666477,3.6196464812495,93.561080072079,-0.414519662569356,58.8332433512611,-74.9856023900869,0.227025238505399,64.6990179671495,-44.9137334714279,-25.3143950627736,15.9596406078809,-102.088306637494,-52.7834637704591,-17.7717416411583,-158.061934343322,-106.154038544456,-171.896179185602,-121.641022042442,-82.7009931746253,-172.249428373464,-60.0456127971801,-256.690512251984,-138.138098081955,19.3288492842102,-298.508054178104,-0.413753355684974,-319.100434210715,-106.784152319185,160.055917968248,-208.134620178842,190.387820366156,282.66773036218,180.706088123343,-116.889992638863,66.5807551650255,316.274201228791,130.837439905312,-51.1258238479405,34.1678089001893,278.920081973867,221.010198289881,207.382333021719,394.75289081591,220.47790858085,52.9856215496227,60.5062931025568,27.9526460877955,70.363758963522,61.514054004203,-23.655575318273,36.0162800340311,25.4981663949606,34.4818331258546,14.8654704144022,49.0178288872002,35.5055522417409,-1.45919023234133,-1.26348611718026,-24.2368572509045,2.01296849123891,-18.7126093799285,-109.76895090164,28.8485756899017,-82.1239835854728
-41.7403475781367,4.67085676032277,95.2258916663076,4.87849432494835,53.4917173514666,-72.6256449136089,-4.56216325613849,50.9370552920485,-55.4306421369275,-37.9354110696078,5.09981441030668,-102.393046379208,-61.783834429659,-30.0347337463316,-166.343396328402,-93.455597912927,-175.996217824938,-136.177123796504,-79.6555790395665,-167.992863636609,-62.6384963870456,-261.16594114555,-145.480333690574,8.10953014146203,-312.759766028126,-32.0984002115005,-268.928316859038,-129.752256854863,124.024848693746,-155.184264218685,164.815081310032,266.947802824469,122.308350023066,-15.5957058755837,105.878388969313,326.142420235109,93.4288433480937,-71.5695290414955,95.7341897558405,232.232762313207,152.046603471746,144.767709581116,243.122534927308,145.788594373764,-22.339868823805,58.105527840909,26.8639837222818,63.2403980575065,98.6163857986684,27.6135934627677,42.9135585636899,64.1445545895961,43.7106186270828,20.112046355436,69.1801596311855,54.1994027961061,-6.29934837703646,35.6048052127822,-16.8443898453357,8.59290660234759,5.73100398854674,-51.5519729723499,40.7917123397531,-51.1071898016941
-61.2116683753646,-33.2071729094375,71.367938482749,-30.3942105306517,2.83859283268468,-84.0912243988168,-38.4364261911903,-4.31423222008749,-83.9403242910467,-82.5597611783359,-44.7346964025897,-114.847157431633,-92.6956189887847,-75.9997932501005,-182.130923513414,-102.442090621811,-188.915309805171,-169.097142378055,-116.837705913677,-187.704777352961,-121.071028980966,-271.185620742957,-194.432182890714,-72.5567885969147,-369.725095504356,-144.498508630541,-259.052875185755,-248.926807996834,-19.9622579857998,-192.398718044017,3.22414758389827,137.775383697291,-46.3356343035498,-1.76446706666579,4.65670990253325,187.641733590361,-40.8767565842065,-167.714761676988,37.560751368916,88.9545968391104,18.3222732029137,-44.5640920417049,49.2262888580157,-29.700353623311,-167.648680812203,27.1925954016562,-30.158636166849,27.4330151301141,78.7610243898077,3.93214211726679,28.0756934556235,46.4161907067111,39.0704186317887,5.44603015153856,55.7587092820162,17.8162937866873,-25.3395188546638,9.72071473252609,-31.9370503119079,-5.30581704524882,-3.7115885294439,-48.085438693174,18.1136631510477,-63.4291819970449
-78.6939098864678,-66.6117039250484,72.1876247151522,-61.4283616789845,-45.8755619978765,-84.5178464476258,-63.2594314514065,-60.6852895830642,-88.419490674149,-108.473100507389,-80.3027864632217,-109.133009360771,-103.431292823931,-101.674206075388,-172.701246524332,-82.3357600730478,-174.443090411292,-171.767467202177,-130.871054064767,-180.45269146047,-165.261208570388,-239.070835946912,-209.488577456546,-137.202841433007,-371.81088850286,-220.539180633058,-227.306735740952,-315.139570612402,-140.320633446926,-185.578265187592,-138.242323488988,-23.8705145155338,-247.556673494266,26.6455422543114,-80.3243480406634,-17.9471099602085,-207.030474414062,-313.273142621837,-11.1899239660748,-45.1319342243409,-121.388682438644,-276.842351482725,-108.13469218213,-214.638860510508,-339.531947822442,-5.39163517915854,-74.8638279311163,5.29691272844276,66.3173940815565,-39.3875057818471,21.6076717113812,20.0196515788654,39.2107374113293,3.60866033573444,63.7239557653046,-22.4566683048451,-14.625288410314,-22.044060993808,-35.2421898325661,-2.11609289110618,-13.9145855338096,-72.3644538304672,-6.62210123578786,-82.7612606077222
-71.0250790745995,-70.8978238195979,88.0860808992961,-61.0345389580875,-60.7902200141267,-64.3849773941731,-59.9426944679386,-78.8589338507677,-62.8605557484227,-93.8814504322488,-80.129952192867,-73.4716051926027,-84.2297712442218,-92.3723665958797,-126.849223335781,-22.2793580491364,-126.47875948472,-130.121459977118,-93.6066831777313,-125.868704440483,-140.28277794444,-158.771130821333,-147.843476734978,-127.578548814893,-267.845742436647,-182.952051440492,-128.004921816219,-211.889937847409,-147.362198261297,-26.505875778111,-127.43206088981,-120.415908131103,-391.413982669224,151.960847609674,2.48747828811048,-160.898332236719,-317.739222744754,-489.696028444743,62.7380713992954,-88.8522595437981,-221.836762800167,-480.984989124394,-185.933327261611,-356.603889854268,-515.389377408231,-26.3891375148446,-74.4653685987951,-13.8470144213812,66.9097314806746,-37.0482001686786,19.6455066974383,20.0410639597375,44.4168012441579,3.34154832709299,90.9383293451527,-21.6227267394481,10.4234526416643,-23.4836293682785,-21.777942570747,9.44713856376157,-18.4579104425915,-85.0743154557883,-13.9262976328196,-97.5760571707133
-63.7662640462327,-71.9681523932125,75.1076823565113,-58.5011562790838,-65.5452234029832,-47.4707899862207,-55.1381597190963,-74.241476565995,-46.6348611386903,-77.9388507809255,-80.2117475174228,-41.8218100213073,-72.0094380503632,-90.5686569656421,-82.284871573527,18.0794804592322,-87.9137296191147,-90.0976049180088,-64.2898431715737,-73.7786409234171,-87.2884275788938,-82.325429054864,-63.1626204770527,-89.2608366403475,-129.594712130477,-89.4640561619298,-15.7239326383638,-13.6070999386298,-106.197963749023,196.310272531764,-23.931809207951,-157.140648121938,-453.344298556394,304.74470018172,176.233923635087,-199.62295309786,-359.344143110271,-659.774399704336,191.159636035987,-108.291164949377,-269.015979722002,-620.168550039486,-207.208656866037,-446.963492876601,-678.591249577052,-43.0695289882076,-72.0729301573677,-61.6189679196026,20.5023518553511,-5.98541848782207,-3.24800669403685,18.5551618186308,36.6086248657594,-25.1759059809464,79.8263390728238,0.054203382648782,9.59733154709287,-14.4764915755222,-8.55483603015714,2.17354807830594,-40.1347899059223,-92.7764831383382,-8.66868674087807,-126.71022070553
-64.0042603301439,-75.7093354587372,66.5762534041753,-60.448251687815,-72.4640199090527,-38.8622402286491,-55.2373643473359,-73.8289598977541,-44.3052213517345,-80.1171998552759,-88.9794930649884,-26.3500649870804,-72.743094308658,-102.599938240236,-57.273119554181,15.9247649703263,-71.2031383489647,-71.2950466451181,-79.4330028460979,-47.2962712629001,-60.5347454212544,-32.8790724681773,-9.81632551323318,-76.6604944455971,-41.3506185532445,-22.8202553875651,41.6505114048716,132.952449600148,-111.18863891581,329.206718101064,34.6116954824515,-210.748441854888,-435.138863159382,370.578955774677,269.495151331351,-183.87847455806,-394.728031886317,-697.426530633711,259.997569997729,-182.942263116087,-314.189996778095,-685.391209792839,-223.094709619047,-484.274657378169,-746.726072735377,-54.5834836426451,-88.3458684732456,-109.44282396811,-62.5194242450349,20.6219999945246,-23.1612680873576,3.53983112260922,25.3161298431425,-54.1799638041168,35.3316541993963,23.9612331439568,4.52086041363141,-5.34509867651736,19.3014911501116,5.94747064324944,-63.5125495483499,-95.1186018601808,16.8495107733252,-138.886133221365
-56.6991781917975,-70.2515836536634,94.729599816282,-52.3830080804901,-76.1260889473938,-30.7525263248865,-49.4880813034697,-85.389336061337,-35.8398503764078,-85.541394831619,-89.3841514110363,-11.2803195931012,-68.5337390871975,-103.103007829242,-40.7932681911725,7.54176799367657,-55.1862643725355,-55.554949464161,-101.233444102049,-26.2265188905525,-60.9724752656737,-0.172582745478215,9.15342972544256,-88.8586496585621,-14.1579079329512,-5.05067117949244,43.9087740768423,171.88624959836,-169.581092453844,337.644323351632,20.0355552142843,-315.784084716742,-349.789180867333,332.111602718785,265.937139792886,-165.990540316345,-485.839172372081,-510.764455615457,272.389201655332,-235.717077587186,-444.027888675615,-703.185858473865,-252.385676861524,-491.879591745224,-642.673663046769,-68.5280142178454,-102.728465595845,-119.16130168493,-107.734839313264,28.862398852683,-15.6221702182229,-9.30995378410886,22.010304104997,-51.5753159865634,4.07563521578083,42.6765223480479,20.8157689187802,-3.2177042573019,64.2236034109162,44.1348462175487,-63.9502322203022,-86.0615751897832,56.2469625140227,-102.86821974757
-37.0007180975836,-54.8604376026664,87.3751331625468,-34.9452037018763,-71.2078721288193,-17.3944512626676,-34.8881393357202,-91.5591403987366,-16.6964867451878,-76.4760535498606,-74.7192879073642,15.3140828321048,-50.8908782834821,-81.3341561745806,-15.6207668673699,29.3456777267962,-25.1356146554346,-24.6540177429281,-78.9423880567749,8.6336807344031,-47.6511490635598,32.5761712223179,25.8139324722844,-84.0035382527662,7.25531790785013,-2.43679091794879,57.9248791954766,165.611683717196,-205.686532131803,317.059027070825,30.9424667042433,-385.425665071799,-226.390003611699,277.947188139837,290.371790447346,-129.131649252214,-570.358445299758,-173.742843370792,311.356576618288,-133.087680683418,-609.800652804925,-677.461500421608,-256.88126353962,-475.594442356104,-387.847380734897,-84.9089507108306,-95.3104263297016,-96.1804320995285,-84.7003965484756,16.1843113014747,-6.53300959158338,-15.4471050709404,15.0605045340273,-35.5866272230945,-7.82275887700179,37.798369241612,29.6010685845457,-23.1519406687241,88.0008485344999,80.2592748198279,-51.748909303789,-71.4232817441798,77.8524377522849,-50.7102168317781
2.19056374982105,-17.8951721869241,-29.141737582653,0.774311388043722,-36.0408131828042,16.4401208604148,3.51690001742118,-60.7733267472859,21.4281936745628,-32.6041041821457,-27.1596333124553,61.7564464112711,-4.1687421698964,-25.5532670823649,38.8048705559298,96.5972918490056,30.3836910154707,38.8762347501936,4.28639859744426,69.380064367659,20.9772910031123,89.1018818765333,81.631215389266,-14.9088340981733,80.9346637497437,45.5998886038866,137.624778458641,203.413939980426,-127.113537827245,348.296455706656,139.767319219169,-277.339654594531,-74.8778144014366,280.786062986048,373.333275584143,-15.3456770532109,-473.942278604178,165.483697607501,382.703579610864,79.2600139898413,-597.851672543982,-532.469618617202,-214.538157092621,-349.759955276565,-77.7459961587001,-70.2036771736529,-54.8788875810242,-53.5840185247939,-24.8804467439861,-0.571247540402793,-11.5223897785498,-11.3426032222011,2.03320393707396,-24.8205885190927,-9.84387455424259,15.1238563058901,14.2001749604047,-40.096569165404,75.7686654992905,83.3169233085177,-31.922948893617,-40.7049813515517,70.5544127255803,-9.19113056729785
67.0723867211904,54.1422650757751,-191.799551290371,68.9661978492538,43.2463100864875,79.0667808038442,78.2426461498946,15.608726144389,88.2441855936143,51.3427079608075,67.882408773915,128.732488151765,81.0170022805899,70.9050387469318,120.723947813079,198.416421850793,107.551236759275,132.229716179138,126.622685461957,147.257670553305,131.655853790427,167.720172446034,176.51515062017,110.717927030118,192.62604038091,151.75275757449,237.262671820373,283.535182215275,58.544874197107,383.31761320482,273.610300768847,8.84310296069585,106.370386420809,297.888393187754,379.291338434271,156.965615458021,-156.027241266622,406.829976316047,379.071778922903,204.856582339289,-315.777920497954,-237.082513743505,-164.148493058289,-58.6217211576204,171.62168555053,-7.52493948453993,6.61561211842976,3.34369567108116,28.4154513360722,-1.74506426235097,1.38160127070922,10.7793456802461,4.64369348308624,-3.78454214880561,9.87313767440432,14.3836680500092,13.5988596342049,-7.05980698205758,61.3376620948591,70.0973283107154,9.71498960517594,24.3122262178286,57.3687442851914,43.0933893656082
134.126846330106,134.590141584879,-259.839869708758,145.049340722831,132.310132380991,144.294533188539,159.973262841378,103.832610778835,157.025218746215,138.378958164211,172.52931621469,189.010956899955,167.832290585537,170.639728373641,184.669789394302,287.13443398938,160.318245349932,207.216892132441,229.275670914925,194.819623152585,210.290424589358,212.028903867863,242.689744754238,210.838592302456,253.375784187693,232.06158344571,243.099893510717,303.069599739381,209.043771644924,301.091375154253,289.923507280705,274.83494912398,269.738343575307,218.911853223158,204.732072890924,248.649829008115,177.34721354039,496.80645095825,223.878300839838,138.40171148658,42.6664731086985,64.9125377798138,-130.959636887018,258.182119277128,292.751765280652,70.0518541031302,59.2886040886182,64.4358714930489,58.8243572749569,18.3298808594423,55.8612392649885,45.960925292689,37.4455685988987,43.9332397513663,53.5437538978199,59.5631148940949,59.5202582001504,67.0267916525972,73.7273230605987,72.1228322452182,61.0309520205621,106.747802186778,59.9746229124523,109.985838537147
177.504946474855,191.274618551538,-177.791878621213,195.119658085982,195.143916287184,181.393009027252,217.427112452598,171.601499741943,196.034495680178,193.828117539208,240.070958714049,216.186066130074,214.861972572747,233.782321429808,197.303487148263,324.369051842936,153.389686843803,226.992805411013,265.574334691595,179.22660881247,212.549397619243,176.534541391269,223.578682192203,228.356263051849,198.971219692135,211.166850340882,105.253086547701,194.658959332005,220.912733923763,61.9625131603707,147.670701306025,369.076292516914,385.788931925668,1.28689269766203,-73.2671265127443,156.340332030143,367.412275259306,486.90311802564,-18.0950564471334,-54.6388029401647,258.676652204633,263.340157035048,-92.4148690497114,437.130166245715,381.615981670366,136.314817311692,118.520796153259,135.198874032262,101.799731641725,80.4734757686964,137.080057650601,101.87961139923,97.9754393461392,119.236332275008,113.176592138923,146.317433323117,137.862163428933,138.571446779373,119.537901860757,112.04262803651,104.417357567969,178.382633690349,92.2293861052611,165.08188299192
208.599883405339,235.227422394253,-27.903313663886,228.730588572006,244.292330952651,199.963965239054,265.100699754311,228.209684188062,217.294257144947,231.805164326249,280.831912824754,227.207243445705,234.349506261557,273.580314428597,188.611049030972,327.840575381193,120.811345350888,214.755892188433,252.155740549604,130.626047951882,174.862356708116,98.7860468853829,148.675598168657,197.633297445273,68.2576180947541,120.565855432937,-100.413160027748,7.16032279378459,149.48728422538,-245.606605651355,-74.9121984056934,345.747262005882,521.583389970769,-272.548931870471,-321.205260927508,-53.0223297847249,498.544894361942,549.656968072894,-228.118814837287,-271.744145554822,331.436897673035,479.791423185843,-40.7924653392208,549.676680403116,618.599156659571,195.088591431508,226.360149738415,224.873153301566,201.865716806899,204.65568246563,218.069031981002,198.2983459249,175.789901590836,208.99962137787,191.113396398048,253.375545388923,218.388783090782,197.613844327358,193.88365773868,189.85666924222,159.196298089346,238.473922530628,163.331553878387,205.545836707884
231.34424463549,266.151961220556,61.3780932388076,252.812107127211,280.50080954645,209.564906019903,302.77138222554,272.625193170299,225.984589311959,257.84748641686,307.307854915433,234.722305732009,238.617616566211,298.175292784689,183.141513102213,312.316868957511,95.3532960145545,185.296503927879,210.470703922527,79.2205016556413,126.099413953271,32.5314090068161,60.2640929497518,143.310788391472,-68.2253606727891,0.463366896483737,-264.644913799988,-208.34421909768,40.2144409179974,-522.461718360641,-340.443531081608,219.44118316409,670.996065572543,-491.860537834501,-535.044919458095,-295.746896834689,588.217132308386,728.018220121452,-390.81517834189,-472.37722344887,315.885431019942,744.175663333495,-19.1367091444038,719.824296113777,977.793653987024,222.678223910218,334.08280785101,283.653907843167,311.672340247442,331.535001442577,257.660092448444,292.573424459293,226.940171652917,263.07492928929,255.621420445295,318.759545173876,259.246911778289,236.206054076173,245.37731107798,253.432370512213,222.13379490927,274.699734987063,230.380869745231,235.914381531017
223.662076825449,254.817855095303,58.9060835174299,245.482809178925,273.814326068037,193.031879080325,295.254389985305,274.666575510287,202.227952898713,244.417113482204,298.517403020486,216.664492527927,211.408898285826,282.021594883303,156.692266909295,262.07757663644,55.7088745974456,122.324206976982,130.719235546877,19.7745678987108,52.7537709711452,-22.2184240237515,-38.7508958108852,39.1929558073322,-185.131428323372,-158.619379119876,-340.080063325946,-441.87351096314,-175.634074181647,-714.157683093774,-665.977502267538,-176.064637456144,648.325562732531,-619.367851311578,-745.0944064498,-604.593753903436,408.182407843519,811.872314048018,-551.877897810071,-609.321784864289,161.500283317235,771.436746965877,-54.2373831891703,833.542459490008,1217.47358305308,189.668713780584,342.412781283911,250.160061823897,331.755038033235,370.524941707743,225.535170416159,308.484982054368,203.267252192819,235.812833726946,253.230496111457,294.223320673555,227.225377140701,229.505180276377,208.982360605557,244.437762066053,242.807798454066,266.864123104725,222.677774197236,245.206516361936
186.250428088534,207.806997847256,42.4212754172827,207.29980298234,227.875384562059,154.505227781903,244.30996275559,236.727858455231,159.056442494695,194.02918191435,253.936608055422,171.242165252064,164.686550513139,227.437157545648,104.559314388476,194.803751266682,-2.04239721814824,47.5609645369675,33.6701959866464,-36.059788128413,-24.8116574121293,-71.5719163350726,-120.360813350662,-91.9704237546155,-259.181109178371,-311.476241751163,-336.666455012108,-611.840992305851,-481.016130188054,-764.793664324111,-939.484053679095,-818.862441799778,301.967228478002,-672.657569040809,-846.216256708619,-931.443081517506,-110.538806461582,593.002859554128,-677.091996521287,-607.304993579594,-96.8841778442748,427.076335600058,-84.0437398366327,719.392205205218,1162.91773583446,129.249949239349,251.083666813179,158.928701074198,249.691867261217,315.161824874699,150.312563268674,240.174797039153,123.158786093516,153.593128193074,187.508181043786,221.458808061776,141.222567891386,182.425393724626,100.818401600864,170.745095424991,194.865389040776,232.023276808698,139.359346472488,222.568208371164
132.112057701151,151.290285916278,49.8300306770337,152.596926742781,162.771631298726,113.494816817867,180.848260206335,182.362659446217,118.282946174151,133.147020984796,186.763273779326,123.093923087659,121.047175294574,158.722646287773,55.8124492069919,146.80997879174,-38.3855205505536,0.219766857944447,-40.221366039008,-63.4932982097801,-65.1613234505376,-97.522821531925,-141.682785877595,-181.702857015932,-256.05307869034,-363.507948408183,-286.611241862176,-607.947572220413,-669.260582818199,-659.694768977338,-949.015856020892,-1261.22398990676,-291.21811497305,-657.029166629075,-746.051428123576,-1020.03181625426,-621.805564933935,82.3205533676411,-704.774129865343,-487.070272082498,-246.511228180525,16.4406533860444,-41.4526992916233,449.582741521264,803.768766459211,82.3945227682618,125.683523839083,84.6759392679036,127.157626442779,198.783142916546,75.3834717732454,123.054806818236,40.6146409077481,67.1102993399412,93.3427120842749,142.733205027782,46.4183498429475,111.1791073236,-3.73708033615756,74.934486487898,95.3852538534231,174.246535448124,38.6858524242949,148.826780404715
58.1678998751673,78.8836849341563,33.0974783706352,76.77304043544,73.1689324811608,66.271859284741,110.969028450137,107.946620174554,65.4735527097096,63.4520903257614,91.7852817670405,79.7459288331919,67.3270518019881,79.0703963217589,19.7911176600778,115.866235687456,-37.0405777613857,-25.9882136601381,-89.8300495460394,-67.9013116792995,-77.6804209435463,-95.3269757072097,-117.858381608715,-210.892580958355,-194.297055421852,-305.100752585122,-222.397445447787,-454.818054460279,-585.17192005297,-478.860962031638,-667.798858586484,-1131.51400358866,-855.499301425366,-567.410906722445,-544.862706091117,-719.249349237693,-781.011975191338,-510.395355676579,-655.269514486568,-359.536577312745,-190.553846925057,-184.128777342897,15.5015978586624,210.827164760299,265.56781468127,33.9999101405207,-9.48893840049934,33.2110007870065,4.75474975970955,26.1257697188007,8.14927514176995,-25.8423292575703,-20.5817962525816,-9.31232789832103,-16.8906533262909,21.1633346276004,-26.3650738613469,12.6221901602092,-57.5943288505103,-10.2060452997387,-18.1674017542412,63.595059271739,-37.239733843786,21.7924203330043
-21.4710789352347,-10.4143755468605,-21.8899877307522,-9.24156840113356,-27.4447844570633,14.7586188955375,40.9023935122541,19.4299946624331,-1.68097982402419,-8.99972648535613,-12.298374271471,39.4994298284063,0.344346342221115,-2.18121463010133,-6.30400205287116,93.8954981621293,-18.5791349936668,-47.3989615522442,-120.068342697166,-63.65404830427,-85.8741044684809,-77.3420045858333,-89.6691919591238,-200.188039546621,-129.690955473019,-208.659798903389,-158.131734384391,-274.589629349204,-328.610328887392,-304.129146595519,-307.17889384122,-643.809521645666,-1080.62471219062,-433.273492619307,-377.294320664447,-259.004661643479,-626.572224041029,-895.515132880413,-568.266251596715,-271.403363030442,-79.5252211527412,-240.6732401637,-12.8871600466854,23.6762175079311,-192.307964057121,-32.8476791296125,-139.264774584144,-21.0155886894428,-94.6095876673465,-159.309995738646,-45.6034743683823,-168.365394268986,-55.7825999721366,-62.9855141143265,-118.191306987507,-148.740093419589,-58.0413776284734,-91.7771279982689,-60.2045609110693,-50.5161616566396,-91.6057558212386,-70.4985592220483,-71.7560463087905,-93.5578888237558
-80.487662883641,-89.5741928286527,-67.2334445944615,-80.0148868687989,-102.509196275017,-25.7437886582951,-12.1883629672584,-51.8185453893434,-57.6428975442,-62.4539852205187,-84.0312549844441,5.01470035772471,-53.7039029981659,-63.6840296920695,-20.9396361665114,85.4459421890374,0.663654359083209,-58.5094779287304,-119.315331619935,-51.5340779347005,-81.2454763079516,-50.3662570765606,-63.5807963593956,-161.365526563139,-72.9122350079482,-121.870307196945,-85.7080096138063,-125.993377517254,-109.791560974087,-132.113910362256,-51.7513058301032,-248.83548219774,-886.961523476762,-291.185187828649,-236.609051922811,29.9269796929177,-378.51817044131,-927.810581663305,-438.05019748863,-183.690249341294,-28.3616294737295,-276.289782292829,-91.1272003368319,-196.259873591688,-408.635440943737,-105.221531096043,-229.003403898174,-80.838332646778,-156.068046835012,-274.190902686027,-77.636585271207,-253.398054709583,-71.9828840722041,-82.0035433929408,-178.31579377588,-286.273143116523,-61.0411784715031,-159.295022970215,-51.5700269009205,-44.5274214544219,-101.202500095535,-147.637361404248,-77.861387167017,-131.045800692814
-127.337681669667,-151.085033853708,-89.1930601125925,-141.22708885611,-154.339239565567,-66.2882845706297,-59.5986738068972,-103.430981624449,-101.786941711551,-106.338255063431,-127.46637393609,-34.941264758819,-93.1839842937657,-111.705761749918,-43.6860495267388,72.4498894131225,12.0842859084231,-66.4677268378109,-106.26636224708,-40.977338443744,-66.3248107877886,-26.6880520729099,-36.1938563170623,-115.953841720489,-3.05798188758155,-55.0813626013142,-1.44431618035043,5.1042094726373,-11.3120683377961,49.957516169974,87.239403269441,-70.4416502392628,-530.610060852762,-138.673588910975,-74.1543031387809,105.760595305097,-164.95044729174,-755.236811180018,-269.872233862836,-70.0699429315668,13.792051012482,-292.592505549561,-102.28644922258,-407.623630447889,-529.490959093355,-172.698863428026,-275.733795383096,-147.017237906652,-203.631219635043,-306.079801007955,-111.139105926714,-285.433311336565,-102.149446289029,-99.2619871986542,-210.256378121224,-342.687520330586,-86.5471333282358,-187.060381025095,-87.2116797003471,-51.7862915068331,-89.6135484759681,-155.178496701845,-106.606837005888,-114.086847143355
-169.195275473531,-195.280642452692,-106.082589724797,-194.011611615488,-195.201970000498,-112.138182208187,-107.52917937625,-145.853796906084,-138.239425215484,-146.80921574564,-162.767060327484,-79.0768207056206,-126.417824842156,-148.866429506021,-82.4163328754113,49.0450522868669,15.8226045964701,-77.7407699698267,-104.127797981535,-41.149043997042,-56.2062713709583,-18.7344255145022,-15.9573121803289,-85.476791296419,58.4883773827763,-11.263786723795,70.0487286886661,103.622162874862,28.4217679652026,172.316104330533,167.62428784912,24.7049821674966,-292.819908501979,18.0221547122221,71.5432256573158,131.304050125297,-27.4865554032947,-596.820115836213,-101.849253710591,56.0111888853286,62.1895540300203,-283.727476396625,-50.6666267377631,-502.136430635617,-714.309669782563,-216.739147294605,-292.311436533355,-206.883185157755,-250.488236790107,-297.71140750451,-157.934822260642,-288.494895075743,-154.356284037284,-138.734160740524,-229.372533756292,-337.712377408978,-147.273393276651,-188.145897291034,-156.092350696658,-99.1517228381192,-88.6265444805576,-130.034221744986,-171.013434544091,-84.8513851634071
-181.614705298964,-205.119711455083,-109.999852291353,-211.846904533509,-205.767263811274,-135.805762562139,-128.787126321651,-167.91399019776,-146.013386045562,-154.940487780182,-173.630984210302,-96.8794995220464,-138.001007666144,-154.95412628486,-104.559772794788,42.1655897798301,22.7641744201818,-79.9891601601907,-100.294868616051,-49.6076601626429,-52.7454948422683,-23.2300019928032,-15.6898930750198,-70.7154669753176,55.282487467821,1.01854646582793,90.6333255960954,103.243658613211,51.5742091726468,138.623389585249,181.929958888339,85.9280170153153,-201.22978872411,114.303258356505,98.1884308032471,165.31628367507,26.8327830330752,-481.931788257289,13.9995168439728,146.631924058243,32.2132881876687,-267.023363514222,-67.7783609951255,-520.236943215777,-845.444595603456,-221.488659282342,-279.438903743042,-237.000767966453,-265.317353164009,-269.907720070532,-192.897632488344,-263.595111166073,-193.787774159178,-174.628913135523,-226.140177807622,-301.649280484479,-195.396612447131,-165.168328965089,-191.185157392514,-141.689012733494,-86.3044507269649,-90.4245106809983,-213.82174636059,-45.5788658590802
-170.553410639814,-189.789367699344,-93.9194138282099,-202.874811264841,-193.159471981088,-133.855846794018,-126.030596596884,-175.950090989265,-132.554055305607,-138.734586307585,-162.6628564812,-85.9852995033762,-130.90070316367,-145.002620602868,-100.654571680784,46.9649553636822,26.7337366977623,-79.6513894761667,-95.5040050868104,-68.6529396982002,-64.70075764688,-34.2227725548408,-44.4430983293257,-79.0603018969703,-17.1704338245454,-32.8970158512111,62.5443127182686,-6.77410682470404,17.2286001126492,-28.2818926820251,88.3297020472904,59.2456913399422,-170.898986673195,115.151470626929,-35.2654816562266,140.473558893916,26.0159404451084,-351.962149902555,34.6494254815013,139.769595040387,-86.7651054349134,-235.152057975452,-200.809672384257,-554.766793496088,-779.1996406133,-222.615772501052,-261.752205452794,-248.31490786151,-250.083369595018,-245.63692792028,-212.160353683055,-239.292145540237,-212.685354354696,-198.207515344785,-222.928632817944,-277.821700477153,-211.619575467383,-156.387129951563,-186.216360913089,-164.791750762488,-100.652871785456,-77.2278738713003,-208.16880482043,-30.2043873581986
-182.86154284719,-191.603561539275,-79.7749869315372,-209.218184484265,-205.094220335131,-139.77049575005,-141.847956205367,-199.781133784208,-142.976897033745,-148.694417371406,-173.890927524511,-89.6233851946738,-139.72229231798,-160.366402477817,-109.779710476582,27.9805642116029,6.37029262706577,-97.0948382354872,-112.081671949439,-95.3147037391091,-95.2449878528457,-48.9501049431892,-86.442276017952,-112.198795799636,-87.3564782244766,-89.5600324011303,40.7120355408932,-121.055169922345,-63.591635031475,-170.982323485697,-49.3665202409695,-11.8340871443159,-163.499621161177,92.4044724980653,-217.949719826588,73.1334910417075,27.3034201096598,-218.88236154662,-16.880156108732,55.0566222782865,-171.333701149925,-171.686959266112,-320.138841389926,-538.196441793275,-591.391557765559,-262.701367260034,-267.73450084721,-261.98102293466,-252.277167380195,-256.513096153169,-238.951206826438,-259.719503220216,-242.147769277062,-229.07653111481,-253.366140702324,-305.106122249812,-229.595387597995,-207.895349501141,-198.642064691561,-203.432358805056,-165.208814430701,-139.633336785002,-200.438097192531,-90.4769590839736
-209.307984447827,-208.599294466907,-67.8349243743085,-218.504439497668,-231.390867225962,-151.485467409437,-166.514124857847,-224.693948894561,-169.341071502764,-171.038963051753,-196.885846376129,-111.523536680685,-157.866384338252,-180.260351400594,-133.234634624307,5.44481465248978,-16.1291525388913,-108.367100844669,-118.743749977525,-97.8871061488049,-101.501232863564,-48.7265594911802,-93.2621809470933,-120.100981177253,-88.7016170994983,-91.8168121449582,70.5990358181446,-126.932496912489,-69.2345460408786,-169.529652899664,-83.208714098435,32.9643305743706,-103.818024805195,126.869498325419,-283.655043051426,93.9557762588414,104.249077160546,-74.144975564801,-53.2249513108625,15.4529695271426,-100.49787397114,-56.0893468480061,-277.435251619488,-345.901494464753,-379.174571180656,-296.573566008275,-256.711285137351,-246.019316140022,-255.724477016927,-268.31138034581,-249.192147959207,-287.642007210037,-270.530012835891,-238.736589258756,-275.409132569321,-336.298400511702,-244.658452248751,-264.434840276498,-228.00805221782,-239.742823133555,-230.745229569765,-215.785578686555,-210.465162977662,-174.332550317773
-173.731635247444,-178.909694385696,-19.0169111387469,-169.949818142181,-193.069116742377,-120.859204187672,-132.073145182903,-189.378055505077,-139.903637856495,-129.962258078068,-153.175339309451,-89.2622988903885,-126.292625626771,-135.85310066955,-107.070062008697,45.7204917808739,18.2879918670364,-63.0883503606397,-48.4166539312906,-46.7918608782497,-36.1043014328166,-7.36430503402321,-30.0370232676904,-46.3988983072617,-21.1313549525188,2.69967748561677,140.562817290288,-22.2752444181399,57.7522741371115,-54.1799776015422,26.7331248207426,243.262905982056,96.1951723906959,200.195634427989,-191.983299895185,236.910955039837,279.267387312841,157.633250844582,-18.2533055169364,91.2296109838657,109.089660145168,136.519710285476,-87.4690205053375,-18.6305893209883,-124.80868834126,-238.240152439634,-162.530383889222,-156.848489557564,-183.635786878768,-196.453606333385,-184.182382339479,-229.325898966069,-234.403766089503,-170.913536704231,-209.20032485747,-270.317252411531,-199.06425635217,-210.071261105598,-206.905528250734,-210.71316261233,-208.307949807616,-172.847972104085,-192.130642713232,-157.090086856877
-81.4937684238172,-99.8916623391083,51.1986039027296,-83.0401824173697,-94.8853251834458,-56.5657371745369,-49.1312829993912,-104.219133962288,-58.92502043189,-39.5808116971589,-50.0934990845591,-22.2008737640753,-53.9460514201398,-44.8070369223506,-30.1760348427476,130.941035519975,86.4611237294164,10.1205312640212,67.5685008616618,16.4615515215323,55.1710819876623,44.0879938457162,52.2347609631704,64.4164466480945,52.3349939240204,119.146510199133,176.156401625433,93.3562302346241,199.032089328447,54.6409548215111,156.065343870906,454.134856480782,350.234649940073,220.153748024918,-52.6503638623503,357.407029608952,448.754841730114,437.52561687766,42.1301951683053,196.445955089875,310.968119011734,366.759426089625,92.1861579707347,259.935190229101,125.922983741539,-113.153183319005,-26.3971160219925,-46.4805984928098,-65.5675008322868,-58.6928030176817,-77.2630792702955,-101.083832109007,-141.815123190937,-71.1466847633235,-87.0525672643107,-120.776883104859,-111.731441515217,-73.9735544686797,-142.371171846345,-143.138660731493,-131.71096006446,-31.6583487989823,-146.844947329172,-47.2677597950277
-32.0800087537426,-48.8407073994529,69.0618121385207,-43.8221797796792,-37.0905569863489,-26.6729455557289,-10.0741852719552,-57.7160455335473,-19.7878486864787,0.659130480818217,5.66906075852253,5.67056145108875,-21.8506981819621,0.556536077289906,9.95457468997505,167.124217188536,96.4088137044938,29.5685702062314,121.668345581779,25.4542484877539,83.6925891583569,38.4004851482495,71.0132631203038,118.675172447812,69.8240076741724,161.53742456239,111.454849897147,136.066815287721,248.01029001425,70.987694708979,205.932295485243,528.236611460066,485.775103646159,131.668998053775,36.663258776128,356.330590256139,504.169881111796,612.884179261549,58.1402691108328,235.088966075298,402.832867184927,539.658109088387,167.054313906305,389.361146970683,262.977857491301,-30.3994907253938,39.8955945211434,-7.5647118011863,-27.2882884428136,22.6561788295423,-27.598545355996,-26.5867118681482,-78.0724479409958,-47.1931803135948,-26.6887190971655,-15.5954713900287,-73.6354240754384,-14.4378312013844,-110.857660494306,-121.973513939113,-113.28935382503,38.4181816584262,-133.217353747421,5.40604752829733
-48.6247168095768,-51.3287319673491,30.9876696544436,-58.8975947423758,-45.3076609080994,-41.2589885507551,-33.1271528009035,-70.8064608294048,-43.9938596292602,-23.2669776391488,-12.2118104733774,-25.6892322875237,-38.9400504381808,-12.3018888314982,-15.8283071983706,137.253637155702,45.040730020737,-4.01264169933631,99.0786610753487,-3.23123799421361,58.7413636750177,-13.2363934053878,40.8996810163044,118.327806737997,45.9935383829661,148.734038470286,-3.64588619057032,126.881138533683,254.668282912835,26.9926877545897,218.788639045205,527.98525694879,496.921610308768,-5.91027574214985,95.2212768684957,313.773843897849,478.733492935748,646.180523323159,51.8491273877365,233.729112569469,425.427832222142,605.310921357946,199.181856972687,427.652092072478,302.079537016403,-10.5661213314528,16.7767904077525,-22.8548338018535,-81.767275429331,1.34124581415734,-38.0858163258086,-45.7849948987827,-61.8536649226761,-88.8983186068813,-45.4390925810106,-9.94096910448645,-85.1171582429199,-67.0547596257475,-110.071988205542,-131.262282579418,-148.437204819583,-25.3515817786294,-141.788843070719,-54.2330922139684
-50.5274951420725,-50.6848829667121,16.5992162312081,-58.8841370498868,-45.2947305754564,-43.176143874944,-44.5582836287791,-72.6070011892199,-55.5742176541767,-28.3987179579477,-19.5483301034832,-47.3817154859585,-36.6999871132639,-11.2779899852915,-39.8698196710699,115.863332362438,20.3728414614308,-17.0131009093184,81.8531108573459,2.69039455663705,60.3401590289574,-20.4173633322224,44.0050088758524,130.138460975604,53.0316412592347,152.321594612142,-36.0449306870177,132.781544234614,278.796191276521,36.3391963234074,242.892033374646,535.363293107253,484.325188430176,-71.1622533694982,170.725153268742,306.192717504964,439.436065319049,612.060274238479,93.9279340239994,242.987853487785,429.572335201436,574.818745631861,255.90611121342,429.62950420994,325.960126948764,22.4285406009888,-13.3287194649211,3.58956314260725,-105.041406385443,-47.4000735832663,-23.096575601613,-70.5384678619407,-32.3362629079405,-84.084922882391,-49.065170354187,-32.5546618820512,-59.4258085724121,-108.114628109905,-71.3656968853815,-85.221713261723,-135.140113019791,-117.416636835025,-103.140615064536,-120.759681282969
10.5173160632217,-5.05757293970953,70.2640063569493,-10.4675311229505,8.64476389257593,0.560353370127816,-1.91897574198514,-17.4526416402761,-9.92943119034106,27.010559986914,31.5341710463731,-17.9063385325228,12.3683641294619,37.3131693470581,-9.45651227104531,148.493027708604,62.7341361696127,21.6613602120332,110.706793210442,67.0932116077937,111.215281533421,60.5562296146094,100.5258511208,165.638886021285,122.92597007782,171.158381622746,64.7093620966,161.132210592341,281.542211039026,143.505992364707,233.615682404958,506.358482224497,448.991960073937,-14.0290172908845,243.569018735607,280.327767734934,358.863123230144,518.069520061623,187.59391960082,241.725726223003,373.17495977832,468.586581390402,294.300811705695,364.023012211278,307.699483477734,102.934586124047,13.5501934637536,97.8369046043953,-18.5285508196416,-40.5191193441191,53.3465451956974,-22.0885744861189,37.9422002634082,9.65164438493792,16.5402700483491,-2.36056724766894,26.6444667689739,-54.0460788786858,17.8561041271277,21.9598319079088,-41.2258101515077,-132.036393086977,-2.15773755242192,-103.028645420918
87.7148260588455,55.3510012279809,141.200541338843,51.4444280087805,76.5374031783482,58.9212661840814,52.120277603752,59.71234169588,50.398579635948,91.4413951424243,91.6395531386428,30.9416082227636,63.117490847591,89.9500474997358,43.1484439671521,197.330327405201,118.367908038035,65.5820373134458,144.737637998765,134.55178107967,155.212641182699,159.170894703491,148.496654285149,179.691332672244,196.80644323834,152.438372075646,191.609064130762,154.929651829497,222.353436762417,233.319421720807,140.802737935868,376.39161997253,313.621740119257,78.4549902568752,245.742051338045,180.36775612525,186.695151167833,315.937127952922,246.957388308855,185.066504379069,219.136722710702,295.658039562656,256.772646702242,208.203010724425,169.533825225766,178.713136492882,79.898949052311,190.632805029358,117.547998232911,27.102366195052,137.936126417315,76.2350721243023,108.318705200443,118.955153135047,103.533918574816,74.5402875136546,104.095490998196,46.6332440358943,98.3959723790721,107.18911492038,63.5706282807492,-72.4164972302372,99.5245328432691,-32.1340134844
129.394503148515,89.3314649121645,173.288491013561,90.468554402344,111.539195587138,98.1918936729288,69.841358438321,111.958503419016,79.2299761090929,114.781285082756,114.164137270069,64.1969212902386,81.7340269588585,110.052396746305,69.0268988918495,217.909351933189,137.693300027812,75.4743860622895,153.176048863062,154.200869689405,154.218445403104,192.806828612878,148.138042458175,160.927276217536,201.967473201736,98.9001332907187,220.899229331036,84.1257159692471,145.243585399956,169.005972145824,-8.78581449162229,187.444869578901,90.0277178950378,78.8332840400208,116.167412248391,73.2544396004435,-30.3825288059161,62.1221427925306,186.706404280839,72.5008307309714,46.8713285572042,95.5320603001219,180.437505493164,33.1498766991417,-31.160999873172,210.163103385808,138.779286698465,231.941001137092,211.717184927427,107.04525310341,186.379710292507,161.358785471233,150.975621981902,181.913704708036,160.086107892297,142.464064395817,137.236435807678,121.905892929546,135.617603693454,135.029195416689,128.820678339259,6.55593408551982,157.387520154493,31.6066485907537
149.815728297842,103.716224219764,184.897886669098,109.260851181859,120.608806636414,126.31780029816,63.1282946877439,129.583348198117,89.7798534784345,116.473185003899,118.034556568149,84.0091126755553,88.3643494224011,115.676872293842,74.1492602530963,216.471508111819,134.038431156052,70.4210716708074,149.410357867159,139.145631607511,131.601202829567,166.950011315728,120.806348316277,143.789769406521,132.15895775666,63.1522595434828,142.071957926589,-18.4144069231449,116.067403256474,-25.353531536261,-147.547135927994,52.9548649068196,-91.4188444151297,-42.7445253302567,-129.94830686627,49.4262895386969,-158.441023406176,-89.7695922042704,27.3107686349376,-47.1975735510613,-24.2615863938572,-38.8547577311824,125.458821404095,-52.3764189337378,-143.610275417402,221.776204665215,176.455157796598,245.739265054857,253.45866264535,166.299408749621,216.871871678449,214.522072449913,188.091761439921,218.794780183508,203.16486906938,179.471204900302,170.672134272374,166.319685358234,160.181586603259,159.496758034347,177.315609709332,78.4832729696714,188.811262364133,85.2944350859455
163.395806568254,107.904479749249,197.197888574365,111.996436385276,114.939940190685,144.335414772407,54.6831018810178,111.566989576654,101.008379032477,119.002595520894,121.416193080268,87.973748326247,95.3309568983666,117.603541032236,74.8225664947427,199.804158123696,118.894999096382,65.2000642934254,132.56604192317,111.863405439388,106.583607596256,122.401909586273,82.38183395688,133.956282690036,30.6327805228403,53.2724182430238,17.8538668786557,-95.8396288888614,127.704765360208,-181.349049502998,-205.459862202282,19.1569766577719,-135.347472729143,-184.734859828547,-307.672430219476,61.9737103971474,-114.275468145303,-89.8810174889212,-93.9981844630356,-96.869301193674,10.1882584590981,-47.335049579245,89.4436181816673,-27.7086031932214,-140.300343084738,229.323706553077,197.155620865055,253.006287394597,270.460533525701,198.643946216812,234.727841636806,241.205658912965,222.659991655138,245.375231911499,249.145830018751,195.550518980198,219.890989190059,193.378193241308,189.773186315904,201.357723209476,216.864478975519,128.316218541911,201.972886604431,124.64262769479
142.568815039559,83.1978164244955,177.307264875384,89.178792070622,82.69722051301,130.378802555853,38.2663569000108,65.9097019265656,91.5490289651518,98.9756557110402,102.714237815785,63.5389628117543,79.0270696607272,92.925565021205,60.0589859984401,155.57229582548,78.6929690887502,45.0624883352432,91.5731258315907,78.0524982953562,72.0860471265258,78.3134996304027,38.3079445592233,106.240353611975,-41.0202786600549,44.234413153521,-69.5552535365883,-86.4609746444138,124.463882703645,-154.190866836943,-135.89809295686,11.4108235110637,-104.504103430257,-207.318855609237,-190.527971504797,0.976892325002861,7.18285858640649,-69.8354293301567,-59.7505387549762,-20.3255981863929,37.2683031265468,0.169653655930333,63.1771875842522,12.8465346553296,-128.880572027334,202.781996924718,190.829185560006,220.972140733935,251.056530595415,202.454159038977,203.8146253728,232.405551694109,217.429851557995,224.660847394597,260.57409060825,194.569047334272,225.551489578856,190.790806927243,191.354260254057,203.133207321526,209.013992298631,128.220982567706,171.421910831511,109.152336246444
73.6852533092718,17.1554710557182,102.330193100193,35.5986896009006,18.4456354558878,81.4370178683977,-1.38091193000752,10.4400335828393,35.5332503689848,36.9815123488756,39.4190808085836,14.8880985732942,22.4859079969216,30.1152668284787,21.7331240601299,86.3413910756238,19.5254296152538,5.15724101889713,33.5512779281953,46.958692266859,28.5520511843354,43.6391184433703,11.7022759799298,55.147313942283,-39.35519831393,40.1677463126939,-65.1598124270145,23.7985029923302,85.6522214875378,24.055735098167,18.3623756739722,-54.7102955547494,-147.82890680844,-98.2875855300434,160.296810052051,-100.709977365085,6.90745312784142,-181.328726948771,75.4637720290231,141.133428189182,-23.3491798289129,-38.4122636456932,59.504713661786,-31.5913065455049,-172.006054844954,121.724348122729,139.05828932843,117.545526514634,158.237033427256,170.097212650262,111.032910461886,171.705064460784,152.357880396782,132.288431042121,197.286402909766,164.183158172314,148.779028808101,145.177701982996,141.916211050249,128.181238558111,137.845246160139,68.0450251322114,97.1123253021809,26.0120582779066
-1.92059870893465,-62.0895123595731,23.1270396319182,-30.6007335226676,-54.8218140602042,31.4078709769804,-54.7451187515405,-41.9796826089608,-37.0812609024363,-32.4133965521558,-43.139812751423,-31.3349413155283,-44.4243181724261,-41.0686488512086,-14.9352144438349,22.1930788109413,-21.5387482805459,-27.1182627180253,-14.5679493749804,33.7131645961913,0.956337824230975,34.3148949398033,24.4237633453096,14.8400894479327,31.9931567537608,74.0786792443009,14.0641518618657,181.729021832966,68.6575135150096,212.141961734794,186.494421833535,-117.308464555965,-270.987475769538,34.6315647290995,473.831217577585,-65.3938875739499,-115.065326255153,-384.237433358829,188.694531768308,307.995808264671,-87.3393273428065,-168.734863802898,91.3761043183799,-126.520913114502,-206.163479669033,25.2620611486002,52.6948464504772,-12.7519304538689,14.2915439774207,107.360012926147,7.99989221653196,75.9057103948069,66.3855080840584,21.0915797431636,85.6225944170225,107.114327494578,49.2876474046924,79.9261644590782,82.1980827119357,34.7353610696275,48.3367647267232,-11.0697564473333,35.0051578163456,-62.5818761291367
-33.8416081084757,-103.300778165083,4.85718208958458,-69.9323123379772,-97.0768242838216,19.6812321026574,-83.1470220118769,-69.1358279719045,-64.3765741674032,-60.4888485978949,-86.6044321349615,-44.3529490690221,-69.6310668438453,-76.0888987200594,-13.9411389654554,-5.03763934075341,-17.5593253713174,-15.4363115609767,-12.8786346350222,50.4238708774269,17.5925416575441,59.4437703078632,73.9337660962677,32.2537359896677,136.900460794693,163.296784016857,113.387464980101,333.162134936308,145.38242825328,346.275459609135,366.738922705185,-28.495528801568,-272.683163824498,139.972063779392,653.400049955282,177.588029056016,-90.7361582010247,-452.419745699659,275.091462725185,472.176335204915,7.56905370988645,-204.595831657834,183.021549607294,-128.319473415916,-147.663568923312,-33.8699333781392,-26.1760761264639,-88.154428657845,-89.3136452345332,46.6500504884637,-41.764703243709,0.982338005689992,20.7404275575965,-27.3806248870775,-2.11030239393271,57.056496894349,12.5582864202228,32.7904761818851,71.6478735745294,8.81453004894641,-2.71670148707519,-53.8632884209939,35.9022384590487,-82.8072378959927
-31.3899707376718,-100.605133243065,8.17410234287964,-72.6513651781111,-105.001052627429,36.0447677308268,-75.5828532886126,-67.9666043715686,-47.39976231415,-58.0034413459229,-83.473221466464,-32.5152754540719,-54.2118273147391,-74.5047014463194,12.4177146147393,-8.69390342470212,4.38506004932177,25.4381166031348,35.5206462491218,74.8904544646078,57.8372298637383,86.955944161004,120.466714932444,95.0782337139247,217.231839040052,254.609633767821,177.460012098134,428.13936506623,274.225122319667,424.653101442395,529.190534652301,192.98856649921,-31.3558857618244,224.479197401077,759.393584718838,449.82813377515,201.735243609479,-240.148888322244,358.977483678197,620.169181383208,263.400948939635,-24.8625134700543,315.89545287397,7.2144974461193,-19.2880665261193,-68.9068065473443,-80.2018917800909,-106.545307278585,-109.790014946539,-0.263734018968187,-54.6858159320625,-32.7159709405044,8.20295110743294,-26.0382708352245,-48.7669340881079,19.3485786418953,20.6104632200815,-9.10070074660916,90.463443755752,32.8721367078417,-21.8089963770914,-68.0880990219143,62.1388937891516,-57.3659101842807
-24.9757737254846,-85.1140951664026,-60.4253761923862,-60.1971559662424,-104.686401101193,44.3476936809158,-59.0407624686107,-70.9242420563296,-29.9817273000068,-56.0145099054616,-70.7388731208449,-24.4496681761536,-36.9684153685273,-63.4907269831284,26.5778357993683,-19.3085654468878,2.74009794346092,48.0132020237628,84.4477279925856,71.2227173320109,74.5541993766513,80.2754456307628,123.343723775131,137.984976602949,226.909772950201,266.987075125567,170.835515405129,422.218023942127,335.010708746646,420.877052451214,572.709319613116,352.014028178322,290.312392927378,255.844892581305,778.082826638625,545.327467951312,514.673378138756,142.961780035216,381.04680886626,664.286151005268,497.761274494624,244.348286789509,385.003967513339,163.246683065757,99.2252989431034,-110.485982723978,-115.512313315887,-119.356628853118,-94.4506703434083,-51.2879896832479,-83.7091655485265,-53.8979408551132,-24.9581459360242,-51.6368974619989,-89.2434425741475,-32.0239357120812,-3.50113645770969,-63.0429118666321,71.300637505366,19.3633278377312,-40.9949617835063,-86.3220186914018,45.1463192950081,-53.4969350040505
-4.61471985438941,-57.6757042143693,-188.831573803923,-33.0585157756169,-88.8533281495415,47.9937803038441,-40.4267874215375,-82.1014743396105,-12.4649574835162,-37.4119095087373,-47.4913400975538,-12.7199955601666,-18.9249442331997,-39.589586931561,30.8120093398131,-24.2575561287387,-19.8723753185052,46.2184035241385,122.510346930451,48.4083917615388,62.7216697672434,53.0039409430174,90.4320041412057,132.67748322358,174.615878406026,194.113807037942,110.100073591002,327.541099170134,281.387090941852,327.445032590341,455.64052223087,332.779003888954,440.170351323999,208.096532355525,651.376305381495,448.711338032475,573.705125786393,443.480480905808,304.189874304197,543.453990892174,551.487770375784,379.034462445636,311.710979709346,219.116428089389,166.505775917557,-126.131950694829,-121.877692216381,-125.75788483465,-91.7342458019934,-99.8333066400416,-112.498855703867,-69.5859744476579,-71.6973706701958,-97.0904674906155,-116.233933110199,-77.2155238440946,-58.3971499080934,-81.8801487514064,15.3703599718909,-40.7189873519985,-43.7438701046618,-86.8946258364372,-5.63099165782997,-58.1329536895459
41.4178788783322,-5.3482553583712,-266.748108416554,18.9007626993415,-34.5841084772916,68.3929050209518,-5.09182385190481,-64.0882861651573,24.8067540694679,17.7831746964845,9.13033553127012,19.5362075752724,21.7123421296159,10.9373705698077,45.9457449392796,-5.38683350476902,-36.3702925286384,44.8752573684745,165.951135423355,36.6538060841056,48.2789519484843,36.2580961749368,54.7755837020507,107.742080520446,104.91641499436,96.7109859449583,56.6232080264795,197.185467956473,167.417449597958,198.549675219102,248.353761323071,202.393707913322,363.766880170537,134.376648277368,417.807495909858,259.315049793786,400.230533884959,487.811767152519,191.347342765416,310.463909571611,422.73581535801,292.158485894208,147.591189452014,160.393392014923,165.119174355075,-75.9136118564714,-85.064469821525,-91.6896877190417,-91.8832077633814,-108.521943445526,-89.5052316835274,-56.6738257438336,-74.5902780064326,-84.6345084818042,-90.0947545621965,-62.504886744671,-71.9523508257937,-32.7613352336721,-13.9395806854386,-74.5810523670169,-8.95247890611235,-38.6675915990287,-32.6841983608829,-20.542296164899
97.987671370435,61.4191028306211,-224.488672512863,84.0040539226758,48.261123717755,102.383565225874,48.0876427648524,-1.59369263185518,73.3107721552119,88.0077897211977,90.1241345107007,58.5972407862945,81.009923325564,78.8278786640223,73.5102577253808,15.7360192871871,-30.5207185022525,57.8622320605492,205.887808783179,44.3106747133176,52.2819851825485,44.2110156368517,39.6395726379042,100.784965554906,66.3220210054832,33.5137269613452,73.1784980164786,88.2888776095069,75.4539406447514,126.479301394181,66.8572012134941,83.9633981778199,226.484471444623,129.672326417973,221.935721828225,73.902738750975,209.414036710534,330.456005579536,135.717718005373,103.521430333481,232.49047201079,101.228616287527,3.36232215385403,48.8974480677806,117.115528867548,19.4470124313014,1.24684403680134,-9.82383530313625,-45.3625179423415,-43.0982485854798,-10.1348046947663,2.46084720618502,-11.4895010521117,7.18358977988505,-6.86781481178372,24.6860788706309,-6.33706912698708,45.47935151456,21.6784587694118,-35.5934162688792,45.6066004539727,40.5080861936412,-6.67542724069762,50.373168567595
143.328378157108,119.593864963552,-110.107914937814,135.64709423773,123.107154419219,129.539343794033,99.1696818074591,73.8779012352318,109.285282385071,140.917050708555,162.950855511454,80.4669689803168,129.922950275505,140.887453936482,100.592136578877,13.6715910404941,-8.43744932199211,82.5448959768615,220.126689454656,66.8797042368404,78.6135621188974,78.0740302827107,53.9342525607775,119.747552957328,87.8925368179117,26.3518911061612,171.0462752419,50.0882234187292,45.1516547490181,174.520287683787,-12.4571778369111,16.4097114358751,165.611316027356,223.673094900926,178.040471825752,-45.4645298734156,119.197103569062,160.456919337575,165.207008843526,26.1042302358028,86.7683563442399,-27.6939774846639,-76.9235888265996,-74.0289492558157,93.8623691304145,106.057070606005,125.025920816757,91.2704744660657,63.2669446217459,87.2159962670201,79.6190700446789,96.6418768783691,76.7463240478402,114.994852193759,93.6508530045749,137.400324398789,92.8222158697887,106.513279192643,95.5877604070089,48.49684520662,100.785984570147,106.198391317257,57.5743024653133,104.528593206688
165.040265560934,154.437461664202,-27.1352813271536,161.091501708128,163.844835637401,139.141953599885,127.599360701229,127.569970007363,125.653373234759,166.571784466761,203.51147007873,82.9616071607974,148.520886097735,176.399276349602,118.387801389859,-3.53768541179041,20.1617948339184,109.006415896428,208.235481595372,99.9306040819278,107.808842925029,129.66510191011,88.7280836344022,140.973029236962,160.496456020333,53.3628394876306,299.639095233193,95.0506333729003,55.5008908313898,318.41024966982,15.8299700936148,-20.5635623153122,125.260096146179,356.073857606977,262.298994030341,-76.1441328281824,62.3666914021404,53.5508263879686,234.185726206256,58.2810221352517,-10.500044993462,-71.6401720500486,-115.563256188036,-215.218930104811,91.9605771089902,150.845123982132,237.473194491724,162.827776915491,176.87507930429,218.654967011459,135.016692892769,185.988911550027,131.653312224378,173.241979907771,166.095986277532,213.197963350455,155.620517765975,143.28445605625,151.977504758149,119.866690258415,154.78172878214,135.882052692823,122.677204231933,126.76527027483
158.22711637807,154.940881126234,-22.4869674468818,156.885720056917,159.05449295782,129.670212758668,120.723124024168,136.223025916296,122.473860297755,158.886944257779,193.531681404664,69.5733382131094,132.532472909645,164.757348602972,117.249146751098,-32.552252297399,46.3638509805748,113.30891212237,172.259155498407,117.412161490948,100.302343483949,168.027492731036,104.900757132362,121.911256200925,229.754029250463,62.6075916742384,383.899467978667,171.828012807613,63.7557221339319,458.473499521409,109.76081941934,-7.11503829152383,-0.457356087503262,456.438314863291,356.04562493676,-19.6953702445117,-42.9392945545958,-78.1273457014357,281.333365551303,99.6544825269372,-103.650751429293,-130.764138596365,-139.323291894816,-352.218146251118,-17.0044339105843,145.412920341037,269.951995543877,160.794291788904,214.07719176017,273.662546286966,136.093286903978,218.431882408515,120.380776150768,161.385596937094,175.709403075004,215.379279929526,150.53536045941,149.089483867193,145.777436863259,133.718070558453,179.127780529435,129.53756813619,140.750829996482,129.151616086093
106.347292230294,97.6838358199133,-72.6028009565316,100.456108873401,90.0911918197427,85.8096929045552,62.370625592196,72.8538649388471,77.002269605683,94.0147137964483,110.944672295302,21.1811105313126,69.6994358467801,85.5098479625609,72.7464526894702,-104.441035667205,37.2863214039366,60.9825444050608,93.5354270477564,77.441175881771,30.1322771555885,142.949472715173,58.2954822507641,35.756170401305,227.561149199775,21.4524085248706,369.997710389236,202.846721082011,47.9982349233695,494.012267381999,203.562530846184,79.1217069250422,-170.062738291394,491.343766057875,358.816529885608,87.6118093674843,-153.26023349464,-278.116938894627,269.144590153598,77.1120754804695,-203.564050095151,-252.929395936698,-171.775092981265,-402.740730809348,-282.098950988008,81.1282187569917,180.503417086727,68.3109512498176,130.198156006851,206.735908066737,63.7196995482908,146.024260996303,33.0565457114079,73.7683428990189,92.114803850299,133.826158058354,66.234079599165,87.2553947909324,47.2361917817383,59.9840737163311,109.898331214705,69.9373253518791,62.6340762653382,82.4616479291045
14.267460184561,-8.25504171226591,-127.972349239667,0.367491863309303,-24.454993853168,13.8626072226538,-29.5533595439748,-38.548483346623,-5.75177384209614,-11.7208860478021,-16.8741064285174,-53.7389419039619,-22.3862323856874,-28.8494369547279,-1.62880534265574,-205.860465519934,-8.02495238015644,-22.4712562691135,-3.4744364800884,5.69605924821998,-53.673539826976,67.8417478632792,-16.2037647923697,-56.9212996508873,168.22015440295,-21.3106786933829,295.379623717502,186.401324300798,43.5234435546868,431.821404848719,262.792528068044,200.04646383057,-207.936885933041,481.68989806915,293.131082551798,188.20854934817,-140.393520975162,-398.45049396163,228.074979107764,31.5630116663832,-245.890841847534,-333.865196234686,-198.839916221472,-285.349499428331,-495.575381451262,-21.251784662728,10.0472504165711,-67.9390685850842,-28.3387512447746,47.8239589042902,-62.0746873898733,-14.7903452598594,-91.547455715999,-59.1509105584474,-58.2695462527417,-1.30515662055346,-67.732242597092,-35.9632201475698,-102.771481872818,-71.1973351653077,-46.1063764674972,-43.2014366020103,-87.0632293074444,-34.3654994222941
-69.4718519178444,-102.759562610727,-157.17662015733,-81.1678688614569,-118.286710698146,-42.4301337807506,-99.93299004599,-122.243009575347,-71.0993623255348,-91.9466527344655,-114.631457647058,-104.286098676308,-87.465296504808,-106.348854465269,-48.769343872357,-269.760485762684,-35.6867003224227,-62.7129656502918,-53.8358862220951,-23.9379608203411,-77.903217373606,25.7340734595994,-40.7701917913938,-66.7906563533274,131.327273490311,-6.42918489164686,254.652905026442,178.617826364222,80.2285559968987,365.422933762192,289.204575167276,284.671055644846,-11.7166156356025,474.755439061411,261.095971554961,238.804538684705,40.7166916304478,-275.477506707846,231.805336142742,58.9005133644323,-148.168167017591,-240.360274698351,-159.851876824685,-10.4840945263034,-419.127087030835,-102.276672794944,-141.286334316966,-162.666750332463,-153.393760036636,-119.89580482368,-160.073883317732,-172.593270094488,-174.167453024231,-158.274988783218,-185.543204328662,-130.847228043476,-164.184183138066,-146.664510182105,-191.111532184663,-166.75611833548,-180.629988507673,-154.956880938836,-198.685982236725,-163.005605386667
-121.19224900153,-154.855822338481,-173.277926567532,-120.389014101434,-169.860598791607,-71.0056831743459,-135.775159936638,-158.922185153991,-100.922992828936,-126.425355687886,-159.646531513431,-119.571717268912,-113.936416833758,-139.001935034885,-62.9422790918433,-291.13651496456,-42.2954921240125,-60.491103783787,-64.488114841806,-22.5090461337465,-65.7014931139414,26.597176601025,-37.2557862955193,-27.6137243806196,114.049258222796,9.12858625712497,244.663547187163,158.030374548669,83.19450551079,306.640808640597,243.63439115701,267.284493421236,287.803072844577,459.160928166127,256.296207718498,196.775847546956,253.311877615961,11.5731683812651,267.782658600874,141.109614068332,46.4312665525294,-8.18088150737361,-57.6627575871287,283.021629691902,-134.583184042732,-134.248307935664,-219.37644542376,-190.356908705989,-200.041458467302,-243.581427317651,-186.18593711372,-261.2127180754,-185.995247879932,-181.778375250839,-243.123843506937,-227.076867095349,-174.551091126931,-202.16481121588,-172.650030249552,-178.791285012709,-222.273770164293,-219.680144745518,-212.723121096016,-235.101393672072
-159.865639358685,-186.056856139117,-193.505137201206,-149.116830625722,-210.211275030739,-101.62786995172,-168.793718899531,-191.600593786269,-128.823152287232,-154.258669962097,-190.123542607178,-137.055275323512,-139.972036511609,-172.421350729995,-89.0754012433419,-325.934469242568,-82.7311786516004,-82.0840436070621,-100.294698550742,-60.7986664406888,-92.9073393121953,-11.5521300675145,-88.7091015276226,-46.7414036498927,41.2316756571212,-65.3600220869294,173.054900127655,49.9681449885856,-33.7302576889302,174.71742127426,77.6579126833812,128.910957951547,446.560348220805,373.860131266516,157.585550602316,32.5190417286779,319.410136625901,218.931466305827,228.062278890061,144.242353040712,170.562048962943,186.478622882,1.7033577397019,435.985660217949,56.1245446080399,-140.30533745057,-239.684475867706,-188.660983044621,-204.359318947045,-306.153530450601,-171.996689852457,-280.068194223838,-161.593043047591,-155.697016203715,-252.444802632836,-288.17744715774,-136.812639498837,-216.139747472669,-118.439908518109,-141.386324031433,-196.258408754178,-236.582363610574,-174.197682116091,-237.331680220898
-197.519477530956,-217.61734589658,-213.533540585969,-185.005883407573,-252.546872404042,-151.065951362877,-215.714433530835,-241.904505358654,-174.736166522721,-201.18719356887,-231.761031208632,-180.450816929349,-186.394018493302,-222.233945295394,-144.817215432062,-396.022112662516,-169.870695688335,-150.687362644369,-182.171658553223,-149.282900484941,-174.691391616755,-123.162580372669,-198.687137844111,-149.622390293678,-99.7453751594004,-211.267177140534,11.7874203298572,-135.623560915013,-237.379782992474,-43.054807404702,-171.447314113882,-90.9729828791746,355.952477659401,196.386387080398,-62.095231070526,-231.481058215081,192.817503232469,214.755658778804,63.2071975290909,-4.29803644599194,112.563604805715,218.332388460221,-67.3994747188238,403.752432036522,18.9718569771896,-145.892960339926,-231.354738638123,-185.760739947443,-200.914697316293,-302.571668205293,-156.578807650954,-257.723750930448,-140.515313025407,-122.671384935113,-239.843545015516,-302.974901194976,-111.835389938121,-203.130536193,-105.023732720442,-107.367911754904,-149.138194610346,-215.449386944155,-149.098350156882,-192.530622978071
-227.551098875922,-247.564371406162,-232.370828077507,-215.545971334795,-284.26780113421,-203.765557681121,-265.453729068048,-290.915903513774,-224.801906034556,-252.155231339318,-275.859873662912,-238.388083474076,-238.13805864857,-268.176394378067,-210.398405501787,-472.735561791536,-260.268128378954,-231.857589742523,-277.099373698398,-243.947429466543,-267.904066183453,-250.711896512375,-303.985673123232,-268.985942516894,-243.351959318382,-343.002634025343,-175.18886614447,-299.434419142019,-422.781377084516,-244.78256105292,-393.955412110576,-316.140226855421,117.224645039452,-19.3566643019238,-263.227512288195,-514.549896806711,-39.5676874984524,57.2120983261746,-133.237382803489,-218.857906338236,-67.5038113629842,103.103960816089,-218.381780516726,254.330538539988,-111.447553335031,-154.550817195596,-214.542472981715,-188.908646995109,-200.943006731747,-260.284699622044,-154.309521114052,-227.935627984476,-143.903830791766,-111.892430651903,-222.95901194962,-273.153509967571,-125.678172593387,-170.220952352911,-135.11969625335,-104.405785079404,-105.31607245769,-164.629761291127,-160.646207735343,-129.329230635456
-237.233937456876,-258.237355270282,-246.042036461382,-222.651302764666,-291.041758884717,-230.017475107463,-291.929696929854,-308.915119809221,-251.931276322828,-275.00045529419,-295.405390675437,-277.255580043587,-263.363640862187,-286.093723686983,-256.260995800926,-513.354078310866,-308.745184689081,-279.628124951345,-339.270796802108,-303.368765149397,-320.934080561802,-326.227522252033,-359.540422576104,-325.597506058383,-322.775285515275,-399.90766916347,-312.820803213251,-357.014380081635,-497.599649047686,-326.445104712807,-489.499875903881,-441.294510556826,-92.8709530066425,-181.198056626549,-315.685686378579,-691.125808270945,-239.021271548423,-138.30692642416,-233.905728617111,-360.855265953484,-207.056358653429,-46.7666339837808,-320.492249863073,85.5074779697395,-169.079721093772,-156.788395699057,-200.408938989752,-200.309257442797,-203.029714536866,-220.664525161732,-164.994387260256,-202.601118188857,-163.984917640722,-126.287666211968,-210.195327819371,-230.148531060771,-160.11152962862,-133.782768639005,-163.038736812714,-128.646480058676,-78.7931797379231,-103.106505452721,-185.948317461136,-67.8563874617981
-222.706567252302,-236.509126868438,-227.578118568213,-202.332346825373,-268.239788066723,-219.537071801407,-276.496445783625,-285.980500857056,-241.389836850332,-253.982533509679,-271.741415182839,-273.081476648161,-243.215248104462,-266.10834002391,-262.606779451222,-493.612467571807,-303.227425860404,-270.722169166609,-338.450653357028,-302.713233970237,-303.729585542757,-330.477060876667,-348.876046634709,-289.757602875576,-310.728699687432,-359.347526346546,-368.583995316264,-305.915310191034,-421.038586118796,-294.741112066991,-443.894863425109,-393.563505769845,-170.392177123014,-251.434515271702,-267.379611954951,-666.835081825962,-298.290444466509,-291.395232674566,-239.388179303476,-405.870639441608,-196.705008156774,-111.764954892137,-307.42823993572,-24.7842639901611,-139.195267094976,-145.620517799157,-177.447892879459,-203.390410464872,-186.880657901974,-188.342151967497,-174.190265001263,-169.153010663775,-170.789231350107,-140.031036607895,-189.279448271703,-200.501275391405,-178.503708272182,-113.172173387747,-156.834504198023,-155.290504336886,-75.8313495732067,-59.0092975396519,-187.425767416453,-22.3049529298133
-171.303996388323,-169.737545128046,-132.470161003509,-145.867219662824,-201.678761679669,-172.894946612676,-210.507185246564,-219.666562873275,-184.307548113432,-181.953689943208,-194.911483229514,-219.177474411476,-172.05523949164,-197.04375262898,-215.315454557834,-409.53725847862,-250.917285341649,-201.509802830776,-259.562312924118,-235.480430279447,-214.819174468193,-276.069465877435,-262.045901502563,-177.687867793975,-214.046788684101,-228.698642323046,-365.255397253763,-200.699077328444,-231.325891917912,-259.647152489394,-325.39707103386,-206.484761265566,-92.1956920230925,-276.958807755572,-267.28494421981,-466.189772418953,-190.71480118848,-311.674527848809,-246.288705286719,-425.330888211522,-48.3683154867965,-38.8452228828604,-215.266225786035,-26.5922211494773,-69.4282633404949,-106.667403822149,-98.309597789675,-148.032592218539,-109.92750475763,-113.676068882465,-137.944902973963,-101.159293420208,-128.503864097528,-101.583157216644,-125.959443440768,-148.886350847622,-136.54626085966,-84.5464303683169,-102.071844961608,-131.778717423885,-59.8489209494716,-20.4339787731161,-131.200951820751,22.6144307602744
-50.3071677631361,-37.3591380999105,54.8597742241482,-25.0524850759736,-63.3874344592615,-73.8554243694766,-85.9582039190425,-91.0225587697545,-67.9819625942671,-46.6621542781993,-50.365434234275,-109.515225769117,-44.3144438673812,-60.0360567806473,-106.621441463244,-267.3402516439,-156.344519264864,-74.889033290087,-100.899636351394,-123.065643194609,-72.8446220440929,-188.843435010308,-115.91752472491,-15.1994601100637,-81.1592959112652,-51.9085778555026,-363.829843040382,-100.053595009953,-18.7121952730524,-324.589853935741,-194.557826654028,11.6624610786197,104.954060746988,-310.676397894184,-363.821907949079,-202.875476303383,5.77343730071152,-112.742309645586,-281.799091915396,-430.427589943622,135.242711475934,95.7560735244473,-95.9320985900664,66.7198492262945,74.9917113232573,-12.4529404945317,79.6906163390311,6.37445775876524,60.1822394853081,59.3855983816802,-7.31763326401838,40.9341691872368,-11.2154397246473,37.3865504891629,20.327269875114,0.0358099411811064,0.169155860143119,27.8318911915449,16.6955960735172,-1.99923839889252,41.1607658453162,87.2651652691337,4.34711654393015,123.959886922014
114.90410848934,133.263567749576,258.471737553415,140.389020520905,119.402159316324,60.0148599358674,63.5457025045509,78.0262201599774,76.9492024854879,119.571471559641,133.575278535969,27.8364349790793,106.473509499694,112.750810172768,25.4224425234685,-109.171620522777,-49.4671794753263,70.4805930427659,89.1978160298665,-15.3556499325937,75.1242894480002,-114.615014978482,25.6133033134913,150.676623376307,11.1537478073348,94.7888122563509,-402.795937155625,-53.7857971050137,139.41367338951,-481.075196686324,-83.7261693494462,156.213171358438,299.680822198691,-355.207245442696,-469.68476216987,2.33030847658007,116.720656707828,248.825046872901,-290.199145012645,-374.568459002559,198.97519863893,98.4104340914473,5.70452740923125,131.52950438636,345.118775808942,126.927621913581,311.309677529181,211.41471411218,273.341599356224,294.780761431896,183.319042070099,247.624405687489,146.345125554147,238.119828976864,230.692878886976,234.465642689229,181.031010303754,237.412627363639,165.389570473008,190.08666038782,220.747307005245,291.166519984892,173.366028510474,296.076919592873
237.682224795463,267.701425404545,373.139881095293,274.42211353889,267.987089416573,164.172233879766,173.783277809496,210.743425830525,187.704090254719,248.959194076701,284.226180960119,134.344738948217,218.925756002994,248.239811717856,124.277909390909,8.50341526198988,30.5145297328421,182.525968337831,238.211922268242,63.5064441588885,186.144371066641,-65.7380033251539,122.343491439749,272.361834469605,57.7451868727013,173.122838284294,-419.687095090933,-65.5427189014402,226.699412933752,-583.179960207153,-37.4717174357146,202.924083072157,405.358498097089,-359.494066480453,-480.599264541971,81.9440990979075,49.1678585128356,600.096831573804,-232.792617467004,-272.783139040331,55.3485687369873,-76.283578501946,47.9008275281855,54.86324363448,680.081699127881,255.111264236002,490.908113603171,362.349505015065,423.680256388849,481.919814834239,327.76482218186,431.121799016415,262.729788564675,382.702371329316,411.920036466727,442.730003191876,298.85680334363,440.828614345637,266.047741709372,316.159172213712,367.88104843397,501.120466854356,279.528176531114,463.750918696161
288.948178226271,339.502482122427,392.271029425317,345.127780157277,350.95885877425,213.383729680306,235.259304215256,274.783841155508,252.501102795548,323.506895252659,372.541790563718,196.810333380495,283.308970313263,328.444325290208,189.351786626332,80.4331530238867,92.988079343464,263.499334589086,330.650651293603,142.90155155899,273.378075323142,8.73962582122989,207.204453494862,360.166328304522,140.569071517767,227.412112496982,-304.086342220976,-66.2795584785574,270.171254939432,-484.606712081288,-82.0748670877386,211.355072445856,473.6477200514,-268.180696353123,-374.92913691077,49.4681556882338,-68.2185953659053,824.43045664894,-126.123854817278,-188.484800737835,-195.009944347874,-168.799858998628,38.2330627158153,-82.9732635131188,929.538822581017,335.554192468903,567.080537313234,415.726663180441,468.742964979536,566.347845633392,379.596319886269,518.693596546893,310.472201074103,412.819437129975,495.01417938134,551.901985600354,330.492897331141,535.805087119712,297.303978164816,332.632976225225,409.395283067949,612.615788009641,297.801112248891,543.665662724701
303.002105563413,367.888284690198,376.92672956581,371.361962706119,379.350596003284,228.221927882201,271.123513426829,293.871367918709,292.52127192399,358.899094602468,412.305229600976,234.457768152444,321.631464172376,374.728731075607,240.318109381124,123.854599958246,157.732292191072,331.607165566763,385.086784903586,229.979807016361,353.769321984737,126.892348099111,299.238248633439,432.881981515771,281.757314930353,294.722772982781,-68.7179098284339,-1.3506801007612,276.47388548295,-232.376131167447,-162.508438214206,202.188704762464,503.203871574563,-116.020092391305,-233.423468860139,-38.8619698345413,-108.637325061581,843.118231781401,-32.8603546064405,-143.549866648754,-392.972220611449,-49.945491859443,0.606360846790336,-142.97477414123,960.594961797671,366.163561488505,547.06055882968,400.84977704971,432.108803447973,553.986947779591,373.850197183793,503.063290593163,321.570743533395,372.074640725774,483.551081874345,560.682599598193,329.628986640206,504.344762582835,296.831820547208,306.954019651445,371.376819693699,586.310296102767,282.982652039811,508.724374765914
295.347930367401,353.394287147361,355.167677961887,360.068109024765,353.468359608073,218.245042870303,269.397605481986,277.286124711806,302.474111398179,351.504102492438,400.118125827184,243.537883866167,328.164765279088,378.569112944353,265.627203296456,131.140245777861,214.878371474411,370.116227367936,397.998305321791,292.935567453164,400.192406501423,242.408822604065,366.446806447772,465.186115494678,409.296758440524,351.544961413339,159.111690735369,109.692851833605,254.992389781061,-3.25455746838762,-155.187675122075,146.752722990434,359.356337741708,7.40805029033038,-141.959608040184,-106.312089805751,-136.576496510522,571.781790762526,2.54882105532936,-109.542798848188,-493.29854222932,1.80332525855658,-75.408790449303,-169.441540125735,761.701287059742,356.631205006129,448.88828377304,359.598238830116,345.357580642587,446.751816226303,343.701891987301,412.103655239901,313.295456749092,319.534035838927,413.896073143636,484.116940868213,318.209520537209,390.988614911724,287.42512700427,290.879125576803,302.71298096173,437.426203446431,271.638953713163,387.553554604897
249.899524698724,284.659339503268,310.504997312326,302.888010463317,273.700465549609,178.37875497735,211.789874041281,215.820073334816,263.114576075479,292.817406976148,326.264579397647,210.872612939302,284.893236982083,319.180082070298,250.121892093305,86.7837527215896,249.833956061971,357.32014542942,353.951718450356,318.913067243078,386.876288940692,319.038698630114,387.183930340519,432.5596389759,468.115793163445,365.215471687487,302.823479893298,215.353261006951,237.296102793075,121.48293475718,-16.8013254182496,70.1989308629955,32.2211861630203,76.9266804099539,-97.7140372340286,-86.6314533874523,-230.083759666498,91.7971029267003,4.87198907400238,-74.6158869813259,-520.592466091316,-179.353879590653,-184.817178272672,-275.783534724442,435.102313218538,312.813916997406,301.810478371424,307.931893729655,245.198493661486,267.497678120692,284.013405157638,284.566454958749,265.86422558925,264.752720538323,314.240645293401,349.339279403595,272.37094675844,253.592820097121,252.397973299439,258.40872701733,218.073916144873,222.113997891495,244.326149754052,228.780025079799
157.628692876792,170.066137979649,223.292433213254,199.864523962924,152.888043324129,108.311471989898,115.637050411476,114.606384397256,173.304279321334,187.235459690327,206.637666909014,137.445052700682,190.788390064384,205.050369184006,195.932035655422,-9.05009058599508,251.641583829367,293.525661388232,252.946963912828,308.793724585518,318.000030756853,349.55039507643,358.956236187171,339.969884957683,457.506642943026,320.958796969251,369.744936890034,269.429803568665,206.246919375506,183.106583217284,131.818662674995,6.3323059436418,-274.544762684454,122.768863605602,-56.9412918256996,-13.1889338836091,-339.846733766531,-307.272160209271,10.9789398342422,-65.5495217901653,-510.353305587809,-338.604327166953,-292.907374366769,-417.017209917074,84.0632023491555,222.825785544474,140.098678255901,226.173487808984,153.572267246666,80.7562290213877,179.99431772991,148.940359281368,159.526233703077,180.933668917695,191.369649986335,189.509030694331,173.327050864078,117.761854137864,164.646779600002,161.597307287224,109.295264787588,11.5990099094615,167.757549018183,62.2176016486904
46.5009030425047,45.7746733166046,112.268278629704,78.4607189289464,19.5524261784978,26.1847020724905,20.3270360591963,2.39118843033232,65.1928465057007,60.5668337959416,75.3805557165668,45.9332267251228,73.5645302768844,76.3574131318636,121.636876913846,-124.746703835959,222.489961243607,205.51645035694,129.126673288153,261.623313255167,217.218308541856,335.256458411718,287.016670053465,215.349339956097,399.567937659639,229.809953497855,382.793502959973,256.146585282932,126.412146553946,220.629881788361,184.353896508304,-60.1173186679732,-402.69173313116,166.584738200556,-6.43115174890473,21.1771111396153,-394.276828442757,-424.910983461414,18.8925647552481,-83.3999210645242,-511.412492893088,-293.805241423871,-385.111727025543,-466.259945223306,-214.623686872393,89.2192085700496,-11.3408567741606,101.951441322359,57.5600800780853,-59.3192320004993,53.089489414812,17.838262681001,26.0097271596382,65.1235235576146,56.324562034305,25.3287878469144,43.4806003080841,-15.130404450202,40.8515807214612,19.2426008943328,-13.0048785971102,-146.884759973561,56.151566496714,-86.1342710225093
-45.7628336696841,-56.0701786106419,18.094842135928,-25.8051115354391,-95.8650078505953,-44.4713025564295,-54.5867686536256,-92.7175553272166,-22.2520713757973,-52.1208589439729,-45.2469037000996,-33.7549879345754,-27.283936847049,-33.0797693754665,49.5203557341135,-220.580149608162,179.436854456462,121.173604437903,22.3368754746354,184.38324860795,108.456762117695,277.177173254814,187.736962038492,92.144367066363,310.602692203039,122.912248337079,353.002594111699,192.287085490277,21.327474636204,220.571201003154,172.032644394584,-129.154236068863,-407.12091746643,208.774250931309,29.0064654614276,-6.59937577617358,-396.407444456792,-351.631579924826,2.80933496593777,-103.446277574553,-531.43916079322,-211.130989874673,-462.802542849426,-415.254967665568,-395.17986630616,-49.1363308949488,-145.898787032337,-38.1742070240217,-56.7081083121113,-157.95684629435,-53.9079882840588,-103.22236447458,-72.2685841800257,-47.6948687010797,-63.614278492236,-129.284800597264,-70.6290938882877,-136.528927533011,-65.4932460159739,-96.2208929276759,-116.607123257997,-250.2243676189,-42.1858183306909,-189.56890988225
-122.0352670733,-144.171053472081,-54.5988444054635,-115.854550158481,-193.858859742063,-106.100028222696,-126.846330396582,-170.842685140803,-92.32695120443,-143.487209155491,-154.684499714646,-101.867070327671,-107.258664221651,-129.782146218199,-23.7882797829308,-298.575589125957,118.40870277992,30.3878849044144,-75.3645607243452,78.4551782740053,-5.47562289112515,168.842453259694,64.0211147949473,-27.03273875634,176.964739992719,6.6881067621198,265.524377245439,84.1169167659982,-85.380131568529,144.282311052547,120.678181185636,-191.769103854618,-419.293480139106,211.308827240399,-6.7015681291726,-73.0340299632733,-403.776067207857,-277.92023701908,-69.0462985427883,-151.454974275532,-534.198739136107,-236.736254317752,-516.846795609071,-365.863578562644,-464.912271404026,-165.408314642248,-270.524407262722,-161.415367487512,-174.286569326132,-247.560144228504,-136.883046547558,-210.568266993231,-126.500786490115,-137.916706167216,-154.326653092461,-254.184351677342,-152.529735584474,-237.096505882284,-136.614196690877,-159.85828579947,-192.976431587004,-324.373015010089,-119.764588593233,-260.672729473078
-201.9224129054,-233.00213660338,-129.081112268955,-209.078486104548,-284.690958463341,-172.489716136938,-207.437559348832,-238.521513763893,-170.411672633407,-225.67531472099,-249.470150341892,-176.283282455753,-190.060678304814,-227.639970644809,-112.738890499258,-378.04052121447,23.2480779159835,-83.5755890420928,-187.419756253109,-54.9768431116748,-127.200946658128,14.6935887846396,-84.9466943908702,-155.96317843267,-13.1706191656896,-130.16051838777,90.0483701632569,-65.7026792345557,-206.181930782069,-23.3301542739167,-6.58853346192234,-281.427266805835,-474.911666965157,111.031356188576,-147.92742655141,-173.119667945977,-462.412250329741,-261.705889176855,-203.106610531216,-263.577181389961,-518.769385345089,-297.797196900609,-532.599278066166,-373.570750260336,-501.476697251049,-258.586270760962,-366.465049148884,-251.376305061101,-264.839233323897,-317.273899436143,-218.844968750078,-287.06037345624,-177.51112860574,-217.531064876817,-219.190586508704,-319.772477965762,-220.152907997696,-305.967395836404,-196.458776048571,-209.793674351332,-257.503178609716,-379.006201060608,-200.050819333035,-328.285557627958
-247.835472300771,-279.209754120596,-182.578578673504,-263.076435694192,-327.759536047824,-213.649471529199,-249.35203627405,-257.813744759223,-226.237600258103,-271.841109961658,-291.838065616689,-226.005037991591,-249.384035427005,-283.674868242346,-178.553819673277,-419.586240700598,-58.9948932318097,-169.883545484268,-267.000522201162,-162.929137776359,-212.018568008382,-124.009979033972,-198.322674058288,-248.326549195713,-185.366276592556,-233.236763800238,-126.430303132052,-184.976490618592,-295.881062396716,-203.179818513419,-149.624841676177,-387.797239426735,-503.832031046971,-67.4416071316949,-303.33547908374,-251.29077222045,-522.136263870304,-240.717524414992,-326.162187311291,-362.591474809489,-486.986731436844,-294.839640185832,-477.5143617714,-371.156663271301,-513.929001777241,-296.478092616256,-373.657134791302,-284.075888270782,-293.775081474984,-306.895473614033,-271.297214983011,-290.204974355164,-211.451916647481,-266.120821472643,-237.125807459063,-292.565259618721,-257.825109337054,-301.906370359157,-229.766371098661,-243.574346450418,-282.581636795697,-372.086255127936,-246.262911861369,-358.623116034594
-208.832032501082,-238.103790609362,-165.241089392569,-226.009505099332,-278.552498832435,-187.776278305877,-208.509059400098,-190.79674462887,-207.387526901389,-241.863034131958,-251.798770414886,-201.231436859469,-230.510670291899,-248.197421104518,-164.87894130016,-368.360275526684,-55.097859863511,-161.687283237019,-245.814040623179,-175.711691206539,-201.795958539274,-169.703414134812,-199.712151877785,-233.926531399038,-227.709272112813,-218.080128573966,-254.242428150203,-180.240039424789,-270.872209828763,-264.134702421901,-161.004010295941,-414.538839458276,-442.724517630368,-194.071684739367,-314.241544535385,-210.049750016609,-466.211299008165,-170.793741249891,-332.801348880195,-319.959512467761,-388.899418179954,-222.426722760726,-327.673565144355,-276.611784824609,-431.381782144511,-254.552996876504,-282.05511612325,-253.054875450834,-254.278694672571,-203.487283743171,-244.350563779774,-209.600071478234,-176.81638460584,-239.442993239502,-187.747996631776,-183.766716697081,-225.346732919879,-207.66406153665,-191.182491669956,-207.919071827239,-226.309568753721,-273.583371323567,-199.488108333193,-299.778566742822
-141.797358401024,-171.21064624028,-112.612782781674,-158.255646533356,-196.506421667707,-138.09558885409,-144.019838864846,-100.394402686943,-156.648874386537,-181.645115056745,-186.77483049356,-142.918276925504,-172.515514755788,-177.599977348402,-113.303990345968,-271.250747715141,-5.13116417871772,-103.911439888984,-165.237962844617,-128.833566804344,-136.148896700499,-147.8913406324,-133.406206344436,-153.468461160697,-164.631119659398,-122.203172839216,-255.83382216848,-88.4337730779758,-166.073635288496,-201.027585772031,-36.3329846306622,-332.6794043146,-332.415276689096,-215.20515868088,-178.61375152952,-69.9739715711755,-289.734718720247,-105.632828928375,-234.035038461952,-154.628106503448,-217.206427734846,-128.639995326392,-140.011123778101,-131.055584495539,-274.043500699714,-209.454175144794,-196.694474461038,-217.467302165552,-205.708395064283,-108.747887288621,-182.601103192327,-128.869802046603,-115.512252518405,-173.968734632862,-132.404456023132,-89.6250960386891,-161.114593117188,-114.437583898884,-116.056592438414,-125.592975451146,-146.571119541499,-160.926694658331,-111.342976626581,-202.469428150124
-140.77197853055,-166.371663904028,-114.942473398584,-157.423883034711,-174.62319986036,-138.475334812671,-141.172712179673,-76.4628596435076,-157.786905095842,-173.234105005335,-175.881115171801,-135.262187913151,-165.389953671418,-165.480188724663,-111.140207960842,-219.395287004323,-10.9810145397802,-94.1038102538323,-127.86312930706,-122.417027109324,-112.319928243553,-154.781574868548,-113.102442447271,-114.416165751345,-131.876115503796,-68.8603891399782,-238.094230006848,-39.5005654088556,-106.992047619756,-147.128147549823,71.1380159065385,-238.435088767636,-249.260274772892,-222.394228159357,-59.4499042830693,43.6297371574928,-122.332381703112,-106.307819505875,-151.90385483656,-12.6076906298269,-38.2073691607663,-46.7742272184975,3.62248105236763,-24.7004600583637,-152.930467990459,-243.411966290195,-202.844736600633,-226.792948957028,-199.59598011839,-113.848510582419,-175.938920527877,-129.884515348941,-119.186228702286,-153.817454402917,-148.377023033899,-90.5894561708246,-149.527574682386,-121.532971296019,-92.8938804484418,-91.5510145376958,-141.233677191448,-133.255536717916,-85.2871424572526,-163.257834181851
-178.39783328147,-196.349323992637,-180.270547565854,-198.377421241451,-194.018907295854,-167.236376716735,-174.119553485639,-88.7641519526328,-192.883101830029,-200.982429748763,-196.802782143684,-166.039873839143,-198.2046511306,-194.131971288666,-148.435666342761,-205.512245451136,-66.5091109218963,-130.342705802205,-147.122923309724,-165.15261867447,-142.569803398065,-208.633090365627,-156.604121824717,-134.904899067376,-175.833458371856,-96.2599088870937,-286.05298654269,-81.5278238805009,-137.439803664075,-186.381602173931,59.0500503517284,-212.173224554928,-197.938726248235,-302.789071288794,-63.2529090066135,71.8884857638026,-49.1698153889096,-133.814196247272,-154.056688855059,26.2363497436234,104.332915506881,17.2731888093136,101.230070179145,36.0415790513999,-102.714305556702,-310.583629334666,-249.671016370971,-248.992771987789,-208.081385913152,-173.084117954197,-222.852099597944,-174.511888466999,-179.287383950602,-183.753532657237,-205.6235338787,-144.655157419495,-194.123344179146,-192.638749101224,-132.886796701628,-133.635529327222,-192.918400209751,-165.011860306926,-121.874226150158,-180.192615294098
-175.030504621322,-188.892516563718,-249.753329856876,-194.173954409947,-180.04638441862,-161.310752946562,-169.893829637167,-58.0694291430471,-193.011547724516,-198.476126414063,-182.895748720727,-166.349812745937,-197.224236858333,-189.032702344591,-160.168645973644,-170.112634624435,-99.010851858474,-152.10957576712,-164.212144430503,-194.561599527754,-173.358847452581,-254.585108991702,-204.806138811362,-167.037303256621,-235.837905768021,-162.36021547046,-376.918525104459,-171.756957417199,-216.511203109641,-289.676661873705,-63.1638980913487,-252.443227962578,-161.893476332291,-449.107206816278,-170.085244110643,21.9701291099519,-53.5631225720917,-136.999401775911,-212.529736787886,-23.670098734713,184.285580378555,42.153333048002,175.189778857812,76.6487036809507,-80.0270393022528,-327.766168105599,-264.921088209128,-247.854942463348,-203.905295145066,-207.834885896539,-258.592003291717,-189.207578967503,-218.984312615218,-211.229376350076,-232.72346059458,-175.195875474786,-240.771916903135,-231.475481938627,-182.885965827642,-199.426974703972,-214.971884771273,-171.585309220829,-157.543117233128,-184.801680434193
-140.864178167843,-150.471154899603,-293.010673317016,-145.317461106673,-132.760331153378,-129.706894857638,-136.108660418348,0.765853188615401,-161.118806591891,-167.118133513265,-140.186056330692,-135.265239188443,-159.678856411668,-151.187475194631,-143.700709468272,-116.278963278593,-105.537336869742,-154.32170968828,-160.194714648158,-198.30210863972,-190.626028284556,-269.833728449084,-235.015401873031,-200.159421180289,-278.545634807702,-244.329188980434,-449.170137901081,-280.984929700442,-316.87925095932,-400.768693253408,-251.818878922852,-330.335654247861,-159.529030426716,-589.624800310139,-321.5557107866,-120.730947490703,-95.2677872076155,-151.626223824158,-284.344754247618,-137.13364739578,160.226968455877,10.6317346983747,191.460953076664,84.066048927476,-70.5460730629313,-295.003494590442,-257.88541016613,-232.98345441094,-210.86799728364,-220.620040409389,-253.559453470478,-181.016575339176,-213.830163745921,-213.055831613742,-230.076137578849,-180.049901491086,-262.076244002809,-219.796519262332,-214.41894094124,-246.146930146495,-194.40272235083,-144.326844113524,-176.547570532499,-160.560605904206
-120.786100347521,-121.389018870535,-298.652654950519,-110.030261369946,-95.9571674832981,-112.743295689946,-117.746129395103,29.0842738682815,-137.016276593296,-141.601673563138,-109.961717253725,-111.847373434553,-128.679740346524,-124.030865297746,-130.894513244917,-73.4451117390443,-118.116167478452,-159.699157350043,-154.310876147597,-202.634458612003,-208.305554281882,-264.067310041394,-257.049319207979,-240.353201991139,-314.136692211558,-333.662000745708,-456.853561864092,-403.757968398713,-425.517148621701,-467.396107871745,-462.884152143431,-408.984209749522,-189.720814186574,-623.477194650187,-450.09428196588,-339.180632404849,-134.655992741014,-220.669871809153,-325.960976882242,-268.109607536705,52.8366470832531,-45.3188165223957,129.985227946283,51.5089576182701,-89.7410901195697,-245.92303623446,-242.711469436337,-204.600089954603,-223.814761117577,-223.815558275276,-214.391614415396,-177.492838869245,-184.701925237232,-188.160071986996,-225.40932088248,-179.502990724217,-245.065887399255,-197.423131384346,-218.616605391795,-256.652240703877,-176.374492729963,-122.294075905978,-184.333953204796,-139.80321878065
-108.550261183237,-106.49336504362,-260.024074451911,-104.062830152522,-77.1980038916665,-110.468583289316,-114.958649322895,23.4112502735737,-124.98972257468,-125.058575024195,-98.0799876279661,-99.2552015590259,-114.333208749646,-113.567409935404,-125.215213548871,-41.3947757721379,-127.545072178903,-166.791056711006,-152.638039626499,-207.669307113189,-224.162370558487,-240.798476650445,-272.133475409072,-275.141575127037,-339.624365110539,-406.500273009196,-388.4341403334,-512.132012167713,-516.899837452237,-445.288715883124,-641.305177469118,-457.107787286892,-241.131987623838,-502.483763583845,-491.746705255821,-525.837953148658,-162.835719765151,-334.605420052187,-299.794535029898,-341.843954255157,-47.8500223866149,-100.865325871454,54.4792982315204,-10.102092914828,-142.177797564813,-193.972537954355,-197.484667919535,-153.865610819738,-197.885116729954,-192.319526381706,-159.952884881702,-164.306083949577,-145.445460592365,-142.896696046879,-213.853489645917,-167.625726682099,-188.97807196057,-190.429937538338,-188.395399623852,-225.277576558933,-175.674149972072,-123.459544422323,-163.70813225669,-142.997741584436
-91.0333190203556,-97.6447632865796,-211.391968396964,-105.751771347524,-63.9788989651695,-107.803974049117,-109.972324929656,11.4244514947583,-113.925935883168,-112.983974706463,-97.3816801859894,-87.092092477987,-108.970921751224,-108.862669815679,-120.616559609067,-19.4745021656108,-115.646266104205,-169.839376218636,-153.793869850896,-199.284446816129,-233.045424024406,-207.95329430867,-274.936654064155,-294.373811313752,-337.444273538985,-430.626749152793,-274.387620667921,-542.252957199823,-547.03678129248,-328.763598525679,-684.313038660874,-457.890001440353,-335.163585706933,-300.751648793444,-420.670449938687,-547.363196318846,-216.347237818685,-466.807220441585,-218.68663502751,-313.671152127383,-85.5886134280341,-168.444538679133,39.6534853968405,-93.0590595659692,-216.355739723909,-159.505592823733,-133.361911218319,-108.143455652866,-136.072217010807,-132.609052994354,-121.527059474425,-137.798415759512,-110.768548600656,-108.39428964372,-191.160316617282,-155.025711196323,-132.420967204536,-200.482750332014,-143.483808954437,-176.420787928226,-174.308355939809,-148.608460320066,-117.903007869466,-164.721385462823
-78.3224203072684,-90.5204697807721,-191.525013556446,-99.0343001179485,-53.0985210163843,-100.962987501975,-98.4867064700502,8.50149644639667,-99.5376930627487,-104.059949002435,-102.40066737801,-75.7748459462783,-105.437709741938,-106.723359662191,-114.911728832126,-9.86668676795441,-89.3303203691344,-165.057210803887,-150.538043432348,-176.356200197688,-228.219050564632,-173.751017796974,-251.32832746371,-281.907036057861,-291.060002810497,-374.968676818904,-156.630235092939,-437.715879132945,-454.193735392852,-151.64578510967,-495.684248607679,-356.961623689563,-439.580934400946,-126.997191410575,-254.303126122885,-349.674480766052,-262.317621225807,-553.702994530291,-121.465891048534,-196.698920429037,-58.7500099876416,-215.781687602343,84.527110932036,-153.729715217733,-275.326249875484,-155.321380780053,-95.1055724924756,-95.4435865395048,-90.3588488101744,-85.2529198542089,-114.252276781547,-119.38614946256,-97.7979670724667,-110.45915292326,-171.053045485712,-160.354160956591,-109.810218791975,-209.757444639651,-117.560670278793,-145.00810770163,-158.791360052095,-176.584304577502,-81.7361777088281,-176.994041162776
-60.8720954892922,-69.1255631026335,-175.691017449093,-72.2936751032201,-31.8167875337619,-78.1461136622434,-70.7644229663927,24.6832503660929,-66.9926773990573,-78.6778900439379,-88.0118200484809,-48.2984547770424,-78.1077217619143,-88.7879566295587,-88.5678581149796,20.5594398629042,-55.6458238436872,-132.864815763133,-107.51505763913,-134.896892934681,-184.113635951398,-126.771903820245,-181.6026943906,-204.585326772551,-195.86783228953,-232.759439951618,-53.8350158244522,-224.72902575434,-219.218675048123,33.8022580309201,-134.6900331568,-90.1286938096264,-424.873206797721,-2.62770703396416,-48.5170014640543,-9.48459438974017,-174.740850603508,-498.564023750997,-15.2075700159671,-40.3957512289354,29.6723569871127,-171.024029467821,139.087331802338,-118.666370795637,-263.064015505281,-145.588876097963,-84.3384504806579,-90.4364900110752,-75.8436473124987,-52.2633632827286,-111.18435718408,-105.109124962825,-99.3567403118,-124.245627169273,-153.365185694679,-155.920064839278,-104.126276271449,-188.714604862997,-116.390121362036,-128.647252208413,-129.49425987969,-159.85952742682,-69.4337507222898,-148.745308316514
-12.2765949252129,-14.6609159935113,-114.876487522251,-16.5369266142598,22.2738443277184,-22.21257488431,-11.8626309560023,67.1899207786503,-1.66012567596111,-16.1525271826552,-29.2616841440801,22.3660425154936,-4.97826657779799,-29.2472294556146,-19.5716616397929,115.720279680594,-7.77682086607001,-54.4745395552204,8.24977865037365,-59.862104349395,-78.7478522564826,-52.0090191058697,-65.9223045499605,-55.556086937157,-74.4917670961963,-41.3442129056167,37.8947645017421,-4.63256734146693,76.6424804173096,181.952483012664,209.670343668612,276.528256842272,-209.600771887711,108.317241864574,130.836184873744,319.642806087134,78.2130148365207,-273.487699265252,110.70104019532,109.399859595306,166.075234839778,-29.9182237099201,182.684868316938,25.3030401013496,-150.704371613179,-83.8005706282459,-58.7173320886607,-49.0146912125709,-54.8414856932942,-7.10108319138232,-77.664807768216,-73.0175115062666,-84.8391092497906,-103.816115440619,-117.746042186828,-99.128722755864,-80.8278312442522,-125.549106856219,-112.45159128861,-99.3575566096453,-92.419694249208,-79.8015296866458,-60.0538105509041,-83.4869509219388
56.6044538031954,63.6481341065295,-22.688527202344,52.7838895162901,101.101963363531,56.7077125420222,68.4623856906363,128.351953936398,76.7522896562767,66.9711244363706,56.391279661939,119.210282612895,86.9744335398588,59.2423268030109,74.2224177147508,247.897402719173,47.1617672547175,48.2259176873471,157.049648053205,35.9670795124559,56.9433261178714,35.5179732014265,58.1173742293117,106.635384735848,31.7404721042383,126.400534286145,119.636139961138,140.024738856703,293.306118486949,271.597050359029,397.059852165003,540.901659686174,124.679116885705,203.946651684613,248.587105087669,507.974937669363,355.386401840815,48.4302271884009,237.298077482665,230.67527390736,304.059425850184,146.156936898997,239.970703469479,210.11458584944,28.8638267357039,16.6792738515681,-7.3029410382325,28.5363248232502,-9.18340782320603,36.6633251038016,-15.514743312272,-30.1882161900174,-35.2020514773261,-47.2968270117222,-57.2742478777252,-11.7881234442731,-33.1792153290199,-44.7161264036311,-76.2179808013999,-47.6421852700774,-49.856352949626,15.5696065089832,-30.3794412512828,-18.3145827340707
109.299242794119,132.347084469015,46.1982612425051,107.135198781176,166.810508689294,123.995143941839,135.753947976768,189.946144981438,134.341358126585,128.966875819349,123.912868723708,190.658131132126,149.709319541965,130.963173661474,148.484905753798,332.840587783179,84.9455415561303,125.640867047768,248.24122897522,107.727557670539,153.112593334584,100.142118170849,138.505516432215,202.031240519742,98.8427556823901,205.475316636271,181.06799643889,196.433042222643,345.94091105858,301.223375354195,412.192342469342,572.860980955709,416.292337053256,253.098597084697,296.000532851606,519.576259656042,512.184504155484,361.189690006698,321.473576857364,311.825918424752,396.884818673289,307.294021424526,321.323220773123,367.148540252274,199.467472688309,94.3934786506098,36.0764413392722,103.532225985399,40.21761034543,46.2914967015647,54.2487918272938,2.70873104528176,40.4537083807943,16.2462933423761,9.2483047953577,40.6787737532036,35.4490637823605,22.1842446640918,3.09732853055534,23.1156652458152,8.75845428842401,75.2935523998134,30.1552733925664,29.2306742708571
120.235839966073,152.786761551374,64.8870363948666,123.27143168335,182.476933269313,141.679389051341,150.982190519219,217.442399717483,148.561702524328,134.090585653484,135.705635757151,200.149831512474,155.056536646805,144.308452499561,164.906721259165,324.725403894957,81.2952856889567,137.841153203439,228.199732825111,116.405968989258,159.548935669986,110.024719535867,136.120694011871,188.324713543773,108.909078557217,171.040822973515,195.964985374606,167.38001363112,254.196997867837,255.335392360188,299.127036958746,427.292368233299,537.97941360113,234.118007925276,248.886988279452,404.883599433779,517.053367764768,545.647545041859,310.970565897641,320.083353369253,416.220217228733,400.571658861761,366.847877038148,456.471559076371,274.714873103653,99.9779292242922,36.2820537981969,130.734334625777,67.6183503934336,22.3033621034964,105.028822277268,14.4738253658361,104.240689963601,62.3633666348679,44.3312967733141,27.4545370820613,110.683524957053,55.6443199138168,91.8998994076018,94.2656298144778,75.5148990720751,94.3470378949585,98.718662788501,65.8081195868927
79.0996830203729,105.050648376446,36.9583488568218,84.9890113685761,134.720926467336,93.8669004651543,99.6808202835174,177.946787624643,107.411281712963,75.343947460235,81.3340816387411,143.700110806233,96.5277138644851,85.6472986691801,110.399473080363,245.624845010814,23.0650011335092,74.0684350697302,117.632983143138,54.1989620721132,79.4941310902848,54.9778161290962,48.0382979654655,77.3101616509619,41.2016612749575,45.0999284806622,141.1955894748,43.8503491289935,84.4528480162529,118.1072527697,102.780763139252,214.601401212006,443.158082543378,138.271120585628,95.6067069687708,227.955572314462,398.902333092853,513.78091668502,180.335719713627,222.778467139475,347.64422166082,372.996789764457,311.467606012929,448.004529725437,223.372764062344,44.1430138820422,-6.03099256257781,95.8653453396581,59.3128218997519,-11.2838523429787,107.425865694151,1.89538373156766,115.545932503937,71.2721300403315,23.9582766265318,-21.0724408542093,145.149425302772,52.5306297792619,119.45498656059,123.501821574232,112.753032020169,89.7655895312864,119.154744164924,88.5987314579698
16.1479689316162,32.003385565178,-13.0637162133374,17.9592376363836,65.6500680504746,24.4089247175603,29.1582615789378,104.906648719756,39.6462529158092,2.39469130299618,5.45343487415237,68.3378704915958,16.1582280278357,0.701138972889878,32.1752678939163,163.640320379133,-55.5208390289353,-16.4347402276797,-2.18939580072,-27.8231761780898,-20.6647237888631,-18.0447637466318,-58.5709838055765,-56.2170105295829,-55.2234751564551,-89.1501747345257,63.0871753935388,-110.119037746652,-86.7046027293629,-33.8122561259705,-96.6019922938701,-3.8002015684633,206.615044475048,13.603953953901,-64.8118479844158,39.5313936373686,214.301053052691,321.796638063045,20.783306908339,81.111067729146,215.11164813855,257.759166620562,204.806762267451,351.924564668666,129.878001872288,1.24225901922237,-43.1775786747744,47.5289966148252,35.0887100148395,-24.4023382201802,78.4627740637201,-9.28868026246485,91.0114021175715,53.2254518072217,-11.4408834153521,-40.841282251503,119.330338064377,50.0174425882179,74.572228342303,104.316926955241,123.276375680706,96.0926778458598,78.8916312826534,111.376756521678
-28.7448885730863,-9.49370452106885,-58.4300967331712,-29.9681130888281,27.3863901444626,-15.6686671939634,-8.63170908241439,58.6996682256607,-11.1599861734407,-36.9567364492007,-41.4592704773732,26.8921808810334,-28.9699209529557,-52.1666201637191,-13.0944490766081,128.039118945526,-100.748687586315,-71.421316005243,-70.415985764827,-65.3584648423352,-78.3102409044909,-49.9089680700815,-109.152564267425,-137.755824610941,-94.3171007355811,-150.406312018648,35.6487184225653,-179.760755769584,-197.035619634463,-80.1798248340239,-202.734880415018,-189.578636907687,-43.0837285736244,-55.3899153959233,-90.3045097717717,-113.978267526197,26.1750025396485,96.2923703836643,-25.3366184384622,16.6666828312715,62.4862033936748,122.580321562564,151.193714444837,203.616986591377,71.0420362814529,5.57567790583047,-56.8325478283009,19.3447044232272,17.0719787062664,-21.6684842567394,54.4597952844844,-4.55513766976223,70.8584471939485,27.5909682300861,-19.1973183713774,-24.2032643792975,66.3853543567163,68.674965079526,18.5294991799344,62.6107979821727,129.173191423966,123.513973991252,19.0231527808847,146.025754070066
-72.5443646923356,-40.0492682116459,-93.9721695261767,-65.6635802469149,-0.893055608712683,-48.4918474069404,-38.0563912861891,29.1697792610923,-53.9398978016521,-70.2330690558666,-80.9680208788988,-3.15745673881854,-53.9676490560725,-88.3630122882827,-46.262398944274,107.892549135471,-123.183858538392,-106.571347934743,-118.550352255745,-74.9957664853209,-113.20680180152,-63.2640764396989,-124.344616696535,-180.555826205951,-94.2870913922933,-159.743434109718,34.4983008388136,-159.793908844389,-246.907950432264,-40.7355961311384,-204.939032306652,-309.59332004877,-254.249820479331,-63.3361977675895,8.52931897342179,-208.607763923044,-141.492479033126,-130.862735752986,33.5445756256891,47.580886110215,-92.8504438568198,-43.0151406698334,161.35859312571,14.5303965481802,-19.8448305216158,-7.37778747473625,-96.2636841532008,-30.3569118070624,-18.2391104384935,-56.3180562448362,15.466923201503,-27.5701585884021,38.0790125847667,-26.304368679137,-38.8488042790579,-47.4494405082779,3.34860896485816,47.0466415581956,-22.4165515269117,-9.13619625201393,88.7764656665011,110.203094954761,-40.7328775641774,141.776890796153
-138.324391683051,-102.188387252806,-102.789921571008,-121.826211761595,-62.2035258280115,-109.540431722739,-93.8564610105142,-19.0191379427007,-112.420039725852,-129.846756184315,-148.377224852452,-68.0263057241275,-107.416903486102,-149.422902230406,-109.299969976833,54.8531414073151,-168.95872237727,-169.922697481632,-201.082496789572,-120.233087261881,-173.775653847721,-120.459776879637,-174.739736921674,-237.719677029572,-149.497606944553,-196.442541850161,-27.3869494822129,-165.983410692255,-277.199804446559,-53.3291832251782,-188.940578120478,-353.739437238815,-415.161106988824,-84.433730864706,82.5015523411786,-253.594920356714,-262.977292843915,-346.468995074263,57.4831527047448,81.2929020662953,-227.346020633645,-237.082387714861,171.152029237953,-172.207490094255,-212.064779293796,-77.0221901381435,-167.798098836141,-113.194805269949,-80.7688443688952,-135.305896510529,-56.0468532371365,-98.7218346910641,-28.6611007811929,-110.527117012938,-105.282931150369,-142.900318172274,-65.7083622951407,-57.7368216844374,-66.94992763053,-105.48103929184,-25.1350579710497,14.9166673955809,-93.7008120296312,54.1184590228914
-189.484065647386,-164.744532656788,-48.7096974258929,-178.198561765595,-127.986738838038,-167.915461363165,-140.865030420705,-65.4129713113487,-165.428906090443,-182.844788201377,-210.412227435368,-143.056745299655,-175.084808962873,-213.093938027027,-179.920939425502,-10.1283017766809,-232.118237218473,-247.292164303129,-298.513747084225,-203.976562158994,-250.456986064396,-217.366821285138,-269.236175510867,-307.800484601641,-277.523380800758,-282.023359677016,-156.053628300009,-274.812234363065,-310.921826233163,-161.629349932644,-247.943814585111,-341.611171892931,-473.815019694635,-151.643898488272,46.4618669826258,-273.780065142592,-270.566470916225,-452.260891714608,-8.64753767040619,64.2796871319437,-263.418533260819,-333.727807814396,155.105213370474,-240.227100847122,-414.363354809413,-136.20557869181,-197.629726567618,-153.314996562292,-119.26980881994,-181.85959279111,-105.945259027304,-157.643797555116,-83.1121087806245,-160.369688837694,-160.853750797436,-229.510737675576,-102.987216160083,-166.250591743101,-106.154586841132,-158.481029805389,-131.779474251314,-91.7928945618363,-110.763872348045,-57.6315537651404
-194.724358055594,-179.520045559737,43.031701710797,-196.86661021068,-147.846185291467,-183.502549078205,-142.679819159067,-82.1919193973812,-187.874274678274,-198.299816475836,-225.671784562023,-179.37461076703,-212.366128674913,-236.911372981752,-219.379699113231,-44.8788672777887,-276.279461227218,-294.071534753584,-360.725997795293,-274.172354346712,-304.69237245493,-299.059013768155,-352.984396293655,-355.590768421085,-401.390951730551,-371.402793844293,-273.152301815686,-422.16993952088,-348.116990175484,-260.497959498116,-379.248953417902,-306.579743831046,-418.259499856981,-224.059581074035,-39.3698408012868,-274.48337457083,-147.208267320529,-409.383943364224,-87.6796397807325,28.5087133917082,-135.857387701053,-216.414489772622,145.771190917641,-127.347268937866,-500.573452577027,-128.640133863289,-157.09939831404,-113.064982708922,-106.027871337191,-155.251711589536,-95.6919887502868,-156.997486221757,-87.0591520401559,-140.523745077034,-150.245261703857,-230.74424422812,-92.068869978826,-180.199274217363,-121.545000728947,-137.832295300409,-152.266627446438,-117.335207231281,-95.457207511266,-100.864820070873
-191.964924700787,-174.185761890003,74.3952002645292,-196.437865057643,-143.385356227829,-179.249264470493,-134.854139186516,-94.5454268096897,-201.356383568999,-205.373030975995,-225.21095497814,-191.390948901718,-228.219442286608,-239.367463182968,-239.337743413416,-64.3308836777033,-301.123962181551,-315.88857942854,-396.317763495306,-310.638927360368,-336.238640233919,-347.058749603648,-389.183864637366,-378.730237891434,-459.548680499108,-415.672653686576,-341.523176707039,-475.289724153331,-367.789395789757,-267.572602479851,-447.890511439933,-260.793815718528,-329.677895389363,-270.905831197398,-81.8500153402306,-218.814539779997,20.1706452755561,-332.484104464961,-118.661737946783,11.1263055338669,105.36679019498,42.6366071246618,167.47869414639,67.7456543733089,-482.730698283811,-106.239472672705,-116.920783237354,-75.346096538962,-96.0137095307482,-119.28801035287,-81.2238121432409,-137.416401142583,-85.7581474375976,-119.101065911471,-119.626278858996,-179.982251834884,-91.0853453449846,-128.5439680803,-142.897362351312,-124.374079185938,-136.87110053099,-74.5307145531042,-111.044404296743,-81.1127033623153
-216.999451094193,-193.563460046297,9.13513816810736,-211.448912869516,-156.623772490732,-189.578960725072,-154.275847003364,-124.097667370624,-229.135886955983,-231.460190487366,-248.951175273151,-214.253493389113,-250.959649897895,-256.388035454834,-261.690086923779,-96.4492291809308,-318.647678262956,-341.891569231879,-436.330489519265,-332.695552129222,-359.336958749077,-382.383717977853,-389.34516690415,-388.248568129566,-459.79227275793,-390.95703804907,-404.139494436669,-390.107539399132,-316.462081579623,-236.813729210718,-323.453484741901,-173.449798950801,-252.043113796068,-309.211250683106,-72.084830862481,-66.2992923209016,161.198766591787,-287.741598199918,-123.021326251247,20.9313603947268,340.113570694215,270.121830357072,217.785379950169,204.415520277875,-429.835742397479,-126.905358960551,-131.048231525441,-115.288233269644,-134.864610121473,-129.264413623983,-117.192419892725,-147.619839265255,-120.591478153582,-162.06027426846,-133.478638789523,-146.918113862869,-137.169407055215,-106.36306422261,-196.654769693276,-185.362397740042,-170.736378663171,-44.8173874969565,-182.234181803174,-73.4826603881503
-245.373662763245,-219.867353563427,-73.7860651968925,-230.282059202676,-174.849994371145,-203.539459263129,-176.072010819938,-143.644221539151,-252.529001599095,-255.392775252496,-272.872028290055,-237.577593775443,-270.05600338632,-275.886117441771,-277.251767604542,-124.166697523226,-325.332073541371,-363.655723832991,-470.413308305551,-351.481081548513,-366.855982580895,-413.792577158145,-383.298711000897,-379.304901922055,-457.00251610282,-322.869234391817,-503.738314932744,-280.445484164684,-187.132332893265,-273.352883581989,-86.2068387520304,-49.2772727316953,-143.624818634159,-371.801196170093,-85.2471768602157,121.528939471623,255.064776530489,-174.165255644948,-151.970129382713,41.4292378542433,470.160352146921,382.481034154017,284.840398622452,233.389269270182,-337.715842498865,-155.998081564031,-164.712591883923,-184.085558501741,-193.075001297777,-155.501137576553,-167.118756618643,-171.833725420868,-151.712985573798,-230.93701944856,-173.736212416296,-141.824467125743,-178.367208355043,-138.293087413132,-242.227416107055,-262.409414662848,-236.378009835798,-71.182122777939,-245.741504763253,-110.985365978216
-251.51631250497,-222.772911861557,-104.898493504323,-232.67387543038,-177.79169868061,-206.47612625438,-176.49432845626,-137.690359341583,-254.41276867974,-257.968917507382,-270.630142959221,-243.725784249743,-274.853884961819,-278.200865833375,-281.252194731876,-130.531711703824,-328.866966753824,-370.445439600822,-486.489250256388,-370.274349657375,-369.219452842596,-438.462831678762,-403.840066122591,-373.832328300751,-515.385386613893,-304.370471237928,-622.462506024198,-308.351224928537,-106.398614181442,-408.495526652215,18.7996087451524,-7.68621140113903,-27.2176750946967,-474.684298300884,-187.176038334567,175.607394018375,206.978960556477,41.2094630296605,-237.638835240743,19.7422684943638,403.810911692613,368.01324696743,317.483084023238,151.909429555387,-190.942447851018,-146.471483572253,-181.877395291937,-205.678928759835,-232.541563345541,-174.221219846228,-178.720298186702,-187.673777541313,-142.209305491289,-256.75375081996,-193.74901178767,-148.18998739873,-171.963347558303,-187.786727708809,-236.316751501151,-272.680450116527,-266.796654960616,-145.459042010115,-248.0037358475,-174.609218078027
-236.279591099646,-199.38639529291,-90.5212395958963,-214.712387086517,-165.706413258489,-198.349117892693,-163.982785292335,-123.554575819527,-237.997624114176,-241.971059564327,-253.057150801534,-231.741550030071,-268.90766460507,-263.49812748987,-278.007522534887,-121.600230902694,-326.499615900116,-373.335371435316,-488.537021517923,-382.612793715862,-387.169118140876,-446.979825368709,-457.355729594372,-406.589674289413,-628.598931472712,-399.779485563355,-678.881138768713,-483.580901859872,-196.437123945308,-550.935071403466,-103.415480327469,-134.474189720986,-12.634441003403,-565.651282723277,-322.85973043527,33.4639181285096,-61.7605665153417,167.335519034182,-338.900124132207,-66.7587594223245,105.435415848491,195.735630436007,250.011683332918,-36.3914958768637,-50.1539411951603,-112.855234858755,-190.150844465395,-179.304908125737,-235.442617937296,-198.253223524562,-152.265999160985,-193.559891404646,-117.747853233728,-225.480431585655,-180.832738228399,-153.243397260024,-140.091143888777,-213.166293133255,-192.437084599906,-220.681755655671,-242.0685443327,-226.665051547736,-200.578734381632,-226.400469453149
-201.414636895077,-155.770120468303,-60.2848141430153,-175.097724761907,-136.167035847467,-173.933646982414,-142.108084895049,-107.749502528891,-206.293621966129,-209.198494124105,-226.738050353631,-199.518259964271,-243.450346382836,-230.777904875611,-259.797384270333,-98.1845337817688,-293.284600369761,-366.580769084606,-469.375688336939,-364.570107504555,-401.433353588989,-412.242213434666,-493.491087698013,-458.932303944944,-685.980345756535,-535.691772768374,-592.290821724578,-619.15435780151,-391.142597968607,-551.246539968356,-271.332742864508,-324.218449923011,-140.688907012331,-546.250253833518,-344.476657601215,-147.517923704823,-412.018785461778,23.7875706567056,-358.25209613987,-154.111833918031,-286.180445613914,-143.101541995297,102.924929574979,-283.004628981466,-11.2894217830708,-82.0612175720636,-177.785624840068,-135.098736139041,-183.500742353571,-203.835938312855,-113.298042536983,-170.947770675917,-110.466666695887,-164.465954550015,-140.175085302199,-136.474592369483,-111.057149380419,-189.026262164205,-147.30766633499,-161.710338829787,-185.77779717559,-259.425258860197,-138.779608086858,-232.425150139667
-154.098158999056,-105.046117484674,-32.2728281085101,-127.474648029975,-91.435735449337,-138.143357776876,-110.721067501929,-83.187394451167,-167.090439267039,-166.469985452864,-186.990536016184,-156.413848874897,-197.238748642957,-184.665916796119,-225.905560935616,-62.895657367336,-229.542714612245,-330.70683812227,-424.000544103643,-304.683242514563,-374.338521914987,-318.016133021948,-447.836336140556,-475.34305265446,-588.837135825938,-563.148013471278,-372.404283990539,-533.858985089874,-509.431136084224,-344.617711999965,-263.393024608667,-411.262904425714,-325.30286779117,-392.474990113077,-175.257608620813,-184.86749460279,-606.763414558369,-291.502832682547,-259.721380562595,-161.823505588575,-537.544382913764,-534.093744084302,-9.73780454825642,-503.339420977865,-83.796089794112,-40.2122278608517,-108.651328540756,-77.2760989599698,-83.3162130931397,-144.026886633311,-75.6534115875073,-100.508188484505,-109.676679620207,-99.4336118726326,-77.0498856100673,-90.1554780576659,-83.3762182847132,-123.876685850706,-113.494401642387,-120.961647133755,-119.271097469113,-221.995706799023,-85.8406949349737,-190.297363744978
-94.90606094756,-48.0086794768697,0.781241918410348,-78.2929518308755,-31.6382949809641,-94.554936479922,-64.7442684525771,-40.6349003239351,-116.697262061029,-112.650149601709,-126.058152048364,-106.48591029011,-135.711844940977,-125.86510376448,-175.512251987371,-11.7176166578901,-145.33314842666,-252.552149790889,-346.360771343367,-205.445417620565,-284.962010544975,-176.695243489433,-302.804358471727,-407.752937329227,-361.652115162774,-405.171527283879,-100.918731891168,-242.431487055284,-430.575730128646,-9.68166525085013,-38.0784961974541,-326.389868747372,-426.377821800279,-170.176412607891,114.276591763344,-41.070640768787,-548.093885649537,-494.817435579729,-106.618305063319,-75.583684395703,-531.520488840478,-737.097856033031,-13.5317846691732,-616.358572676747,-142.300316981409,44.2607752510141,15.5409929952336,5.06973704771397,34.4147047096417,-14.291899428019,-16.9452279069501,9.78018255477834,-65.663777841866,-21.7788505786773,13.2232455370545,-17.7243666443043,-27.493202057317,-32.1276388920379,-60.0537468103219,-62.9217261322368,-30.3324696675761,-126.267915669414,-27.0511708509555,-108.106625227776
-20.7672157871162,20.8760108182234,51.0484594992366,-16.1070497140822,37.8267040722035,-35.8330754097946,4.72686826771336,16.4472459640288,-43.654966696707,-38.4028794210014,-46.2981824365532,-38.0749531578456,-58.4002471828936,-49.7499880812425,-98.9787749678562,64.6926905814486,-40.3121286713045,-136.433242074237,-233.865560263104,-75.7668437114332,-145.803894748957,-20.8901526854722,-101.294877168238,-248.791970345918,-113.420770780203,-128.073087090283,141.232275873002,81.4217837952414,-177.110372343742,291.323448607125,260.286970783641,-94.3991936588367,-369.863072145088,43.1589853658489,350.094885945741,189.176363380645,-307.762480513006,-452.056065348601,0.0878621892348601,10.2356590189045,-349.190385839379,-595.193781786093,-5.84666770652372,-577.984462836062,-100.548762988981,146.313533462298,129.918222776091,87.9995753262368,134.896624640798,125.202881042619,74.2770799645384,119.154976800301,35.2107040360884,71.216008838869,118.227885377961,69.5368158250857,66.9208991593956,74.8784051870302,31.4976606667762,38.4420249914474,80.7366965558676,-3.15583127783127,55.2195097893824,-1.52950868788221
42.8129699070541,79.5184253282671,98.8230890929895,45.9858448151586,88.7644929898365,24.5251252418185,76.6343077099008,62.6171774542343,31.1109395017152,38.4026560511631,25.9759688053124,36.7633393761547,18.7399241263286,26.0872513624318,-11.3907005898455,142.866841404838,56.959839488652,-16.8523801408563,-116.057614705272,51.95996660624,-3.46631425983621,104.749397663286,86.7789301348855,-59.7589554561177,76.9637322365429,126.803801553303,303.591534810641,290.847984888333,102.845113814488,433.087283568618,431.65131438395,169.351820911007,-215.313128732965,195.905754412275,376.333958181485,355.993544278815,-50.622219223186,-283.073913947932,13.748790675658,-31.7318364515089,-165.64941237109,-234.719669103023,-161.40910200563,-406.232916011491,-43.1933307094262,192.173582003745,171.804128016663,117.806057041152,183.39285215343,200.006258754904,142.862511446089,177.354498087434,122.34094162719,132.115551722134,190.115578020611,142.439204658842,147.036561556969,160.733305747111,112.37972888267,133.554639114198,160.39698610401,94.6372499254485,123.839726648923,77.0908363472767
78.0177557065817,115.701615232992,125.092807440716,87.0630981511488,116.411171160822,65.9782504239517,121.707782890271,92.129093009447,80.2108574150907,95.3894008565023,81.3870832199621,89.8401375489686,76.9159455199269,86.9767191078284,52.4797377617298,193.865305569527,110.89062007372,72.2413114855325,-17.0803481655405,144.031766103352,111.022829274004,174.977431474835,223.093067782545,89.3103647908144,210.594392568968,293.139022204578,382.993873831183,394.530670876898,279.101678316319,440.581538875265,422.82255259543,313.885550308826,-64.4268587173904,280.066209377162,236.13254229607,379.364859351359,85.7251214038544,-117.415666025673,10.2807556138314,-155.118425477724,-71.6418135630027,80.239018696395,-453.924209738993,-154.878371924321,-35.9314075151,178.268145793792,174.681271303053,101.838490265188,186.174522641342,220.255212642289,148.141481725935,192.446969504914,143.418267990992,134.721551740654,219.396618844951,198.270381559324,166.943758425736,209.807132273966,142.226839290761,174.646762012158,186.785522715135,149.966320387348,146.520116884587,102.07772222974
115.541638067943,163.16947295803,149.028950638687,128.658469286618,163.57485196427,96.8223496709172,159.26379793049,141.938929767087,119.558317271168,152.069146577077,155.2068859719,122.083993829532,130.778023082942,157.626732912391,87.6433589576169,235.652782681911,132.480838316915,140.639329897794,88.9788189422686,205.224491093687,216.3099776697,207.480223142082,331.69420303554,213.679789825144,323.671956555639,435.711181648948,415.242665785965,511.947907191401,382.356070468531,454.732638957968,396.588361909168,316.209820728683,59.3970764141286,330.981252584859,170.514856591508,320.122986701358,117.830354174558,56.541313052974,106.291900568504,-149.132941296533,-10.9599115765917,240.946845776441,-621.497311626249,124.556714221883,35.6569970214706,191.378964886611,235.738273058288,121.61369311805,206.036032989245,272.012802497657,142.793896208021,235.75148813867,148.637986174826,134.805202713972,266.301521212846,279.271733998936,170.072793580775,271.353495560861,166.973946301876,201.216768257313,225.00396262923,219.936639609027,168.650549149374,140.807733845923
203.572674176675,268.491696645944,213.433850650668,221.849952823113,279.144240783841,155.314722514612,247.15589828866,255.097876413134,197.397542243768,257.218125219747,291.518931570515,174.90273177058,225.940192758719,283.535136406745,142.996840387112,322.040956289956,171.196438328752,241.64579050699,253.16895027295,283.730829865301,362.308586311742,251.962177281554,477.725652380757,397.723693074514,455.240348735569,651.792642473237,444.004150001126,735.467059664179,551.060595056027,567.221063237234,535.050332188962,337.828548858927,214.39814171464,397.009729555105,342.791680329339,321.485469982966,194.277357600438,284.815982222571,323.59813291946,81.2767304476837,121.297631532857,337.55193144953,-488.671263407527,404.445671559739,293.279499123261,292.612435616646,397.169161241536,234.424005906095,307.653725477791,408.266496715228,215.264325607382,364.314699930369,224.166522574121,220.268999264443,384.304416632586,421.76838656839,248.778999747331,403.712686571423,267.624652629804,300.546286353862,344.600959717633,369.906418330868,267.449431060393,280.059349570423
349.310303049233,432.568570307506,333.808365378685,376.466447143283,459.690095667821,266.710057636778,399.431231369304,420.258671760623,329.932593617453,421.245277662727,482.366743213539,279.106061514841,379.798218673071,468.025840251741,256.900275066347,473.102892044781,251.70144814884,401.171813777853,483.60258677598,406.524342066446,565.63475543944,330.07849057797,677.091187662734,665.897561915409,610.081136282424,923.574956671675,461.697331263328,1004.41905884618,833.196757856092,688.337120917974,800.156535488829,541.757062043309,488.35774320258,462.867026097417,612.859427964323,470.97144311868,413.081849369881,601.858355133351,553.635009393744,382.883302000831,352.331915021836,494.105706555596,-174.88732286552,680.788521630847,662.55186482142,446.330574611526,603.931325953613,410.424526991954,488.244950494215,591.167810336904,379.516163307162,555.840006798028,381.236855365812,404.694130106055,553.657990673233,605.581729543903,419.254659946884,587.376376436287,447.55057370044,490.513135323131,523.798537116055,580.010425373635,446.950889664182,497.214043560222
497.409754568662,593.251130826627,458.121998419027,530.843959729292,633.179557633377,391.573183067203,551.904473203067,567.336896113073,465.764336315108,583.487443517159,658.124789684392,399.737314796557,537.542936788871,646.577404425352,384.900952262489,629.528591872297,329.527046817071,561.162817639118,712.534604596204,519.866516713567,759.736861561458,395.433160144899,845.215467701878,919.395915097909,720.342549170776,1110.84651274637,406.910836753923,1124.07007296458,1096.33202284851,633.606084321611,949.556996619059,861.646138860553,949.825787936548,425.996461533626,681.677651835097,635.609301450203,710.845322248146,1084.1960160034,627.591340723525,514.963040251855,593.996612601055,772.440122716145,100.927776714942,929.757543344606,994.332808509325,565.855268534891,759.888966670494,563.247778094827,665.18083456166,730.833864335223,541.796910263946,721.495346355286,531.127258936199,585.472311582871,696.799295747721,757.132839308827,575.664237363833,731.389372990875,605.465801084667,665.677816210071,670.7724311125,753.314695357702,609.580978722482,672.044070437656
588.981166484978,692.562430326823,522.137659686283,625.433328396296,736.467525478541,467.242416042395,645.237283631691,652.376338815455,551.346344995045,684.724582542246,768.170252083972,479.978941233284,637.48459752411,763.235304239455,467.205811204158,723.859736635116,362.757228939392,658.955776803164,862.105978816025,574.753512772952,867.639604333336,428.642683673632,914.640969729917,1051.4116049456,746.58899521238,1128.57847522444,314.37944344716,995.176019156124,1167.62803145298,401.65958559451,804.184916156097,1024.49160232127,1506.4070016381,256.032311394038,456.375972904301,531.625809409813,928.944776267538,1675.08959448779,487.054728620929,373.894950330416,730.417258092507,1113.171927161,260.94071221382,1087.62998543029,1278.20017499932,605.263125497273,810.998351736873,628.044658584989,751.745497883233,776.026843457272,604.222197395139,794.162575377265,586.579155437682,655.176552188837,757.509550011782,820.221836713141,617.326922149258,783.042914387029,652.433946605088,715.807210688839,733.425838872715,827.122732212433,663.987354630203,740.317158054972
610.832363947851,717.617593655155,517.43953806886,650.321055462987,763.004297811408,482.044579130369,672.704013918609,677.712706855301,584.915098840979,717.301666273978,812.908729491184,507.196791134355,671.104935442341,811.117618442194,506.377629558768,749.535660230805,383.573082341386,696.100304293377,903.137244121693,599.515742022275,881.415056110247,482.655497741537,908.37412930073,1050.43595903421,729.439240716805,1025.15747444083,314.413365820537,728.721686023452,1022.38466295756,189.376857765206,451.341689838232,862.073413005988,1794.33197088064,80.4885466688976,124.560599334102,132.736380348571,914.194529286401,1943.86299818322,256.359851968741,68.5655113699497,730.063031771796,1248.92331929996,342.971767996623,1070.095104252,1506.67648592431,580.928075633924,764.696073795139,599.666613074451,716.030807239906,731.324922597989,564.971328601727,763.531672334621,546.673757729353,608.415116248736,730.191800943897,788.294848560861,556.566305825319,757.168597720708,598.659748448607,645.708177248655,720.737264898779,807.315794754836,611.480050769494,729.096708083104
596.395774284102,694.243753982793,494.516145223254,633.592104302335,741.415170062426,482.479151390405,661.838523959844,661.267770868014,602.573277185607,712.03253060262,811.171408828334,521.086765479311,673.701502461788,808.71023252701,542.817072596043,746.858601134462,451.101659163213,708.274652242066,865.018419311544,638.859917479717,849.904274535712,582.374759656698,866.366979550681,977.4942907184,688.408256888167,878.700228220953,428.800110231876,489.287797415758,800.170135305536,115.125954457998,155.4684148391,535.796632755081,1529.70543792459,38.0192244917691,-97.5204670104239,-183.859865605293,670.720928294354,1461.04713639177,114.251149837323,-155.464364045346,657.904111452979,953.164249774999,430.686280674395,846.519301293722,1523.35970198081,542.591658589621,673.377206452554,533.718364487238,605.475255777896,633.113776214836,506.719723872279,666.975671775205,482.208730113804,530.265877043914,647.266294847852,695.975504817357,483.040245173768,687.094876066668,524.156369785542,552.19291923021,661.848914100528,728.398093010872,528.112864075463,673.973619092954
595.295565709923,671.98997485175,508.285795520968,619.670778083715,710.963756662095,512.248874904701,656.050079991905,637.55036135817,635.379055316844,711.427191482674,788.084690982926,563.577063724949,686.58871270562,789.690389788626,601.660585372329,758.864176588008,568.572745909586,729.238497249717,815.093959236232,700.842209120438,825.920705866427,696.923837879434,814.671404232784,892.956393424657,629.063887158611,725.219800378204,577.803065989954,354.152501571704,598.816494583938,161.962861385061,51.7285275398499,264.247594049466,949.2040491362,165.042308158835,-117.344465448199,-184.645826289115,417.491083248504,470.051154122103,156.297074618317,-120.082198758228,572.802665075071,441.598640018552,585.963655036869,530.374468244926,1259.88287477119,533.331188482773,605.37292263098,503.214557257923,524.777718474618,546.378697119721,500.062282078586,576.375486748816,463.978196058714,503.739023058746,569.11985796868,604.518351943087,466.325190507886,607.807837422205,501.536556729211,521.101673808258,596.327545358207,631.35626671125,494.523876140231,598.587316700969
584.339184931956,636.659830952404,513.595511067902,588.010128315817,650.736111943609,521.360745696953,635.711087773659,587.940421372769,636.799241270527,687.767653712274,721.253888111722,588.872936410238,674.402027956218,737.166548553059,635.982776620733,750.932823230708,648.164355699276,731.391225959033,750.758438951127,734.016256390269,781.564228943773,772.723666446552,752.908033220995,773.569291537403,577.464082114031,558.87248043227,705.903035387157,295.623027944742,329.577518883649,280.915303275763,-9.09418266191802,-36.2423331695305,451.609491571914,387.231473641495,16.720886614246,-164.304276972094,274.450930217409,-353.230797342411,312.657271937775,56.9845117102846,425.201150789096,117.53376091127,698.689770201412,271.243958572288,842.961404429,511.48973066616,543.92460545342,482.844914001902,481.578448116404,471.135354898792,493.267139071074,491.168375986146,460.021707182534,486.663817079819,494.963239631726,502.931610902739,459.404164776707,499.782681846882,497.541186312203,510.401303087713,511.796383045427,500.39533355699,487.302530827852,486.795813846268
487.33174321413,512.237089462879,409.720542949002,463.693552865776,493.85754873629,424.417685737288,522.755938002615,440.818757326986,532.477485554132,561.370044248843,551.45005101584,512.621317936659,558.047391510127,587.184589528111,572.250767639652,644.188741586464,607.58830886252,642.240251040164,599.821336374843,672.592489650209,646.64994722877,757.993985837637,656.471063472547,573.082617950422,529.452604192084,404.357854491461,771.663587144641,276.015178303866,-24.8438954224145,404.16608462668,-141.755986933887,-441.602410354125,-5.97966788614867,552.004467232051,160.839236265738,-366.757719732578,67.7044692024188,-776.040704357555,400.056532404706,110.834823455032,130.825085020469,-22.370429468903,583.274399542311,46.2093660835739,379.429745669072,388.888199615064,389.108138451825,366.863142585132,355.98584953873,319.259553590107,378.823832131648,327.884940554721,368.548242867587,364.400121783643,346.92890014879,309.335488465751,351.038778809002,302.884940818955,407.039669852047,401.599421727935,345.608903994111,282.273655176375,400.106850029925,296.159500517021
312.299015247911,303.963375105209,211.600142941142,258.069236178666,259.345215525062,249.632247425438,321.694641706798,212.918792177842,352.157933500468,346.169115505377,304.936257981645,353.382023836706,356.815614850823,358.994085134888,423.176307686379,460.226218804866,484.934780639882,469.332224249466,384.732014349046,533.588221729511,457.49297970027,653.596957630291,543.734734822895,369.940246745183,474.536815659531,358.467808157962,743.336627752888,342.952419175408,-183.982710701762,485.962055752997,-139.889219559207,-611.834054483165,-579.474860608333,551.747803499264,239.476796198324,-465.388267771864,-278.65759945188,-1030.72967837249,331.201044151816,37.7036077431376,-229.977891138682,-263.075556450643,290.301553034125,-255.317180377951,-61.4096620388961,178.172213140679,126.474322381862,144.57164202211,111.262520421571,76.0407523806723,162.492951551249,81.9770467106221,175.881868239103,135.587658223121,112.095508123683,39.8477936341803,131.435717930954,46.5578334810384,209.201189528367,186.216495776341,105.234879943016,14.157734595335,206.516999381847,56.8534917631444
149.01418786593,112.115549814886,36.5585866248025,72.5188988054103,52.0599665001261,102.824914500739,136.512308702066,15.1768127647786,194.058258519009,152.802060697925,93.3385362151068,206.095084883068,175.253607619518,158.629653358244,271.544254885589,304.55826771682,376.21587960776,314.774655130595,229.35750599318,393.066623367197,329.948707302598,510.083542087909,470.975358542442,299.454051229899,430.707732550376,464.359691854438,627.109894550468,516.670722408292,87.4153809422704,517.430399818203,172.035940744569,-204.439923925879,-907.772319531419,418.99197945783,289.400407731485,-97.0493354997851,-425.134564653726,-1089.37530829909,177.318113375288,59.8574839928167,-376.048026643383,-542.997138953872,91.7601438594623,-529.158514141917,-335.050215637348,-12.8006526355126,-131.0436281664,-70.605366349101,-133.792787549429,-156.817493226534,-48.1139083145313,-149.529847329596,-24.5218455243254,-85.310427189835,-119.627710485866,-182.996487146104,-92.2923380712018,-160.033967767349,-7.38797754857171,-25.9971308379321,-120.661238264394,-194.817646594281,-6.95404807828045,-145.635410938938
52.1026665792878,3.93605112212765,-50.2403738995592,-31.8262389331895,-62.8617497366493,33.765645930341,43.9002299055201,-86.7210719242183,108.441423571166,52.5332781714542,-15.5158306304598,123.583441547983,79.7725677174386,51.9913883346498,180.696496937166,235.446525729415,320.449364217168,254.100003772135,196.500987561938,295.419735104882,308.227454548629,374.796478710025,455.632129439156,371.437197118738,405.252368500542,630.119378961969,456.225865307549,686.086171257866,602.103267789881,479.198996744429,571.88450569098,560.657427717524,-524.816169252609,256.193361349275,310.931649341881,529.499126758799,-38.2385385946796,-664.19127798488,18.3125098031433,237.277209109279,-108.993194941355,-474.546307299876,137.141184289216,-506.476115413263,-368.534140588956,-112.248028165038,-286.345068023511,-186.252398888166,-273.659520168169,-304.888633820692,-171.303044961659,-300.440469684681,-148.816321327689,-213.181483119422,-269.229174708741,-299.928247831243,-224.703825327894,-267.102609827584,-148.847932450617,-152.363073659143,-262.961057719922,-299.306791599238,-152.312276042127,-273.121504120038
-3.58361993954567,-49.8014288135797,-87.8558630171786,-84.4736553362133,-114.065111154976,8.51863954519886,17.1792202264267,-129.11634925623,70.0227556251253,13.0622845729191,-57.6950105777628,82.6630585222296,46.449225119331,8.46994747209168,144.435552826696,220.197902949485,282.515669467574,249.978765309324,216.819371247425,228.823849445375,322.6778554505,265.227357459679,442.842487498646,457.306226607105,367.673056395706,711.90471784365,277.072917850412,725.309685704486,951.886624900578,380.900576372066,734.515830809195,1129.81441841378,326.70784041362,137.942664891345,274.117267411955,938.23204144427,655.091891106739,114.035469958305,-99.0351210923003,430.33464585868,394.01215402235,-5.98162506747405,313.463546909726,-164.072846949245,-294.327886582133,-137.484818294386,-346.346726880609,-214.249087832417,-324.126432867371,-392.884406544734,-207.314068381164,-385.671964993644,-192.938997306244,-259.547732941349,-338.306978276703,-365.588428951207,-264.900960535436,-318.470917197443,-193.507733734556,-200.713761774588,-323.176144832543,-347.614293065339,-214.482943932566,-345.861154015828
-48.2992724728058,-95.6838407367857,-121.079697251269,-123.629066092815,-149.179519747797,-13.7718745081606,-6.42200237267581,-165.27348758667,38.3885387731716,-20.5893234799683,-89.9956605901053,48.7286210130463,22.2120327110314,-24.7426888118344,116.793388366705,205.384112776996,220.752868169379,219.920752660941,199.190603833462,165.481879438257,286.488966938873,183.724915943588,361.054623563207,439.313543980862,278.611257462879,624.326714610804,135.893152370392,604.365216948582,948.507076823174,289.260990015414,633.576968233295,1221.90661323742,947.510192587558,107.200548077442,251.495866705865,967.171378436807,1097.71739719723,748.539018586321,-84.5212363118563,563.078494868593,747.565061199554,468.260639923878,452.01319808733,226.500121045493,-213.219314119867,-126.308244089468,-346.420885624083,-198.507917893917,-324.603597453696,-441.947621178042,-188.40633251589,-416.841701750311,-184.614775677525,-257.2174851915,-351.425354087086,-411.465793123634,-252.782096190716,-342.850422684994,-171.302545320407,-199.411830263885,-322.510093252902,-371.39857787644,-214.358825508596,-368.213336205592
-59.561067322475,-117.816625397329,-127.079185231217,-133.471671186018,-162.277650790698,-25.004827942404,-30.9342509822904,-191.27516431234,16.2591053026957,-45.2296379744269,-107.647664301124,31.282735046621,2.50588556188947,-47.1190130297701,86.3713404004338,187.823727675605,145.797355814425,150.80756130466,142.13844122595,102.217750503531,188.700755567175,136.64638453029,208.344035124436,310.685087913628,138.780242486028,391.883944888716,56.1728976786745,357.821016931081,704.029281627478,223.135708143254,420.681463750934,950.888065044317,986.237392766023,145.803635086806,288.359766812561,766.23866389966,1023.32777331929,1006.97568863977,79.9469307259774,615.783528953236,771.156621140474,648.493812400774,474.136013877801,452.823159243633,-55.5182643306193,-80.6632899820247,-282.137458906637,-146.578671846686,-259.903659605606,-403.53423741654,-127.21747987374,-360.273143751892,-132.175240153892,-194.045523677467,-301.102005101481,-379.32399452118,-198.728721724043,-300.998403284098,-113.875952691966,-142.940467356908,-253.348153348422,-327.696159633339,-160.414970728841,-307.857396717877
-36.3748038842228,-104.490598570769,-101.212742878674,-114.019719137026,-151.030866594815,-20.6279686215952,-42.9354212595704,-203.393125044167,8.76974684471374,-54.4616149640603,-107.860812040461,33.0481816784927,-6.50983128937495,-57.5378078161134,62.288458341737,170.101059043691,82.3443885789086,70.144848427391,67.4439134261582,41.1833120883767,58.311820134553,118.0228930684,37.288650471212,114.183233758486,-12.5543331338028,99.0442666676427,32.2042375522898,47.0757183576536,365.297192213882,123.167586766779,148.11793394217,509.82264364935,557.772433085736,153.897888937491,246.514285696989,455.446858263862,578.871990454467,939.591925472866,213.970676805407,480.116441439578,559.189726137564,528.627398689991,340.821706995296,479.488207278906,139.981158322376,-18.9350592032829,-181.975665334412,-82.9585206492161,-160.038244799622,-283.603455757173,-58.4506589128926,-242.343863232713,-71.5957532301123,-95.7517245903615,-210.782313550303,-265.994110037352,-134.199554322021,-197.911319408859,-69.0467642279024,-59.9522114710174,-140.807098508732,-215.550203026835,-94.8701062649,-184.861793950366
-23.1712845511579,-93.6653345215749,-96.1369367689505,-106.078859055638,-151.65905240391,-23.5501026734454,-59.3495276156623,-229.036664952504,-1.46023759864422,-70.7660861229328,-124.375719161124,31.2620470031359,-20.5964235597824,-83.6394882438788,37.9858958279067,137.022113400634,40.9309178965195,-5.13436891178548,-26.4171082623392,-10.4931070481984,-73.8183654086436,121.408115338527,-97.3674344659597,-100.588571626785,-119.589381863445,-163.028923565556,65.5332268477863,-204.010141263621,10.1319424809048,9.07194285356792,-145.913209805948,49.9397359056964,-31.3898384652466,110.497188829564,58.1031028607568,91.5418389177817,72.4301579641312,600.608982264911,187.662482698724,146.870276691638,265.787834433617,215.692817618216,84.5958148537858,329.772504229465,184.661478809563,10.7569501845117,-125.711715081605,-61.2608990456063,-112.557943448225,-190.241787308562,-39.268202137878,-163.310667774658,-58.9478558954604,-50.8441627623582,-151.754509821043,-177.214281403407,-119.917652457254,-120.517158670975,-75.5776653254919,-27.9476902610373,-63.8445223626421,-123.4705357116,-85.6974234380203,-84.4653516480566
-28.7938244098164,-102.803519911188,-115.070749298442,-114.010336202644,-172.587596246537,-31.8017392327957,-82.1701011339053,-263.305209288483,-8.41514232880596,-91.1273769565519,-155.089187889233,30.0105544621778,-32.7199597696006,-118.846959597171,21.2508688741893,112.185456928927,41.0947231150088,-44.2572118369985,-95.9538374914222,-20.6565357549983,-154.092076230342,161.908230908583,-147.129310515593,-250.745570648514,-127.941851454313,-304.44660525784,174.973577097458,-259.390876296573,-252.696095028752,8.34875127240624,-313.210108062548,-256.769338272693,-437.462764669601,151.486524741029,-90.4766106763615,-198.6222611904,-259.785392284342,135.049588475037,129.885635363437,-148.164508948747,-22.3241330103205,-150.734371736154,-148.444272684766,46.5798845340151,52.2498106061565,-3.08872911195525,-139.082707466814,-88.6932169795068,-128.493053296524,-187.391597379443,-74.0645442252471,-162.778326190708,-91.9935789932233,-88.7352561128243,-155.205593282742,-177.280129859358,-156.513921840396,-120.943366299237,-107.542411833378,-72.7193361438745,-69.7848673905322,-110.663663728136,-127.94551143002,-56.5439993667286
-32.4052102284577,-113.059478677471,-88.0221228700514,-113.656335340962,-189.090683713561,-29.2059845137772,-96.2251221094149,-273.259546471758,0.0297467444692819,-96.7855039328592,-169.274936890497,38.9528216546392,-29.6002349074419,-134.484611486623,28.1764326447912,120.707067012229,78.5153977903491,-32.0837320439436,-95.2739583389495,13.7567736578961,-156.246716529658,227.341725574754,-114.523937285207,-290.001069265969,-52.2793227716924,-307.58917975445,327.57628036971,-140.785513532231,-351.081135164861,141.718586858853,-290.888368372348,-348.040887138878,-512.924501291088,332.567004329727,-63.528164492251,-334.053590702925,-400.781370923035,-216.493929618917,170.991195696627,-228.383900998923,-285.9548040098,-457.024573264578,-270.001815057718,-297.495606744495,-130.355314973496,-39.2143856581475,-175.513071510524,-124.98076222483,-150.49527849941,-232.322552493004,-118.976031104253,-198.547544524168,-126.952587047521,-150.930661769311,-189.749379179356,-229.219488422572,-193.477095869833,-176.533677667145,-122.130947996865,-140.737070464778,-136.950306858281,-159.446847826303,-155.891897481492,-90.3666620151202
-39.3096374082252,-117.742536260517,18.6147303782367,-111.235335352048,-194.887691965039,-26.4611586191121,-106.618991765656,-257.08630960152,2.21081143574697,-95.7387242298772,-168.76181917534,36.2189944476437,-29.5756848309593,-136.460795688385,40.8651073589111,120.633053935949,100.514407754585,-11.6271268310798,-70.268849597806,37.1771196372141,-131.040260173715,256.57063192001,-76.7365745802134,-274.881047784374,4.07084574465117,-265.353732938121,424.715515524922,-22.965749270933,-350.326460543673,262.206440102542,-213.816156716086,-356.78117781487,-429.732136342053,501.432733370018,23.5578444786096,-388.656672048766,-471.053544372692,-373.298408459454,228.667840071255,-189.669462988309,-521.61058508533,-661.002956921045,-365.905023360653,-597.866853459681,-320.815694681365,-86.3212541321652,-195.830961877137,-145.216435771264,-160.795906070481,-262.027326415186,-144.09480857071,-230.030098584162,-142.677364231079,-180.092741881502,-212.938405216682,-275.530874459321,-208.336250941754,-238.599236307696,-120.391120292722,-167.981513657126,-207.602753887422,-221.633035585059,-142.895765348827,-151.681709661312
-64.077502858986,-126.426370103541,140.617681321494,-123.965970925663,-201.99477094135,-43.3184603467728,-126.935558193268,-238.329642706361,-23.896195357588,-107.463736453051,-175.288839105467,2.88283862647236,-50.6238375906894,-146.294182946664,25.1214665101028,64.5604852570695,68.557050012839,-31.1079594339256,-91.7389102110184,6.72457496130916,-136.136057372924,209.845068755828,-97.0299804055657,-277.155962796502,-33.6342423289372,-262.795608891239,401.128426096534,-7.78240386259786,-338.174912699186,268.232586010549,-198.415188951843,-398.382137381113,-399.34201779882,528.540276909371,51.17027113225,-426.304003073495,-508.104083197851,-442.866661906544,205.969746237531,-156.777143453556,-675.212725957823,-716.764924791366,-505.182460027843,-731.120583889186,-524.285982459921,-133.446571978874,-196.922152382161,-152.088970010488,-173.049082360426,-255.74543490325,-150.149982006359,-241.028822402875,-148.696836642909,-168.830680850643,-205.523368810697,-284.231344645026,-212.181575663077,-256.643805197013,-126.470146960353,-143.623907822234,-233.293890801422,-243.155564468974,-120.590927718843,-193.010567543372
-93.1667238037479,-134.329717897789,186.35189314192,-139.017537786649,-207.567857497087,-72.6189565338339,-147.410280935268,-220.908151294184,-62.3880478329049,-128.525370790805,-185.165266901418,-43.5722790160658,-79.8572359739311,-159.081587341219,-16.1657804673451,-17.5997877297112,5.80886562149858,-76.4663114993638,-141.542549770902,-53.8200286518209,-162.579925819177,114.769322878368,-148.5962336078,-288.445175275126,-121.920563042571,-274.410171297735,287.960435933734,-26.547342230776,-311.459703383113,222.098227664739,-182.79342119251,-413.625890374961,-404.910107271966,473.012381963392,82.7586853510473,-375.441027205765,-439.027525169011,-490.659825073236,172.17053702395,-71.5367858975686,-654.80815438022,-568.163502446926,-580.570986896465,-624.734861602401,-662.2852519983,-154.295539181171,-178.703073553545,-145.297201947434,-170.132969497362,-214.962260908363,-141.336891118607,-218.158515803456,-152.474378345227,-138.811621854982,-169.129112760622,-237.752524581329,-209.828567549903,-204.532399595741,-145.593790303911,-110.444788094927,-207.916554688482,-190.998024754559,-118.802674739868,-174.017035238839
-122.029041152753,-147.386807417746,117.973152126312,-155.369925819758,-216.226946491255,-105.16691779918,-166.499750426857,-213.913925189101,-103.210426859548,-157.604843610549,-198.179656642861,-93.4075412836073,-117.376829327039,-179.524948468563,-70.3650224440633,-90.933497336777,-62.6299760866495,-124.741068083713,-180.154998521784,-119.301162812968,-197.502888807851,1.58424987311684,-196.370090854499,-293.396598978898,-198.539085034321,-266.836123271474,143.898673829398,-21.2651304461936,-261.118555237262,194.767251982844,-89.3477474185445,-340.010631095129,-359.61134949867,414.405867025779,178.780405957462,-203.333817854464,-268.70940317034,-494.102599742677,198.869568414785,112.484387979092,-467.610822801803,-304.722447464339,-504.380031333843,-364.904083456384,-687.405000569817,-148.928848113932,-152.729894672098,-139.459908985968,-151.697842183294,-162.10734917081,-134.500248890863,-178.233462899184,-162.641059560556,-132.130012629643,-136.150168799,-159.865618182372,-215.736806904173,-135.391942640628,-179.988485179004,-125.995132890012,-187.604103078798,-113.815443182796,-152.783196844723,-126.358733753905
-181.951357788402,-199.016374103001,-28.4929019581272,-208.793198379154,-259.039056724114,-157.271945652238,-217.091006848903,-252.410652039564,-169.429630110512,-216.416463195104,-245.934517743787,-171.403857718775,-191.73032568261,-241.989779829765,-153.986753134449,-190.639679348489,-154.024056044676,-205.287843844264,-244.784512600019,-214.880124852045,-274.756160195992,-136.895555271374,-274.560759200593,-342.971995157561,-282.540100275543,-301.000161257479,-14.6913955025276,-61.56568050544,-247.218464876142,138.950485546155,4.93504769558544,-257.398908530582,-306.655123506456,313.663873948574,236.082295746377,-46.7484919800212,-122.346885971737,-459.483329268491,210.839507516561,251.228236678235,-248.622226791106,-137.077516511514,-377.73325513093,-138.778520086131,-672.820941772011,-155.682675116601,-156.556264873247,-172.10221557198,-176.104008419764,-150.402971219259,-166.048411924015,-176.797530231996,-199.26624621066,-188.498328972086,-156.713494871894,-124.700961150196,-258.738077593609,-145.229748208484,-242.026089428151,-209.666525531724,-239.956537638559,-114.647696528333,-229.157716057016,-142.548517186287
-260.174679861992,-269.912637787914,-154.788379268072,-281.426141629884,-319.416559086737,-216.557573116561,-289.615168906216,-313.723949757985,-244.002395628742,-283.58861520673,-309.389020728496,-260.73234282102,-278.228064012967,-321.664935691242,-246.684380778002,-318.269105867729,-259.025831896905,-311.239793438379,-343.657886189867,-329.643247425458,-377.654344458046,-273.13307824557,-381.451516625791,-440.117175683147,-375.618174480689,-398.706213413716,-167.871732392856,-176.157151889381,-291.283955582919,18.252213961217,2.11757235640944,-226.921235324297,-274.070707080952,164.444222322689,165.552218122572,-9.98496989458238,-33.1076658919818,-372.991273257014,150.934107493696,230.041472899607,-58.347315502591,-89.4884747860054,-293.359452471402,12.1431732279448,-631.808732426811,-173.242116407164,-184.566400242474,-221.140022488774,-243.700062962226,-184.845386669278,-216.975344980888,-213.648520789795,-237.818677065442,-261.911139312199,-210.265367732901,-149.108773281758,-304.574723843597,-222.57192042435,-297.173744826642,-289.477411359835,-323.316787633066,-200.286197735968,-294.662979353644,-228.888140541122
-286.186762019946,-284.88749743563,-189.222159664935,-294.551661574965,-324.647106778278,-235.243077778381,-318.403311636861,-312.716626433521,-268.372884945177,-295.905893798756,-311.178355576737,-299.199887832184,-303.51537913938,-335.656686093574,-285.796905329771,-394.394818632915,-321.709736424467,-361.115988295531,-387.021334025366,-386.285171220667,-414.62303477259,-345.908447332797,-420.730482918375,-481.711670234068,-398.762019174543,-445.042055501656,-275.04111607358,-254.260919849879,-312.884406963031,-95.2892268607363,-59.6036583967724,-185.851920832058,-179.581834249469,62.1159305426628,41.2016778453672,-31.6745468769796,92.1636024993306,-166.136796128096,86.4321346454401,133.507539398218,169.749672281948,33.3912704630361,-197.677612529372,205.628666902748,-459.440984853489,-151.56912032059,-167.418674261272,-202.347123352823,-249.593643407186,-188.839731889269,-212.22559737335,-207.719747731197,-221.138132804748,-249.899333406445,-205.752313045453,-149.397918231665,-277.262509081845,-245.983510167057,-283.020841720722,-269.350748567142,-318.274618035472,-260.20768653029,-272.925062903654,-275.012694380359
-226.38691064717,-213.63858731096,-149.821901210591,-217.98773267842,-239.581397659602,-196.189246026579,-273.934428197956,-211.115248292794,-227.268276335713,-234.886150424921,-228.661521991697,-272.126599314563,-245.904478141895,-258.104282998436,-253.527743017106,-372.340085268028,-306.349840734926,-307.626622116168,-314.371894813418,-340.594102116317,-332.85215534373,-338.098315366043,-326.470973267563,-384.426927695218,-308.466804251618,-332.719987431605,-334.134790764121,-200.100827123322,-221.58194975058,-142.226008265179,-75.7814236701066,-72.8945759276158,5.24088253137253,25.3540331919472,-27.6289980908785,-27.2375589201037,269.832323580976,143.005358174556,59.9452675382027,78.567671972096,438.384590865778,301.132565250079,-48.2649812252316,471.268595403544,-138.782191212518,-66.9289522813288,-53.3528961518283,-81.9263205040224,-120.951151393856,-94.2796698355305,-123.976138063997,-98.7389205649107,-146.638509002829,-128.753436422627,-95.4307668734723,-54.2363309859926,-174.017989412172,-151.211401425409,-198.072727574509,-152.259955677408,-193.02798048519,-216.593201063348,-169.075186039863,-209.810966328314
-132.024950985049,-111.12739951437,-98.1720587943093,-110.486866077658,-117.749018150746,-138.117951509468,-199.157528415025,-75.3593655826865,-167.067334187388,-149.023044045557,-125.115803750081,-231.281097752004,-164.310394655197,-152.402314453832,-198.076760905528,-307.447404871273,-244.768751525911,-209.537634758025,-192.101414947988,-248.697194569294,-192.170169293017,-292.439125993543,-175.830612955302,-199.305973266936,-188.453945198595,-127.593546124011,-392.167847054064,-78.817029992707,-29.7522954582716,-177.592641031284,-18.249808577071,82.0480379332363,190.137504300076,-54.7652683725991,-36.9570413029034,8.14938813520081,398.6458295131,404.430951840544,15.3525648491192,79.3104051538337,634.306682738951,530.756311900492,94.2329612761416,679.544530542279,178.420847431162,36.6292046455403,115.643062626028,66.0514503091916,73.0912445600823,68.9610823682044,-16.1822778176844,69.0023134192057,-75.1868870024638,13.8901039944021,61.4517403929935,93.8981941298297,-73.3857542477977,-6.98975685519419,-110.55930810314,-35.2084923121791,-43.9350742048525,-109.362491879298,-67.7471048883318,-93.6700603432022
-92.9676434898629,-66.1964927134215,-94.0438988353104,-61.7041412915515,-58.7897281938371,-124.236783218077,-164.131309201011,-23.2117377000424,-150.37830702374,-109.8308675944,-78.9697119230951,-234.406496882749,-139.003736997587,-104.714954901549,-184.880472489467,-297.997611236201,-217.628125118646,-174.270430525695,-144.105112042145,-215.722175431867,-119.817532034136,-280.769535491215,-123.174544381489,-81.4830373393097,-172.757253282379,-22.1152049047708,-495.263838352324,-61.1576315974725,115.848903133943,-292.067542220538,20.919963720641,189.112302548753,289.420375455071,-239.90813353186,-59.5368724117091,27.6636630596272,399.970776890668,489.844319813809,-89.8995744014927,94.9471335065044,675.470555693688,534.112127601068,176.160582531015,712.830310003768,333.825548922229,73.2252361472136,218.087566230683,122.543392959188,180.933451223973,186.608838536458,18.2287498913816,173.688322758997,-65.0979933979555,73.5691139062208,148.948079783811,175.212121074749,-44.2947755578849,70.6350675466146,-90.698200632363,-1.22860763993743,21.0634686038101,-34.0611058022687,-44.7704075503247,-33.0277302801569
-124.216173062951,-95.4265103126628,-145.552887267564,-87.4221686148277,-85.0127506112274,-161.731811772101,-180.897905837618,-76.0911704808657,-182.745930543565,-133.802277328155,-98.6111833674988,-274.143195653597,-173.229665678937,-127.994870423903,-220.904664505402,-358.36649921021,-247.978713057612,-221.015087723032,-195.065864526077,-262.699305703334,-161.198469215801,-332.553764976643,-209.115660689596,-111.079364939926,-284.716773085922,-102.459856607525,-641.59880249785,-216.129515492465,82.4547097365149,-500.765017849613,-64.0810463428113,186.712317497805,315.211004024752,-468.974784827719,-162.694887082237,-3.93314401197155,306.910881417534,443.727650077603,-221.361738719003,85.0096078974307,604.838019365458,342.834830441448,235.799791775141,605.772297070693,327.181329263306,24.5637939207606,199.316480945663,67.1890756872915,152.628182918337,202.517119017178,-22.2949609614909,166.925289017853,-97.7052509372875,47.8865364887991,133.862448681623,152.805751573916,-63.5019898862943,59.1128333397984,-122.488380492449,-25.0093472568023,8.35016233473917,-19.3625017052846,-80.8493146610817,-37.8372055893111
-159.596620226834,-137.229930013388,-202.915677915778,-127.069396677662,-125.894406239763,-197.583306177234,-202.216860906635,-141.789098160837,-215.753501249625,-173.211828888711,-131.900573298718,-300.270726547827,-204.395503960354,-165.926911720694,-257.439969385772,-416.1166174634,-280.912566137659,-276.992437751029,-263.603368637651,-323.146453234471,-243.104119077588,-413.997631931704,-338.776960451407,-215.093647900614,-441.691150954102,-265.510236001449,-812.813418696515,-444.4496403077,-95.36129259578,-776.571621307691,-271.842437409082,67.4809043008774,300.460352467925,-695.62829803363,-391.306875820317,-79.7516760423213,172.735953277069,392.876051748984,-360.67724624503,10.7578069338623,473.456045202526,104.716486058801,316.423383597211,447.259669508193,271.037416463545,-33.1194784970439,135.205152132029,-5.7665717557872,81.5733767147377,174.503261898816,-60.9892072460745,121.583699589328,-114.296337665867,7.46240934605222,88.1665646156398,113.366809541651,-66.2066366411749,32.1369480113631,-137.193458608057,-32.5187102643428,-5.99555852049739,-20.2375499742552,-104.527083025095,-46.1961003493453
-168.927617314041,-158.324178492527,-234.115252126501,-147.519033590041,-143.798511385149,-208.990323309598,-209.383565099832,-170.568468210297,-226.611677421431,-195.143990165077,-151.76962728698,-299.105218540247,-213.026706089916,-189.784006664963,-270.191161623056,-436.319800255172,-288.387215253053,-309.211128280948,-305.752217929448,-363.078713504129,-307.545330545339,-486.435257556754,-441.436294857784,-309.59610881334,-584.834340949165,-396.951890662536,-988.60097841998,-629.550713533422,-292.916600039747,-1060.90690327454,-490.273140342236,-159.127754923298,200.814517851519,-910.120192037945,-683.132574390469,-175.462150840602,-44.7685255746352,332.599143793348,-517.405625450306,-125.283649980406,219.997399000844,-164.318521400977,370.747373475898,212.520337534224,233.044427854092,-54.347265725081,95.8729551266366,-40.9983203679602,38.9916801783057,152.101218671214,-77.1620898393367,92.5071256269796,-115.756970702715,-26.9098010171551,57.2157010000874,112.902621611585,-53.9182104597084,30.9993078818892,-129.814222091512,-25.5226422054332,-5.54357823997516,-14.8478892617234,-106.88576570832,-48.4201201542843
-167.45520779809,-167.541616454527,-239.525728291267,-153.440366336491,-155.285880420404,-204.926678266944,-213.610565660603,-188.017957322294,-218.190803086598,-199.896392190348,-165.07327339966,-278.669489237102,-214.434683413123,-205.356245715952,-257.203905531377,-433.173496612998,-274.212857069587,-329.138506940198,-334.144365794145,-379.460297814884,-353.82004352541,-513.393639807075,-506.247523895026,-382.771917375079,-681.880979017505,-487.377242772232,-1078.72467368653,-740.150378259091,-430.68672240401,-1203.81682462856,-595.060417280448,-404.363563395207,2.35363030184886,-1014.11299124612,-828.688966326812,-249.109856526598,-337.769288131236,174.134403970044,-629.372256874487,-248.071105134292,-160.127691255701,-509.841038885288,328.710656439759,-151.943263519848,219.707268157546,-72.3302673530468,64.8241497687057,-73.3473418666551,0.638926012572032,118.928914814839,-103.77756922921,60.4648879122994,-130.355885774036,-69.5481472535569,25.0877302333898,109.580823327472,-57.8202988598153,33.2899900133274,-131.82813850091,-42.1024440811104,-16.1934403731058,-17.1376148195345,-114.02015036708,-66.1820267571247
-167.244924369648,-177.733681608489,-235.538635374786,-156.455755776311,-180.14800761514,-191.945445428878,-219.864220854668,-221.865643905578,-200.395903931219,-203.996699695771,-187.172054182692,-245.79407034748,-212.05871980703,-220.851855993093,-221.649406544758,-419.107058581727,-238.375408159355,-334.479765562912,-356.436349485909,-363.114210564361,-389.473770929824,-470.556829114015,-532.708171452654,-449.497306872886,-701.022170380675,-570.276576057274,-988.177018030426,-806.853215841899,-505.782149922947,-1108.96621368084,-586.165562467783,-529.349123507756,-203.774320390118,-923.790609960718,-744.471277884248,-263.34428086452,-549.000532230293,-67.8804718698819,-647.823992772501,-311.092094123651,-491.538551882757,-790.200501802524,177.950500576375,-580.753583637887,227.94176253463,-131.128597897586,-3.73852543046948,-141.829948238242,-77.9081749732743,38.5733375130237,-153.764933934902,-6.78856569044139,-158.157075780147,-116.285748916951,-34.3960613634064,44.3619581238094,-77.3874020200442,0.468669352860879,-142.984703355644,-79.7385702931941,-52.3146344869586,-44.8294104888398,-124.678899492088,-100.615280960351
-176.328542095911,-200.358153769744,-250.370622248127,-174.254180880657,-228.332125388523,-184.006214538249,-232.026992507985,-279.587852681359,-194.251039252728,-226.762086237124,-230.976345903513,-218.331501057838,-214.173457544483,-249.990970696883,-188.923848982091,-408.757259439864,-194.025821221703,-324.640260431999,-380.411224960578,-322.711022568232,-419.379530706971,-375.426178673672,-528.500340817941,-519.689360128226,-638.483808037773,-640.682733812755,-740.991849495076,-826.850453570022,-569.565000795484,-857.971000164791,-559.634885377091,-572.457084718245,-403.227081731159,-713.789215867976,-585.488239317929,-269.111812804835,-637.257572969463,-344.427107978925,-623.340589396589,-351.182238920503,-676.122590051079,-847.935516036054,-54.8976600509447,-995.126664728307,165.388806902271,-227.940561787462,-116.042319917878,-230.016350386821,-188.060107610573,-92.1923302337763,-216.930892863594,-108.912632123746,-192.379478216687,-162.761510696268,-127.887526033732,-80.8215663474509,-102.121124332642,-86.2433158633974,-152.941647187908,-118.881667853359,-122.927828709646,-107.546899201727,-134.418289238895,-153.10015386889
-185.826091186802,-229.642151248878,-276.543103983836,-201.825438415338,-281.445408661428,-184.06603883857,-245.916886870441,-345.212849652137,-199.598546381242,-257.738407554027,-282.977466675229,-200.79330486808,-224.926326503785,-290.985038685885,-170.713196330567,-410.255547686006,-148.981816730235,-309.853550521459,-416.264754646965,-272.488333602574,-444.449088677685,-261.838867376285,-502.98379700534,-592.277256999343,-519.173259691755,-670.846820280813,-442.799584568295,-733.70972871516,-662.123281827437,-557.209040710587,-528.63770368186,-696.52846143774,-717.48045195205,-495.541172483184,-436.813699545903,-335.456987411079,-756.98140469712,-725.977051036107,-575.20784665534,-378.302903638757,-827.553820084315,-845.568748786906,-324.653379609475,-1396.78121540521,-190.368157684311,-319.718195898599,-235.076871247115,-294.634397636529,-274.68832173662,-224.972880505174,-271.812983204448,-210.603366464987,-224.901150901437,-209.051972814295,-225.843739268449,-204.933432228181,-125.313918319503,-196.499435562865,-161.765913160915,-155.125088810772,-213.738869119866,-188.278587271412,-148.252179527972,-217.713234634727
-186.08706658644,-255.539145468366,-275.435831762771,-221.120378992387,-316.709143978818,-182.761395412523,-256.926647410188,-399.982733265257,-205.150609021742,-280.504842305279,-323.830865151107,-190.522732853563,-241.213754094489,-328.588315835635,-159.080551605038,-421.158968869286,-106.000567017679,-307.427251271868,-461.420274164676,-231.022327019288,-469.161692497343,-174.409841286576,-473.322612348984,-658.976900175691,-399.30875932998,-673.438773436434,-212.079266297548,-539.394504770051,-743.083036682791,-265.405149721751,-416.662889437782,-850.824983757993,-1127.58466795759,-320.351898876943,-236.149254934791,-361.57400340937,-915.071512788622,-1225.92744623235,-474.928564577425,-328.544454087135,-980.016636327209,-995.146622532966,-574.348827848473,-1703.08417856032,-921.32937708259,-384.86129561088,-339.857315957785,-333.398749428009,-327.390356874871,-326.516951455503,-308.909754242136,-291.655196434659,-252.291714928908,-259.820732505941,-299.846330895604,-290.957711773982,-155.081560223673,-287.040631311768,-183.877308098446,-207.083979809897,-292.103863599685,-263.891509021689,-177.001998022797,-277.218390094953
-185.53708520626,-273.14284512415,-237.648633413857,-227.735554804718,-334.374305671495,-175.495473880566,-261.736654611076,-434.354891085012,-209.569776915816,-295.630773732859,-345.851857097675,-189.762370844055,-257.542855500094,-351.458670190206,-156.269229246943,-430.956154662199,-77.723620920808,-320.479281693197,-490.424716512662,-216.259694542718,-487.324523077887,-146.247278207081,-450.004061153473,-692.132269661438,-312.470354045186,-654.055622626048,-108.580732701235,-352.257469150567,-722.543092322737,-40.8726666792278,-203.553714141302,-804.368247874102,-1353.51556301185,-195.483087061616,7.79174328559799,-176.911778637649,-899.47451170874,-1557.38007658995,-335.44453820793,-163.890341535918,-968.509034762559,-1126.0010294757,-759.40127396656,-1715.6128567979,-1706.87349047304,-424.147058249117,-428.747857373361,-364.619258344543,-384.529476608041,-406.745889541878,-328.342213997727,-356.964113687333,-272.4679503047,-310.478524987059,-347.173491673841,-351.087556814287,-195.840295913002,-341.626224364062,-221.771992058258,-278.413150406188,-335.64603123156,-321.550889594059,-222.168227101214,-315.418313260462
-184.621268077734,-270.161179978071,-195.609196585343,-221.623317667956,-333.894566423957,-159.781934016394,-248.499405198906,-437.77759443234,-205.166533971868,-294.521197621241,-339.990475958022,-187.577842760222,-259.371942568103,-348.362692530616,-162.94730424207,-419.104312848744,-66.8798994063845,-321.359699996018,-471.053987310566,-205.675129212486,-468.462731354747,-144.569522915283,-403.682076993064,-656.342067674842,-216.860803845432,-562.894147596054,-64.5438161179613,-206.409054023176,-588.056015346745,111.363641222152,24.9324081245894,-536.661422125178,-1214.11985180956,-71.751454865846,203.181354852899,136.441854863039,-667.25954381287,-1413.72499341391,-171.067440424976,33.1884046842141,-755.980106425046,-993.167047391668,-863.765742074698,-1420.00054443063,-2093.95298035122,-418.362449949131,-476.038598184636,-368.31624396247,-434.963606057951,-459.519055752624,-313.0903912867,-397.046640729944,-266.882628633167,-329.91167015657,-365.419675656254,-389.613593737717,-213.757077785457,-358.603245653831,-241.352291254655,-326.900186418075,-340.094721706047,-347.621376500636,-258.362872303378,-323.748101013717
-175.571858602841,-246.972880246102,-186.090617598229,-206.241303334985,-313.482651956972,-145.158764912276,-220.470919484076,-411.487957055515,-190.667241681507,-270.166518490029,-309.357226328153,-177.557534073647,-243.865089606238,-319.404901291775,-172.601568414274,-379.281721368626,-69.9979648091305,-293.84971305191,-405.334109818784,-168.268712664184,-403.093570749151,-121.063910078455,-313.576537676516,-557.813397223809,-89.565518267951,-388.979981707141,11.9355877593591,-67.1030245048696,-414.767661105578,229.583196994025,172.986392705,-264.713783604722,-882.530123609178,88.7086985884411,298.261486425406,313.798264300518,-448.709526578067,-893.249126991692,2.91624710068854,126.487556111177,-542.846876709672,-718.250179508687,-874.745211796359,-1058.99620255945,-1935.08549616756,-355.44772550613,-448.703625123037,-313.241573960586,-422.961380929787,-452.460710063398,-256.612035760645,-392.194738335603,-227.137998778295,-296.987233232388,-350.537562323488,-389.147291834446,-179.808253251288,-347.98631239276,-216.975019363471,-318.57082737464,-318.241204318909,-341.481476474929,-258.400837681594,-311.741889356299
-151.761117932971,-212.463549177736,-197.470721545616,-175.790000478701,-272.640592571362,-135.421232395751,-185.857506087118,-360.772387210461,-168.963535420674,-226.827538608966,-259.558266965388,-162.710335312658,-213.897909582498,-268.082665634481,-171.396698289782,-319.597870244436,-79.8131790168265,-246.921900960524,-315.224937716952,-117.144509953866,-315.650884581285,-85.6452630003535,-214.996394125866,-426.832333776664,10.5224137748972,-204.054661645016,101.493449811265,41.8795181560456,-221.371708506818,302.3545040054,248.071585482067,-70.3601179916518,-572.900313331053,230.206256509299,302.899861157812,323.274043741977,-356.058534521988,-326.802192677411,123.767707183857,110.861254564738,-418.160075296237,-515.222270492097,-752.184596111369,-785.459684397047,-1389.91529515934,-256.871320880324,-338.939213782333,-200.28560440223,-325.732160036425,-361.20487221999,-178.16352398217,-326.817397369879,-164.561260772669,-220.949134258637,-294.276270502813,-332.691622034202,-107.169271313043,-313.367007373959,-155.749969645224,-259.271904889118,-273.347908263138,-309.199535306638,-209.736850275782,-280.967657573119
-98.4271360551958,-151.704021957904,-177.213540167317,-106.671817953152,-196.789799604667,-101.045117813128,-124.013680577272,-274.272449889243,-122.218330543991,-155.567125837916,-174.753039220196,-128.339784741151,-154.75801648926,-181.931974468545,-138.419928723013,-240.806740387966,-78.6558771076143,-185.253151698855,-206.022809429273,-81.7307932459551,-225.812913303194,-73.2010070742187,-151.339095795054,-279.796626066855,32.3955735782617,-80.5110999612701,127.10968916008,65.5297474052952,11.3708489723913,286.396791554919,300.744430939132,151.71636339749,-254.930193975804,279.945370920928,242.131973104767,351.096445266654,-239.146452287392,125.96584414755,152.740092956154,101.220577652443,-259.577725838032,-338.052712409573,-488.35817155337,-517.894592060489,-704.060673920303,-149.719400556204,-171.131622492595,-62.7387991865826,-168.364931963286,-191.025049697214,-87.5816811605522,-194.975650838099,-80.961411898875,-116.008120377795,-181.314445669363,-216.297584292831,-15.8647678251327,-230.910442785416,-67.455588479214,-159.701864372826,-187.382900604387,-236.291994568993,-111.881752305256,-204.937678426903
-16.2811031815347,-53.0198900849209,-115.488495996624,-1.62138668083246,-84.4682445276728,-28.6194448937946,-25.3844771943565,-152.212977205096,-46.7947392026745,-53.5906578580674,-54.2272048735831,-67.2896423702161,-67.088652060012,-65.9509275713687,-82.1661783265673,-150.249139227558,-69.195337204815,-121.47344986825,-89.9038963913368,-72.8436064561635,-146.691319008077,-98.9325846919511,-129.421726678025,-144.454874227075,-10.0720829632591,-37.3841182738976,65.7964768674839,6.74435602022003,188.24406108978,183.302986759772,291.728519004629,377.030225103838,132.989340497855,245.199043216451,127.706577801383,398.173228064493,-16.6843634852012,466.152248758687,127.491054099983,118.805818842416,-46.6660265211724,-82.030410401432,-194.000594957573,-192.753923707927,-92.5118440557279,-52.0649740414311,1.5997798372645,55.3256666718746,-1.52962401993393,8.23744204122677,8.23527942201708,-26.3428969671077,13.9647613968723,-1.9361087412601,-28.0931426028452,-61.311185252552,81.0369361166377,-94.3630818210095,28.7701695832128,-39.0196200941036,-63.076351413324,-112.262052904373,3.55975087311147,-77.019429461963
60.5835990194429,52.6930582414191,-59.3931636536485,95.1561414849223,30.4331994373915,42.5741247476924,72.9622516932318,-31.0484105038085,24.5167011345305,47.8541064732405,64.0745119694385,-6.31659322805507,16.8798003688834,40.3558027333798,-38.4681550502832,-68.9974476586361,-74.2531466716384,-75.5017502239177,3.53888520844681,-77.406482922507,-88.4468605763029,-150.033728244942,-127.787153055671,-54.5295468048427,-73.601679350992,-42.4068420306832,-29.5538548721268,-71.5733782973127,190.405405401529,59.1422228334611,173.603216610973,429.148347682912,461.567350251561,199.590814114571,3.90781484915917,289.070536155786,169.347833998118,659.580748373192,119.699945209374,85.5962993459542,68.1102232315303,177.898917278844,-18.256496101379,104.722904326714,330.598975092074,30.5550677909508,137.057894702912,139.318449776109,129.178824214374,172.146035059188,86.5174672867841,120.712053265117,84.786474791342,91.1175432016214,109.368136800194,93.3327386376674,162.701635999704,52.9091367434593,94.7234917529217,61.4591273656684,58.4961773290789,34.779731069822,85.9233104927189,58.7142841481903
123.557530585779,142.005300460586,-13.6327329496556,169.829342761934,131.742431281771,96.6234792009259,153.814546953173,70.0571946785446,88.9044100482442,133.76065780802,165.162244044341,52.4960455583202,93.0835181504633,128.954351314049,4.4035113314387,6.82074180349874,-72.4563269065098,-24.2789022201774,80.3007726616541,-48.1298546164845,-25.3596862275532,-162.755839494589,-101.084233778748,10.5644270433022,-95.2238063063775,-29.4312488306242,-55.1103941958686,-93.9861232160286,82.3770686953164,15.778719092109,39.8284713561926,281.04586256246,577.417686501008,231.535324991074,-24.2425842017449,38.1747920355922,194.164599203465,674.55819165913,204.807533814446,20.1937966985352,16.3141911154686,315.843333566015,23.5388328355111,277.143581755983,586.43886153477,122.183828220652,247.148674663579,219.595909647196,229.186616939882,290.564709684083,156.860729894017,228.526590621057,135.999061270048,169.211148973035,209.963041601439,231.873003679774,231.462006959223,183.271439414328,135.565149439973,138.946497861968,160.004441203102,178.804043055849,136.993120078696,171.532502812283
194.661183736336,223.100542163192,56.3198971798792,244.476312599718,227.523186207341,157.793011338168,234.418875944528,163.884507801103,167.402109760652,214.712775111735,259.440057114675,130.72568463291,178.120937797393,220.586168913521,82.461835088422,92.4942867115537,-23.2343617086366,61.4876263101374,166.734338348504,41.2463727728467,66.4066826705923,-82.1325255228562,-23.1912022259739,92.3414117288066,-25.7889731702791,33.9047812954786,52.7971942337394,-41.1415182583218,15.5081150298836,93.4019507865452,4.15570255941657,95.6295442179173,502.759893230304,351.397166506691,70.6912068415415,-157.545621067665,95.764544995829,580.562750664659,377.847044288251,1.11255124405043,-114.163971997073,314.813286955631,18.0757478121076,300.374498405563,743.294546296769,231.303581652499,347.198160648183,309.737901944611,325.426497132291,382.033934258727,247.506685802143,318.50223017868,209.873462306842,260.968999800757,297.577983912038,349.350126925232,310.608308538742,301.546095637425,197.451270461927,228.191587472464,259.181481274117,311.920115237794,199.256259156339,269.853348781372
247.133803314849,273.407386289272,117.659864713652,297.48253311424,288.45863016362,207.25254538151,291.34598387595,227.176030998768,226.052011579802,265.030205844369,316.770613164962,194.546139218258,238.416611399009,284.151404955218,159.425619710449,161.164576132419,44.4897630143821,145.283631536885,241.980908038257,137.405841805925,146.573796886161,41.5121728311111,72.016870094187,170.535029785668,109.890782230624,112.006668491484,227.526633883842,46.1283638317396,17.5270335603542,208.27496089899,32.3666803627987,1.08018156121241,380.3851609259,445.505734427892,152.22386895465,-217.05963002675,-15.7031843203481,480.887524888085,488.341595523681,-4.86892263584185,-213.412448751715,255.686037367856,1.55640726671673,232.361538691606,815.845481196763,302.492700985065,402.013146262743,369.985986466848,393.758314802925,421.728419077799,323.698540874859,375.079413350604,286.279325299089,338.964574359101,359.478904941741,407.026032555709,385.169251331428,377.669658084848,271.194339048302,309.975120237877,336.832840057119,395.794950850435,264.52801538992,340.365514420296
247.040161538945,268.796056383258,123.444451387902,300.797176761916,290.969109373816,219.384594490884,297.334453498116,233.915990709695,235.455231268202,267.787065530401,318.244025300311,212.429330428,245.546608577822,290.35572556857,192.896391211004,193.89922709772,91.7702637343156,197.307263970832,286.75109586341,198.494749004714,191.251893887112,138.067746036812,164.885021181034,221.233647560376,268.786925764568,192.749595090696,366.960523400128,161.525188001549,59.4739230601304,275.382483420051,62.8977646541653,33.3846180448498,357.47473041435,431.104043797638,117.404668288732,-181.633157667444,-17.842500394896,439.279638936063,417.195581893935,-45.2239158083488,-199.859710452537,255.650858105559,-14.8168830675748,216.84468882267,809.610480952116,303.680375433864,397.483654711093,383.367331554927,407.305589773027,399.346283812174,344.401312824535,380.838940140369,318.754686071609,365.406529067363,367.79890433461,395.156219724789,424.68090830084,387.565280055897,314.050439306404,344.32176167546,366.007637363484,407.225972590423,299.051967469647,368.221326439073
225.535571393254,244.42703568364,105.093536575209,285.874900390354,273.081621309272,223.207484016072,286.623273943603,221.319206146777,230.963916591913,263.771805317324,306.044572268431,222.118776882336,238.643409842978,281.087591336771,213.718380363996,221.278639523243,138.334702536982,247.806410885963,328.100562056225,252.506035310079,243.770261611274,213.451179764844,274.326411620964,279.504342632905,432.457514147062,307.813680073122,446.909046881418,317.049812894945,159.686901682047,300.824144921528,123.127176890015,181.668759946054,486.491347220067,359.962419133844,34.9803120244107,-67.3817725289071,146.412359287316,462.740491332704,240.048788375663,-50.430310739385,-54.3899747767263,360.252168026158,20.4181205877029,339.160416215474,776.137144809084,283.546460869578,373.249275439395,379.450183029359,390.704139957658,364.30009954555,337.430635295139,369.167576952568,319.836602542474,362.911951623536,344.768199725771,371.658003740188,427.352123496164,373.919246504351,322.804895600448,345.301318601942,377.129291605001,395.006982240125,307.14252369256,382.001671989727
212.522258546334,233.45888331775,95.3686686114288,280.308713211674,267.191547073605,233.861323659061,289.840708158899,225.625178076121,232.140820875047,272.562056181634,304.201719245094,239.682208811156,247.584226506145,288.301526414458,239.192323868518,249.155433797172,186.855825819035,301.790793226411,371.661106570738,305.66084445173,314.259679373977,269.13877013432,375.580703989998,362.981638336057,553.851159892777,431.108555867301,464.968241306884,446.76027383788,299.287388549857,299.994352772082,213.959440940369,358.434612608779,660.765327314815,291.569872105104,3.66676783459589,86.9892303586328,363.400564198181,498.955452673165,101.39274873806,35.1091098731621,125.259696577232,489.483046700556,118.769819787059,499.912280497391,766.631229544477,275.787638487082,345.716084374029,360.852370311958,363.451910607133,342.521810872584,326.699377055403,361.317133295376,308.839557333429,352.332294947387,319.786991560625,365.209299653857,395.424194980654,372.532080832261,304.803134022709,326.37654168521,395.228688514567,402.317534757698,292.179942868169,404.100607707796
195.980482715416,220.964656606137,78.4680081743436,265.936447814173,258.77282024821,226.449046997542,285.319737441784,228.572887766473,219.134686770298,266.90845736907,292.621156514327,228.855395269685,249.328453759395,289.632537869529,239.959581664353,242.053647446729,200.059117501475,319.956539984792,389.869225289572,319.87560178721,354.207333819014,269.175025277994,416.891837806403,430.898062287262,583.582767285884,492.0699067154,407.570056435024,475.348132205064,398.971150465585,267.782081300807,264.742105881999,448.274203329443,730.130457186768,216.099022522423,39.9524669463507,177.149081450651,462.144613656005,501.816840145378,56.3005846183365,148.1450729854,215.548644355955,561.945825964926,203.135725113927,577.308006616116,802.37481153263,256.604958789973,302.750707032439,311.057609319389,324.992770218225,313.871025315806,291.813390466079,339.498872798564,275.277732094306,315.408164982165,288.614503964277,342.134183262731,333.970850945986,359.035609482279,262.556737837536,271.15232067075,386.314550501183,404.468585756649,243.674936041296,418.641660810126
175.495867645349,196.64218430186,73.3386094444923,236.631950990044,238.959831659905,198.664517792409,257.016231291236,211.999477345823,194.909990710287,243.105120319372,270.610039582813,189.978951968978,230.103489151505,274.959910429394,216.886064536537,201.688906150812,173.792646681744,300.640359647841,382.892424797436,294.229569766613,347.612151426792,223.625955273634,401.507453672779,451.974147812711,539.295165770005,483.9655071966,311.128757292874,432.516009623826,425.488705536034,235.670047490388,254.90333290247,435.105775998399,669.86251086925,131.897373435603,120.799926274966,158.924507814935,425.795211812336,481.393194718104,79.3473991352723,214.348080975167,207.945664511216,593.856442470843,209.191996975809,603.464915385356,886.94314521578,220.231001248631,262.522335518316,256.052945317478,295.759037378903,282.461905800975,235.749019245564,302.646688809705,229.45829813225,257.838195605632,249.551564588147,286.773779714423,273.019176288401,308.815541603846,225.169858843977,198.782103051165,326.700248092385,366.33000607442,190.027989154593,403.44931850828
172.714711506411,185.34121362024,152.226974450592,224.177951742396,232.934214793989,182.022080218799,235.87921423217,201.037834236112,188.940768539361,234.856755342312,265.691384982228,171.694455576261,217.660776987225,270.62912494932,206.322299976665,178.227525410944,148.295713240004,290.388182541596,381.453268883527,275.513399621756,335.831174253519,193.938471730661,374.854144968585,447.380506205053,479.659565545346,458.402135715403,249.006535462534,393.207695083275,420.344021003701,245.570508321248,240.874068220677,403.570276541934,565.067377856611,80.4068992947069,214.070738082391,111.418869499183,374.203524386311,454.836463531296,123.791456106006,239.308811463703,188.31795896723,624.312318707409,172.07444219511,653.826626601337,988.991996206715,198.206301204582,257.227666874212,239.338832066057,295.891329829784,281.36379748093,205.429262571312,279.802510427061,210.32300193488,229.772859158052,228.224239823435,234.998288430018,248.768518977288,251.066319670799,226.937814301439,171.744588832048,264.506956388718,309.640428808633,187.075736963484,362.250360706796
182.418598891783,196.661909273332,314.73189681041,237.4381823936,247.610832495555,187.03490069054,241.414637842394,211.671358883996,201.214833832875,249.206648820591,275.919609882264,186.54359789385,225.760200660961,280.023443094075,213.665897283436,185.193303258427,142.905130565576,299.200255269279,389.425414696137,276.649945048126,334.361607564382,199.288158655043,345.81712240337,433.101651198094,426.918927514561,419.281027861438,237.952688431909,347.269568440717,398.710382986492,266.501342499289,228.98590354895,397.003966046482,473.1169705768,73.8343438732243,257.166570520798,98.7015373199312,372.326583442127,395.547043812892,140.898201660484,233.787024801783,205.544623656251,634.942012617542,149.641670051071,688.998316095915,1024.95622966997,193.834822533658,271.571835008743,254.20529819553,300.912509250614,301.754100175674,214.903192194315,276.060526184862,222.974975786778,248.856107763941,236.792104831741,217.142261116002,258.623642732766,225.657066239455,247.607223145934,206.518237695805,251.61610327869,281.753064237704,232.602057357188,320.954270046743
178.121874420814,202.007701081591,439.55744852668,240.87767170596,250.120925013053,191.950507347886,243.346142035074,214.69135824022,200.741696955679,251.817561763023,269.375269619291,198.132993013718,227.460190767621,271.281424147757,211.441590171229,181.697497498072,137.043055117952,287.172428731347,378.483155889409,262.584660781252,305.540162267856,203.229528861816,289.96731447487,385.782145160646,359.272592445958,327.465684313985,235.437543343814,237.63525752459,323.438762634051,229.393646326022,158.404971781481,367.626541512969,392.797504198906,70.5939415652123,201.084653468214,83.5034981476025,380.876672005839,284.472246436475,106.288899998652,167.056419390324,245.119565529762,608.685157154467,139.262171187454,637.998983721158,933.625020328242,183.847257072689,267.751983951079,260.985887250507,281.000107870253,301.443380269237,225.061101842243,268.555597878829,227.846927547893,269.082262002087,252.229448174713,226.022636119016,264.48857586795,233.482574598095,237.618218195833,245.193405373808,270.042398508511,296.442978213612,259.496718054534,305.075714653795
176.49975256039,199.018687501605,443.984517912487,231.264053963802,240.674181509252,203.317288277011,234.414244163659,208.088567614311,196.948586724516,240.929491514627,257.396609823583,204.720669890588,220.237112537979,251.640692572811,206.381176477945,167.208585586922,134.813917687107,258.238483370534,359.172785093668,237.792758500338,255.541807754818,204.241335535832,233.587389102433,321.573851811256,283.256539175422,220.252709302864,230.610903276991,107.500768857556,224.54205713264,150.038420605245,52.7317386516703,308.375121079267,345.24039198813,58.8989424511771,97.1958848652311,55.0837996973856,385.112236842212,177.333321852691,54.814909663717,62.5170170282811,320.150279897885,592.303179862422,135.277802546931,548.31691002697,766.391862313091,184.892472621005,262.337289687461,259.737556604979,265.218969956285,295.040647724789,229.615708914179,270.539842666948,222.318425938107,266.173333534329,269.466125689639,260.886203528281,258.899571457584,269.150722555479,212.467521711655,250.192594236476,287.331651989665,348.148860692044,244.395005210621,331.836753825344
216.280067528925,223.038759277419,389.594430882798,248.85293780535,259.017242153806,251.862146295334,251.184806639806,234.480509336528,229.647069688576,254.741935020916,279.976685619799,240.889421935855,237.700925241697,264.683331603262,232.372325911901,193.756864074584,167.903541453955,261.590131231025,380.521842680864,242.576519475503,244.372665821284,230.482304959481,225.693930844931,303.232246495199,233.290327433621,180.786082325305,234.40299193468,50.7705142459298,195.790520277376,93.2888157371471,16.5203292477963,290.759574102706,354.151776207966,67.7276680207657,28.274649263928,79.2937199994154,415.19854928727,131.143464164092,26.4146237377535,-0.392227682939364,449.622869755844,606.046422677952,156.339551468986,510.102982545221,613.476878391319,220.187311834041,285.83895241715,270.660761170718,284.581280601223,323.413980963785,256.021973142003,305.321957016232,248.536190262819,265.352082779902,302.190921948086,320.901155150306,266.62015475427,321.050600341464,225.714532168199,241.669608921704,298.484065199384,412.761073293198,233.314481677654,383.565949840141
277.886856456581,269.440757846785,366.45281893339,290.364932375448,299.079415687672,317.537203266015,292.007474555742,288.666600966689,282.18522954496,289.533787611779,317.808447520018,293.883426861001,274.772232652929,301.557490575633,274.745611300392,262.275811602999,218.790032350714,294.624796189569,442.081771106725,262.873686725246,271.66018143326,253.10636295407,240.063319277866,330.118622213304,194.742564324188,194.109397136465,210.637206603215,45.5363691303484,234.75557542006,43.1137206360174,49.1750388507747,318.387100482206,373.551612914619,84.3533918791837,-29.448725626676,147.365676924448,442.182757113541,119.256017776038,-5.16571458347962,-18.853136380298,558.129387248736,583.068043932172,182.095972242267,505.273428814215,485.921755249631,249.793414857971,301.043073632427,272.856766990136,293.228893690537,350.366724326769,283.375519002283,329.945828143149,300.322491079212,269.616308216606,321.124544168937,357.127170310352,279.051063338723,332.237600574074,264.559751217567,233.095831142445,288.28575470468,421.323625300986,244.737964147384,395.053891449524
308.278024390833,289.789454882402,374.088335372,306.186531920684,315.844781240789,344.760797766152,310.828340874296,315.047677164854,299.3074839916,300.33865279562,317.241801503127,311.149986773132,286.426445161128,313.049603918888,285.426805499394,298.514446720366,235.457191933477,307.652941902527,480.067597676831,255.724587310077,279.84530521895,226.742695993611,222.264464309386,338.954853099153,135.66703559706,182.843218153076,134.812966286884,7.24273091140098,239.23720779129,-42.1913410514902,36.7018950364902,296.97459431029,351.97103355283,67.762134265273,-138.685630263206,146.788870156646,399.524678659374,103.955206782291,-72.5824593109397,-63.4785636800572,545.568245571346,492.830088373184,167.178622195272,462.020924656321,357.662921281493,233.149943392107,261.026898398838,244.678230333418,245.914147941836,311.792599556303,271.278953281791,292.147003443725,321.200986929308,260.082323365895,290.362431144426,327.875826961479,267.965490069691,267.657242942882,276.260318754719,218.449312657743,247.358801533168,330.962507721421,249.236354916118,329.03392081487
287.843907256908,262.778929127609,352.851307802171,275.28687893595,292.16643645096,314.866390511408,281.298646165972,298.540742841962,266.679702115456,272.349861831599,272.958054664609,275.489408590232,256.147562020181,286.087075514598,255.074745780345,251.060661327656,206.8459869735,280.1353348624,447.665102918981,222.01467283933,254.468185596014,172.145155944176,182.014939206043,307.829153903034,83.4520462404145,140.838196431547,53.9977856692882,-58.7140709312125,164.711930751316,-126.060294515428,-70.0968921129662,179.052534633221,293.408346417522,16.999511695018,-270.681105360433,25.4997527726947,276.572586297349,83.5177967202079,-148.532304973059,-155.944653730632,410.084248413265,392.351383386588,100.871380916691,367.418987192465,228.413793827994,196.42909172673,185.241265421926,210.209262335893,182.581428991621,217.668638936541,228.027712948982,214.789098721659,285.356881027279,240.987881248876,232.604474909123,258.561066875584,236.007631159727,179.119656834454,249.456617624244,196.434247559701,199.436936008727,192.900207117137,230.970384514815,225.053892557348
229.649921592686,208.004710422043,277.404909071934,219.285824391538,237.818052266126,247.729810138005,203.02301872697,290.736614226713,210.145266377287,227.939556596083,217.635367575931,214.496780630311,206.101177866617,237.968376883578,207.347899776384,157.393485900005,157.069510236691,229.197658232763,366.229975715622,181.350568376368,225.463861061646,128.214937914773,155.115457086425,269.162692473154,72.3050281287382,112.260383201957,10.6214660426267,-94.1755093607975,62.9194228993624,-168.684438088058,-206.11780459484,12.9063152697355,200.843755061367,-38.242876588316,-369.087808194421,-149.320150479439,95.9010010629905,19.5889632563765,-198.938351783977,-257.661011618142,200.839776370394,283.347402401342,-9.47827379144065,230.176082531126,82.2741829732156,169.942586374035,112.402699593663,187.553154140032,151.008045260101,122.949744599742,180.568889615044,146.126072680957,214.895773970566,217.566764777737,179.823095744994,180.797590158191,196.686715846598,120.554112249486,203.357118991841,160.698222792577,160.092438107629,78.1563023135514,195.91780580264,134.030222699759
168.834246583196,154.458053609805,192.589831271657,169.582717479068,174.788636056032,174.039779469275,96.7982875538092,336.27144059759,157.42610442239,186.438198048778,173.889884959077,160.209636062509,160.397365793497,186.234452293625,162.399187985917,87.5261573128663,109.880594764111,180.518846045422,289.611578058478,142.993405537704,208.822613948537,96.7978021198227,142.573954356621,245.674578428413,82.0729579851529,97.4798322069276,2.72029330479654,-96.7606289606536,-21.6119964268486,-192.097831330995,-301.225526656927,-147.669620127001,71.7659320204726,-56.2532593043966,-432.903643095146,-302.666446819353,-130.733410661431,-133.982911554534,-219.040291541053,-333.988381915326,-62.0264850219214,80.311901803628,-151.971086594633,38.7231832935781,-113.6756300098,137.508892194528,45.661488119838,152.092625369864,129.705953565869,58.3660370830874,139.2967779432,94.906501116059,149.444209032941,182.264445917206,130.366552874952,92.2054393129929,154.379158416676,79.9464862892364,156.190674437367,112.127428633265,123.335676935358,5.32435476169448,155.669848121,69.9604110004281
127.756356911373,109.317560934621,134.217005517593,129.585737979491,122.248692901978,112.455834953549,8.70879401202243,373.167141721372,112.95615182331,139.663825040514,133.347513937795,113.017990921396,117.804072659486,137.617932547019,122.31698644413,50.395502514843,71.9923687489689,140.848270465516,235.302697251425,111.66527052123,186.040547631796,68.2855856962701,120.891183339021,218.565643171868,77.7709162999391,53.0207846485365,33.2547823306588,-106.89689233714,-112.41251261515,-203.432211374895,-353.007659689487,-299.058302923519,-57.0165948144124,5.39991124052575,-451.093845841197,-434.806399039597,-366.435254325005,-323.123111867896,-204.24635014689,-366.781508621907,-342.440145803006,-218.370886919205,-278.631954358529,-184.759110935154,-340.910362134326,80.2283442499301,-30.5359255739846,81.0788031641912,73.8015154373759,13.2882864962013,102.166624541403,42.895952720227,110.206512709001,133.532319769324,75.5912285739479,-0.637710762335919,114.31280403559,30.0577358932196,116.606625681499,69.0967032221916,83.7780909596794,-40.1889592098321,119.401958713337,22.595609159313
81.8427997854175,56.7327606464129,70.6034418798866,77.0464183073338,74.4813328088507,59.7209601010279,-35.9081480977836,307.648318728369,63.3725616938001,75.2032329135794,73.7438494354429,54.7439128101519,65.9748127175791,84.3593502135803,75.7122023636192,11.8154743424771,34.225271369504,98.5546206853916,187.449618616159,87.5855807397408,139.879828235768,50.6597496011095,83.0893581422158,167.521996964924,60.6387197824398,-29.6450115769692,115.083833672975,-124.154575291734,-230.380363503089,-149.523472870669,-378.27117562937,-438.32374085008,-141.382133520847,141.714782564036,-358.674289563052,-560.353792215109,-521.095772836165,-434.202166663967,-145.307698605026,-336.89405743381,-529.180939806212,-459.253302585788,-320.413729403911,-363.929288355083,-525.768021267372,24.9571353937802,-110.953274260266,2.08636609689446,-13.4849224524385,-35.7774300069079,62.677035049285,-17.9126115334201,87.9667213061476,78.5189021192442,14.890146929187,-65.1221545829627,79.6978567583489,-23.312234545885,82.15956960958,41.7287453842142,41.4120371668511,-73.183634055316,84.4191257615651,-23.6027729840987
26.4084462502752,6.82984798575083,-4.5467654018027,26.9589853601776,35.1106945339157,28.0442507050875,-48.2334406246809,192.7257117056,21.5473288992975,23.2660993448238,13.2017462828815,6.72449248520072,24.5297735005331,39.8001480659582,37.8931736205896,-17.2006876814387,13.5871207975042,69.3824443709138,156.022444514824,84.0321115865895,103.643357790345,70.2287914397147,65.1891190429322,124.338147660745,67.1381770790301,-82.5933040739094,231.72866965595,-90.1808649651702,-306.272707055657,3.55540166361839,-341.74946720359,-500.739313380744,-174.128559066971,284.89353903084,-130.027282491715,-609.686649558406,-507.723053759887,-421.524366683604,-46.1300603676225,-231.039605098711,-514.436240219909,-494.757764485599,-241.992846591797,-435.226371043015,-620.744368682749,17.7546709709556,-162.252952374256,-33.9528662895137,-75.6203987602609,-76.3168366543923,33.427881138455,-61.3462274012443,80.5386851339001,36.5165498096088,-31.5380281803032,-72.980970798538,59.2119019410495,-46.8443787833749,62.8620513431013,33.9475956217544,13.1211064792445,-84.6254835316155,57.7384706919174,-58.1749357644703
-14.6044113840601,-25.8277420560965,-52.4602448013393,0.79991450131341,8.41815217801778,20.9128447497457,-54.2460748431138,126.57404842192,-4.02722071061589,1.98370648393727,-23.7875820608044,-14.2780164731785,2.93470617300933,13.6367967666652,23.0265531929436,-27.6943563528213,22.3749190701343,64.0230158496524,136.559017356275,92.7594823710648,96.1940588497938,108.850074370682,77.3015521221075,109.172914684413,95.6382566668519,-67.6364111679764,298.834882944243,0.273909151367198,-275.404076984959,162.580125920507,-227.000427061187,-435.967860618899,-187.632530148305,333.3544525501,116.068864631179,-512.784435089099,-355.856969168207,-352.728563269903,44.3867407220819,-93.1709715448051,-340.884239884532,-359.39928255333,-74.7235881568717,-409.722773805254,-669.719317258622,36.2996960760368,-181.85542972708,-41.4649651065314,-93.9316438791046,-99.2260040012152,14.4895078282299,-79.273030209456,75.3576793760935,4.50118470464865,-55.9894961413705,-57.3312931166217,42.6320304278307,-39.0386736093309,53.7163289539655,29.227727442278,1.4633065537579,-76.6468123240652,38.5158718916702,-71.5252696285376
-61.0499178933317,-72.1213057384725,-93.1394427690542,-39.1513703079247,-40.3845129806302,-7.64430914082778,-84.2377525980024,76.5977154314732,-51.1723726919988,-36.2173541781964,-68.6874627550539,-56.1569482708824,-40.9771719360709,-32.3208663764574,-4.83313736485879,-71.0637927880224,14.5885272167558,41.466524527991,77.7331890679877,65.6352036560344,69.5000573805636,93.7763494347543,66.2116313140142,80.4671850653976,98.0974293329407,-42.4684977531548,227.558206288947,68.6246350619081,-192.135384903923,184.514871229289,-104.804012878206,-298.84282300096,-202.152567353344,231.792217463394,232.045360444806,-329.745187696367,-188.479469485449,-309.335083755406,71.0299883321786,6.37746745689619,-151.608203177636,-201.601957065266,116.497286526797,-306.518767350277,-721.684657776986,10.0265462301278,-204.325815647079,-79.9330016782317,-122.870967487205,-143.063412266483,-32.1226838840132,-113.05352225704,30.8631452805515,-50.262165606051,-94.5528059776417,-93.646833251351,-9.79515312078145,-49.9092214287139,14.7925793730248,-9.77030413414657,-29.4297995265584,-90.2768734554213,-1.56231158347841,-92.6839719489629
-116.431686336169,-129.029884945605,-154.337084233118,-95.6392341109985,-102.903132900366,-55.7473183912802,-119.878184104746,10.6350478316224,-112.762968506344,-93.7137375535819,-124.498528873718,-121.608264199026,-100.458569781195,-94.411997673061,-42.3152821163299,-138.118991027167,-12.4542177073604,5.98506101073392,-1.17128459433871,25.3856517792682,31.4414987614238,39.2238578363145,43.8905588814532,50.9096104909616,107.08237260647,-10.8496989176666,89.5689596450581,117.112108887832,-105.828767349828,113.569478445285,6.08767145333681,-152.474266930982,-170.891636648213,69.5262265024464,286.010020551323,-140.91188731271,-39.5185182561509,-261.221729127316,96.841060873189,111.368143727197,17.4006009635154,-76.6172839531628,308.801419930836,-75.1807204188021,-693.022509166839,-53.6011375141124,-216.16255054798,-131.788425930513,-166.288931643267,-203.480114827842,-93.0111554141402,-158.447284434309,-33.3437803194546,-103.355100000609,-144.05720803054,-169.854817434763,-74.8358432227574,-87.7846045452616,-35.3142637398076,-56.3237620405079,-77.7241588717015,-123.172716516299,-42.9233927280013,-119.602499527328
-146.108723489499,-153.873332595838,-198.038640003058,-120.963221856131,-130.505012010349,-71.3148104274373,-121.50330091022,-29.7739537560233,-137.654554853843,-119.1600048118,-151.93305653949,-152.021503522678,-120.595396777486,-124.713950551282,-42.2947947880115,-164.27339043994,-1.76089930054144,7.64843226647857,-36.36929332221,37.460259226409,41.8587545840673,31.3195071726137,73.4954895786942,75.2567272195019,189.480359129954,90.2244812868535,41.9047504942196,224.555191927234,12.3138397899641,141.984409948672,177.655257336179,-6.0601895026223,-84.1181628888906,-19.0438683075162,458.776332457539,62.6978413154938,132.437986060029,-165.797860143741,229.62662020128,317.505711987532,219.052762335704,44.6486334211862,502.499479194989,260.887873976099,-480.351606465076,-111.622492341369,-204.011441276254,-157.830250519765,-177.743301194653,-241.259788383182,-125.336420418819,-180.847406628365,-67.822203839805,-117.351785397703,-173.197908310505,-217.791355787426,-97.3341223843711,-125.626725839307,-48.683675961035,-66.4797018876092,-116.153855220426,-141.279903569249,-50.1186210946989,-132.506162977689
-169.06167702674,-167.19043912386,-198.08731864696,-137.170819472086,-150.081681627537,-76.3108981379536,-120.641268447175,-60.5598632258917,-147.024997322764,-136.819476092599,-173.564208950747,-163.243100256216,-126.556210758308,-146.174535889545,-36.5711816704857,-179.933095406887,23.5311815025437,13.0346171769857,-68.1000529965021,56.2550847345989,59.309745696034,44.8094937212617,106.368771281351,103.77857602992,269.86011305823,211.344264709082,69.5245387092952,354.699154056593,144.417091805537,300.868842540926,392.301293291369,117.264063294897,-46.0235668897876,-39.2881600465894,717.147069872694,293.775056059295,286.551258618234,-83.2354918567538,423.529333463205,571.861965996567,429.442212364914,161.848032450045,672.86246187555,528.179829534383,-145.731231009162,-186.412289658887,-229.644066171807,-202.618316605606,-190.645626872746,-285.949350834268,-167.011683918161,-216.071516321689,-107.790446500084,-149.128024424496,-217.836532475874,-255.545116349796,-121.909460757705,-183.347292580481,-71.6905982145772,-94.7120897089904,-172.15905863912,-170.600386502113,-72.6222414919528,-171.988093279081
-193.93998310764,-186.551985086874,-152.232909585003,-169.408788134177,-180.873738820319,-97.6633551523222,-138.526951213716,-102.104495996618,-167.361496643913,-172.859985993289,-204.431875590937,-188.503246038397,-155.224706292305,-178.993468134719,-64.3874391019864,-222.220775431031,11.8473974239671,-21.0992251041252,-135.14152881544,19.9603512799536,26.2725402136929,8.33940988819589,79.5860527177038,77.6686837713254,251.043163173329,261.162615068159,49.7198297999738,418.485128897657,237.089004082068,434.594540502906,544.075479613733,208.403312907544,-95.4236640205914,-60.0545124131294,872.681108647159,520.795564372995,369.9284369593,-19.483196104085,555.318195040889,735.615743918576,580.255865159919,292.169250543226,807.567836702344,643.678261324973,169.42118368185,-255.429510371198,-286.124012881617,-264.322744067741,-234.929386883824,-338.827066862836,-229.98716120403,-268.2920087495,-164.703792021364,-219.197878501939,-279.341045151177,-298.241503495325,-185.060326133625,-241.917999860857,-134.335891001856,-166.745048864881,-233.805756092476,-211.250980424609,-133.30751336179,-229.497333808854
-163.758989663322,-160.900118457941,-61.8755012989207,-160.413659993663,-156.8384915917,-86.2504922297177,-119.979170944658,-93.2301556858144,-154.063432687551,-167.751149160282,-183.352112305583,-184.883605883666,-155.597411188913,-164.961893591041,-77.05882228039,-227.677763686397,-6.34069757258175,-43.2048051903844,-164.233071345825,-19.2664478671237,-3.04399389661884,-42.7932121443715,57.0037254549833,54.5095395552825,200.810876786895,268.91300251762,-17.7139516575401,436.904690226779,292.928816566526,450.392535142646,589.013454455252,289.430204051588,-122.467042449975,-66.1974686767864,853.216669847274,674.411283542793,401.820651431199,122.769855449706,590.6193845339,743.587238965507,633.16779535791,446.116918994094,874.961988087964,694.937100346768,359.535449136412,-219.063576091551,-257.645032432892,-241.280396296233,-233.976297367469,-308.777312897493,-222.592846731564,-246.645122823998,-154.288787470681,-224.670711871109,-265.385351486484,-272.027398935099,-202.907941890251,-215.377245249742,-151.791412299097,-188.905720273624,-210.509799477301,-185.679377085516,-150.032693526982,-207.68854023466
-81.0328519840458,-84.8699686565512,16.9471309526256,-90.3716121419128,-69.4608398279276,-35.1555498640357,-56.3578872433279,-22.4703359894762,-100.608606224828,-104.826561350774,-99.9054057898835,-139.916153784455,-102.144466773119,-93.5581891097182,-51.2099273562832,-168.635907939897,-7.20022299197246,-22.7798709726283,-119.170196581599,-16.5511644335148,15.5093752057963,-55.6067890627272,88.531445109893,79.1794590170237,208.348995567711,285.041146402975,-54.5765646447285,448.644522003765,327.592402323111,385.943938893034,546.642534896854,343.432822370233,-59.1474807136315,-26.6102392942834,704.446141491441,676.862039365366,376.868566963891,339.259700056008,539.083822241917,601.910718318305,561.481760729408,516.416261653767,791.354746434133,715.254800184297,349.276645100772,-84.4159547673519,-125.105753461416,-120.336332558736,-139.734057157728,-176.67834645859,-115.888475745519,-129.25394783061,-60.6934422868045,-123.053828503834,-156.385269159919,-160.161222545456,-126.519239374031,-107.238531250202,-83.6586650938799,-118.879257468619,-99.4305810508557,-84.8076328542521,-86.2296758169317,-101.56938394639
-24.4141518295286,-25.9897254316149,21.0596690552927,-28.2643183979761,-3.20963622967827,-10.1822506463377,-16.9094452805888,28.7932858229168,-66.1230642492511,-53.5836198286177,-30.8212967547108,-112.290744993686,-56.7162220161745,-37.4252608474385,-38.9436102020809,-111.368368883531,-25.4907234541426,-15.4746048972568,-71.4241920815791,-17.4236891888271,31.2719783587003,-55.5489761087808,108.461535432193,98.3160993964565,218.256059219828,268.154686569458,-54.2183431938472,394.805831420265,333.70608547102,276.830786387387,438.011864196313,346.249698744428,19.131956399026,14.5911999621429,462.13814528548,549.74400504836,263.96794108906,487.002932301428,393.247387679101,363.033754368054,396.402088144847,389.304187088343,555.857204167783,633.373179771076,164.252872594927,21.4695342485055,-1.68560317803724,-12.2036239915253,-21.0381343012429,-43.0123840868711,-4.9033040054725,-11.6733195263166,22.9811378228533,-11.6036682261277,-46.3960839064686,-51.9499785534743,-32.640260446941,-20.1615707550507,-6.94409030965383,-32.4774129238308,-7.45389762332785,-4.09333737844465,-9.21438182333795,-19.8592691462214
-19.8816354617067,-12.0217250248634,-25.9111971148892,-16.4664108799645,8.9819439425736,-28.8800053857558,-26.9563844129413,27.962623431297,-69.8089957385759,-48.3231226582505,-14.0083356454394,-121.97859197237,-56.3136048661451,-30.8247177694295,-63.83835291733,-97.3969605180216,-70.3544892142252,-54.1393745471297,-74.5148412370091,-58.5349696507953,-1.7580522990119,-78.9585922742782,55.1073607760415,62.9547894854193,144.361787066267,170.889396278412,-62.9304445083812,218.686692029291,306.761185550808,117.507132062234,282.516757323265,320.826334456761,24.5773935264735,1.85640278551627,156.371828449207,405.193778585003,100.598212175377,461.775002555494,179.282868406634,108.901512021544,236.6714551064,114.853932289931,301.217154846604,434.111976938282,-49.2984350654133,34.971846389895,46.3668172375638,17.8218255178075,43.052603486448,24.3962936727816,36.0083733221749,41.3854244878578,43.8806958337098,29.1144893754782,5.07518773001903,-4.20148138367585,3.19900771329153,0.420695831465312,18.0471988153105,11.5642961197157,16.9759759087035,4.35500464814996,28.9126797783315,-9.58413596948476
-19.3618452549828,-4.02931183755618,-58.2993630679113,-17.8348833605079,17.6854436164754,-38.88640019758,-34.3766278041786,29.0551479640084,-72.7830354760515,-49.3381936587242,-9.80731252759352,-122.232838776729,-59.6637608544591,-34.3467961084398,-87.0865344632274,-97.2946241186553,-103.654399311894,-94.5786867504405,-98.7661656470763,-104.936308944732,-58.0831701209819,-105.28144604335,-36.2249332164528,-5.07375457392419,26.676067724041,28.9303508782105,-82.0428951921469,-8.79044632987817,239.894377921558,-42.4783059896896,108.299960975372,284.461580944682,-14.7290399937893,-38.859829776584,-122.044984871018,286.952233252756,-32.6965836316218,309.860630465718,-14.7256517908264,-101.978939345594,127.264469892477,-143.761663643509,133.078673450872,210.340970760428,-177.325935776179,8.77566007401389,59.8578768142355,7.12157818407987,57.5676272136346,60.6045502760333,29.8437348628524,60.9278856216638,35.9411051930284,26.0236171734641,26.5796914203036,17.5307478660083,-3.05524405893933,6.74557066021428,14.9964884913689,31.2701532205062,25.2498452020261,-2.86924614343972,45.0831882684231,-10.0407224766102
-1.11146763208599,18.1644399209938,-66.3274444301026,-0.629950155063264,45.0884974013901,-20.1242385270893,-10.0266483989252,56.0357760479069,-57.6116999626692,-28.9666166815603,6.97496635377068,-92.4476298771688,-36.966737774356,-20.8635857453363,-85.9692577566786,-82.2121861270545,-110.415040330814,-101.894873242901,-108.592617571655,-118.898320631402,-99.7913403318332,-95.0099959049923,-101.934201486742,-74.8177239939702,-37.16975499426,-104.814581413934,-75.3939048503839,-171.125644049183,101.608006603687,-117.656331285673,-62.4701836476847,195.94777972389,-33.6551515367819,-43.5865543960504,-277.380135775807,121.386887051733,-125.61915647758,153.529280817619,-111.879951432772,-264.862485606196,0.640352749889138,-287.006878428842,22.6480578474609,49.4409787824527,-220.831225912876,2.47546560932285,81.5113333100454,1.3667815765425,65.1911386177194,108.171148167538,20.7099461666591,82.9483692708548,28.5445963125647,28.4311943025516,48.4976019631506,52.1021578555631,-9.6461395138018,37.8713828065361,10.6328589389103,47.4447314179627,49.4449391147626,28.0517410726267,53.931804912235,21.0499533152178
7.31150173653263,30.7237625055767,-80.5734673483867,13.0239052349602,59.1409603127733,-10.201793219328,11.6303677549609,68.3576513651536,-45.5249598038087,-11.9416454220195,14.9742583849549,-67.4965200864706,-18.2658329612319,-12.2559576265925,-81.7849257076128,-60.2796263090742,-114.284977514376,-101.56172287348,-119.257334096152,-113.906518393846,-129.463190535086,-52.1510473717961,-136.290985211463,-151.579685498044,-36.9794257015776,-234.660829751746,-41.7647254745658,-258.851007306489,-126.057339342405,-120.403510449821,-216.032813430526,6.42873487830736,-69.9843911445909,-12.0515298603368,-318.014583842956,-140.920282408723,-258.8867232663,32.515083513488,-118.404481309086,-399.083630619878,-214.945011381941,-365.357059312924,-105.47618823753,-67.6598520055046,-208.171815457443,18.7037299170281,102.654532577064,6.60189086509617,74.4029398198443,145.018700841739,16.3269256293873,93.7096883905353,14.7839367713211,37.3630390749621,60.854376993215,87.290046466844,-12.2369297951727,68.9334230971722,-7.63470765189896,51.2809653502464,62.9687205795696,70.1992882169838,38.997765183546,49.507515285733
11.1205882257065,34.271794924345,-93.1398887757128,14.822626737185,59.7088105025341,-15.6771547919226,16.0405172324143,60.2635765713217,-33.4189914193279,-8.73954500290181,14.6458309920807,-55.4730533614204,-17.6067579719502,-15.9831295172474,-76.4878525493325,-35.337435188927,-113.04213151407,-106.713667213145,-138.452551730305,-101.780348738488,-149.629885267299,-3.91305076952642,-151.96344403176,-222.368205750993,-15.7789241958786,-355.705311647278,0.358664028547658,-320.236177164798,-367.613917607787,-122.195440656831,-322.753107264595,-235.156180685684,-195.201166775746,14.7417916882612,-308.815913545892,-400.422145439199,-462.0898748022,-110.22467945785,-86.7775546879216,-491.380677951127,-464.387063571663,-470.693607220152,-248.033932667616,-202.643696573751,-137.723430161645,45.6194228452615,118.563001979147,27.9796869927405,86.4890331076017,149.043816346116,27.6706796570536,91.090530678658,11.4343724441192,48.0907615508244,66.6528533631422,112.022497296294,-3.24006065046557,89.8915163597446,-24.9009329093229,55.81394563386,65.5980377830712,97.637469330793,16.2384321806214,58.5851184777414
35.1373216542078,47.8259821597589,-82.0882172609534,23.4903846384446,70.1659142566593,-5.95762950066976,25.1571715734114,66.5371263117581,-5.04238352204851,-1.16940070503582,24.2724202801793,-30.0599013596404,-10.9691677333697,-11.7997730383442,-52.0354507260393,-2.05648647868969,-83.7732395767347,-94.6679671099895,-137.645338196405,-73.8792980874154,-142.066361071003,34.5854212101203,-135.370735469605,-244.071187758205,15.1999990716315,-409.689940427496,45.6159309917693,-345.115724698398,-493.922101371246,-128.559494262124,-359.990230495643,-395.931316603126,-366.074081524809,15.9206939121781,-288.010171221821,-512.94029665723,-624.318568485215,-283.396686024628,-71.1445015744277,-520.648740018227,-603.819970300285,-580.018632196905,-341.947835092221,-334.692552315281,-33.6361545811311,74.6702600448927,134.574766445422,62.544263072551,110.227670314022,137.7450686626,62.9400230749923,95.3451054629296,41.4444144132304,68.1570805354666,79.3233706680279,130.596043260683,31.4712674811812,116.823623091032,-2.53369123922537,81.5853988818107,84.4343453284489,123.176658410205,24.3360388835312,74.6726247109407
50.735649215669,49.8877539752802,-71.9549592732313,27.5575820733721,71.2218974403737,11.4786679068724,33.7787574087972,76.3838545676404,14.9677758039605,2.16325225041631,25.4393534646491,-1.46038850014517,1.45252822895675,-3.71263887195933,-24.3329061158046,29.3360913683908,-44.4629492029221,-65.3081677234746,-110.824587633485,-45.7957601294077,-107.703363977645,53.0296970426232,-88.1337477503391,-211.012544784023,54.690309853365,-364.389074157607,78.7228588826445,-297.024349683018,-464.158983358519,-117.853538662266,-344.02912130582,-400.981805846126,-460.159497660328,-17.432352136393,-287.450591373939,-465.722368970765,-617.258290548987,-381.38611222361,-124.038916457064,-513.229699746572,-556.037349478443,-571.551601011919,-353.618745652614,-365.363554644718,48.3141417954815,82.3430866249005,129.302618005812,77.7467217660253,121.724738366876,117.837803826141,88.2578670317065,94.8620949693862,72.7118967162431,81.7342903919141,77.1213640568782,124.573942029288,65.4994281890495,128.101271396205,40.336775645907,105.431833565078,104.036092517153,133.730171560834,52.5357153268142,88.6598181527442
32.1169120024194,24.0280375446886,-83.6073844890085,12.0740566129078,47.5111167424874,15.4725916756946,31.7236192234564,62.6591555217099,10.2572605991733,-7.03480182527333,7.25784938972704,11.3472598257143,7.5904355889808,-2.77013867756279,-10.6912420546387,57.9569975113217,-17.9959703909663,-29.6020253272384,-74.1804219998591,-28.4430001876933,-60.5415800948203,59.4900826988358,-29.0194470660292,-146.883587916645,96.6483788240745,-243.939426472897,81.8683424222855,-172.350385242721,-327.548864076065,-119.562739785273,-276.687136995201,-273.97947793913,-410.033766380554,-79.9347529880977,-311.880504786252,-329.960213324946,-423.234966312428,-298.302134554794,-243.504862087493,-484.871071227468,-368.365952125243,-379.151581529298,-292.852489564161,-238.522312390069,101.036014940683,61.1988695650511,90.0215920143822,59.9575750777196,97.6069023725757,87.3467736436319,81.7625617304092,76.0029938388498,70.2701723875,74.599141151552,47.9774761819939,89.8241003035038,68.8632479329659,105.989347331469,55.9587369382319,104.927144359821,104.622227004527,113.689941270108,63.3737935156197,81.5546848329169
-2.01235772550184,-10.5251348531663,-110.578142652793,-14.9684753600303,15.6144792646061,5.4922626367579,22.0851707399615,31.1981620474627,-3.10482160440123,-16.2926085176757,-11.9699337445317,13.6351684430293,4.77268592949885,-8.21068511873488,-8.49581897086249,81.834348581875,0.0600212219617982,3.73239104997345,-36.6137029714127,-15.3518925405583,-17.3002581795759,60.1188425374045,18.5979283694858,-68.2802913095961,116.663449015716,-101.441381297837,33.9561470240277,-26.7557475384559,-134.579315668011,-195.531756848823,-142.000530875101,-72.9314859185818,-252.895716410348,-168.828712544357,-329.252726889745,-146.280802715184,-132.294334085425,-67.4145370206273,-369.395388450897,-418.236124459006,-148.549237148437,-86.2923853500431,-204.277093005239,-27.9544144603329,167.110386456175,24.5571812624173,28.9199315901982,17.5237580820063,45.5658478657461,46.9048076557216,52.917300103684,44.1472471569847,38.465951904442,48.7603273281557,7.74448179483145,48.1104572901424,36.2750045470053,70.0011755748572,27.557320895563,78.4447962305765,92.2511431166201,81.660200173372,33.9218758684893,69.5361336072486
-53.7242610511011,-58.3527721251035,-169.341398168044,-62.9330936644148,-31.5957576280273,-36.6754960736185,-16.9721826232338,-19.815973889639,-37.8050756288899,-44.0567532633684,-44.2984235121743,-12.0972664531002,-29.5363387089332,-37.766389887371,-38.8108257556459,63.5658409744151,-11.5158701943677,-3.4761696457736,-23.7039935431487,-36.7898573769243,-13.7654318087232,18.3701193624177,7.77633119419423,-9.85741233491911,58.8904660644108,-13.8191451438153,-87.0341216642355,25.3695871803411,44.4210663307988,-357.9033821189,-27.9884371629607,117.43621869624,-73.6550898982631,-309.095595701764,-360.409953281278,19.9553865169595,116.504936823409,171.534493481046,-472.794127811758,-356.004398821824,15.4054978747402,162.107888009404,-157.110254069475,129.393127441807,272.167044213642,-30.9079092315135,-51.0904303440683,-55.6344496736157,-31.0048944682284,-25.4247223147382,-10.3027281488417,-18.3592569123356,-25.5078061980014,-14.1063178501869,-54.0294423365347,-15.8506538779478,-42.5445201980421,13.336015705502,-47.5815539155663,2.76291450476034,44.4722592370471,35.5704219622457,-50.0723807678089,44.5265689600301
-118.014981971717,-117.646945427984,-237.13360639676,-124.178434930649,-88.7670641691135,-105.858061574856,-78.704763872018,-82.1036291266277,-94.155878382298,-94.8596221226629,-91.7827926982166,-67.3709910396034,-86.3086848683836,-83.7411185789844,-100.441787361721,0.507918492228469,-64.1338737092053,-58.346579257021,-44.9355519673426,-103.656956633331,-47.5194647862964,-72.2734037097654,-61.8796204185487,7.98884080830129,-61.5768212711305,-7.61444967397006,-229.47981955098,-52.2005031489538,133.788832361499,-493.131145394732,-68.8775766981402,216.954615816185,86.0517819029155,-476.822997150901,-431.45144725849,76.3121803989943,243.197222551368,338.504896773139,-545.217376593969,-347.879169958373,109.012766850044,320.422558972586,-159.834353740536,198.594521186543,432.68088447637,-90.6093131423823,-120.095756795042,-130.684643734827,-100.40143782597,-111.832324977812,-95.5424914259945,-101.197406839767,-107.271252077039,-103.90285607129,-129.224295059137,-108.044829828994,-139.44457496244,-68.9785424506246,-132.846923989905,-108.728207081828,-45.8232504678388,-31.0528041231564,-150.444241664664,-12.6431037584845
-135.341933876138,-130.929604025966,-200.126762768252,-137.675366618404,-97.1543096488825,-133.156339365589,-95.4779722147799,-102.639813859582,-109.323764911129,-107.675563498724,-97.1847730277399,-89.3999924564938,-96.4013673238257,-85.5281032243112,-128.1292661933,-37.629683688327,-102.3437026089,-91.8592349915958,-53.9092677260671,-147.247248686849,-52.733336636861,-145.906213713861,-103.974046586519,24.6819226015461,-136.798521322807,-7.62262096310451,-299.063694430476,-126.921905169466,144.946778421375,-462.128494771038,-192.471123652125,201.460865346364,223.139042788865,-578.753679515933,-437.507796903232,29.6990528553082,283.248620386185,434.704753508792,-543.096442776112,-314.476005428527,160.736159719693,431.810595416408,-133.592251187316,254.199473387821,648.729503326601,-104.22194267207,-114.653047327815,-139.356910669541,-95.8972921537034,-128.74770793036,-130.058534647649,-130.757881674537,-142.663769873893,-143.176414084505,-151.164156692046,-161.337854187424,-173.468920641917,-121.986294176346,-150.641364025302,-163.197488114728,-108.278214222139,-76.0656167221181,-176.159165578882,-62.0238643934218
-87.1266960429991,-76.3561194826644,-9.87300038835969,-80.9040165811921,-38.8629020055313,-89.8556005751078,-47.6908737513392,-57.8853581101364,-60.4682413328177,-56.2248176645444,-40.1383601758631,-49.4074401429925,-43.2007807453756,-27.1455347525634,-94.6671243023877,-15.3587517013038,-94.5100746062074,-67.2112070925128,-22.3498775033253,-130.064545396238,-8.27462450263815,-170.227918512108,-77.4480292660511,65.9955531019501,-137.018648485915,39.0869764258758,-291.462289108762,-88.7354124496267,129.172588566351,-295.574456341117,-200.548283480789,60.8497768349504,282.91909289745,-572.81184876557,-279.931389679953,-49.6406941006343,277.649999108018,409.647975114131,-458.719408368471,-173.961143557536,159.852330964649,483.428078067617,-54.5742665729004,297.853700075597,813.680506641019,-67.368999414954,-43.2466966796886,-81.1255491667159,-29.1128112991964,-59.1899073526024,-86.1971019378147,-83.5227084477097,-106.813341632656,-94.5130989976556,-96.080848956651,-133.191767113455,-125.888892826873,-107.342884083167,-93.3752045669332,-111.239572709262,-88.792363614534,-64.8653241263325,-104.828231775734,-55.3915295937695
-37.1545007800997,-16.9392031343379,198.482631265997,-18.1963206350492,22.0049223862768,-39.5934174894224,1.42397514271298,5.04625787996551,-12.6143780846503,-0.169067480324422,19.4808353626616,-2.25550044115481,3.20753220516088,28.0044083624294,-58.8799015353294,20.9681113508762,-84.6442550457451,-37.3193361282805,14.1974023297265,-108.243303356886,24.4931126529841,-183.721936163515,-50.0925971323856,94.5406633183778,-146.663656574202,81.6955659516109,-272.515455664002,-15.7974868857152,86.0517950118783,-152.843615633898,-99.6416110384944,-178.289455044349,171.748455173571,-504.070688929365,-73.9223850784211,-137.862514959457,185.87526602249,173.539760443261,-363.340522148993,-28.0475670585665,83.5469609411944,402.645262380503,-19.0908858664248,221.875131992754,752.366210088614,-35.0708577184173,9.43524145702892,-30.5288555586792,12.7279248672903,11.6598437067084,-26.9818436915681,-24.1453345634663,-57.2674177253594,-20.99146655671,-22.0286250255695,-67.4817753103409,-72.130070145219,-52.462691530608,-41.6366306382036,-22.7536911940155,-24.1170320499535,-11.8139111338392,-19.1729562189067,-3.48370227521097
-31.3200530703346,-4.19021758635316,256.664918611718,-6.48321881141137,35.1439424796209,-33.7382318238164,10.398974080904,35.8894588543979,-11.5721385024081,12.8938195094971,37.7852149924746,9.72340623127827,1.55915758554355,34.7492997675347,-62.8531758177981,27.9261680395533,-99.493238063452,-44.8162371888689,20.9036935065495,-120.275180160567,14.4455714036075,-206.047188121201,-68.0551685610939,88.3429008673374,-201.942590894819,86.1184431245924,-272.917356064348,-14.7643143183429,34.8834699082792,-117.834389594231,-21.4481166947532,-361.878236197378,-97.6171981538628,-424.589473282495,14.476321000686,-190.62620238061,0.614291625987831,-236.090170745793,-311.312439504333,-6.86987038239405,-15.2206772910812,201.693333092284,-83.7294688866615,12.4563947934963,432.835978923647,-35.3564767546393,6.14521398945754,-28.0438828737966,1.78126282651271,30.7720710592405,-8.36988162869368,0.770131339002808,-45.0987956071257,6.29328699063407,20.074419806093,-11.8406506692643,-69.1365908224629,8.26918186085364,-44.1260118693955,11.5380809901078,23.1520942749549,56.126206928984,7.15199505695752,54.4377296828982
-52.4226788874589,-20.5048406122552,165.563418592847,-29.4059540040954,16.9110920608935,-48.8693361970363,-1.12709289473282,32.8752728867233,-32.5945216704581,-0.638013083994102,30.8700690397553,4.34899672354516,-15.6356831022002,17.0951720698516,-78.8400426089844,14.0525083654244,-110.18969854526,-60.4475788469931,8.61381041838234,-129.584218938226,6.47097711045126,-211.942927108861,-83.5744338448915,88.1121840904687,-245.863037336706,103.912094426236,-282.419916598509,-52.6442495905888,57.9035893372475,-150.124583117951,45.6372780212716,-325.565509889911,-331.816812211088,-352.594384147227,3.63460521373636,-118.994251731877,-133.329643520912,-610.616068835177,-282.778679027806,-51.9401675187579,-37.5139987217888,16.404128426734,-163.173038300882,-167.286863418859,54.3736450182211,-48.7338112931177,-21.2210710317848,-51.3489806375153,-23.5929189711011,22.8031067402091,-21.1908665020651,0.539864974695456,-58.5890499295304,-18.2830469183298,26.0286228797285,22.6234082703859,-100.248853733217,51.0113689323437,-72.9630705165575,-22.5435818978956,24.7546178463184,105.758433539917,-19.386814534358,85.6932379947049
-86.679543969765,-45.9994936949289,48.3968913488352,-60.9363475429832,-13.6971467930223,-63.5326905773844,-26.7041952989931,10.8929649833775,-57.1676973465286,-27.9511388971306,6.32206722804838,-8.11051435377368,-30.3055847512758,-3.36883896844139,-90.6204654059933,-13.7160791917597,-112.392238579727,-62.5537606040256,-11.8122487488428,-121.319970723424,14.6866154218765,-204.534655584048,-68.5711901175038,108.012519488081,-251.597473676226,137.983926032029,-298.291279894152,-80.2202555117273,140.450623158173,-193.411360734999,120.118874484102,-131.303073659207,-342.514061057794,-296.772191459838,-27.5791215206913,41.6230114969422,-84.6007401326906,-760.229633431018,-254.320462701384,-57.4381708568638,32.7544329929196,-53.0407201196245,-179.836771418687,-194.788446932434,-168.817436959441,-71.3309769529378,-62.2424495069966,-87.6929453427753,-65.5726309622428,-3.89178707088067,-50.2111980872507,-29.2795468740908,-79.038232845215,-73.340717965791,-8.58318924478163,11.9493320498073,-141.31314396975,31.2336869631045,-102.941962109649,-91.0258332103769,-29.9160516468653,81.1330227703038,-70.173495834742,54.1848155317461
-147.55312730174,-99.2519150727813,-32.8307427788761,-111.986869485368,-71.5014762637071,-103.204529616232,-87.4055290167956,-38.3579707971499,-106.588474889658,-87.8973289275963,-57.4508371610616,-48.3906882617815,-71.6557290195078,-49.7220241864334,-127.123073222547,-71.9541294263602,-143.893333562815,-82.9882595259327,-55.3402056416388,-136.402142300204,-6.56014029441137,-221.419752331327,-65.8292992992298,94.3287153457682,-246.36096589786,110.52584252737,-320.174028446726,-124.859960637418,133.603585524188,-224.123356854763,94.8664979795865,-5.96214620384007,-190.105596023744,-264.165594387108,-82.4717095888343,121.494001231951,52.0560743482656,-708.547153670597,-233.218195774841,-51.899779538508,101.457245195407,-46.1822517380941,-173.230981298732,-143.914300111065,-239.757501012553,-119.563958908464,-135.296998996714,-148.385214476095,-157.492301909775,-80.590774066177,-107.776566080661,-113.762102033953,-122.478926507507,-147.64298302312,-95.3074857210952,-72.1874776054925,-198.267889367238,-74.9076493078924,-148.780168181255,-171.231358664606,-133.944148674158,-45.859147098216,-142.78596451108,-56.7089779479452
-203.531635257027,-160.850468003496,-84.5654969112456,-160.029289004015,-133.208352837984,-152.6335160561,-142.238121206692,-105.552584166248,-156.633890556269,-149.359623761613,-123.976058849707,-86.3101142955362,-119.756081322458,-104.796639386538,-166.27197579101,-122.528207101572,-179.949753420123,-109.396463556176,-91.802988826339,-154.971251294023,-32.6396124157894,-236.242991949788,-58.3204507559514,55.4369276326217,-195.386423093711,55.747719627584,-298.994120174258,-144.204923440438,16.0386009508141,-198.627038045753,-19.0732280964676,-13.6103372338293,-68.5677640379975,-222.764823957263,-130.810919294076,74.993969600376,117.496275683966,-603.023928019067,-192.490958591998,-66.5427006418817,109.974851501411,-19.3236183371319,-169.343968996696,-118.445580394715,-289.894109149924,-162.333246316735,-207.023565942374,-199.89893007068,-247.890195815609,-180.843082641986,-168.249414730406,-209.301685355471,-178.023950773799,-203.34707973911,-186.57732568727,-179.513030681045,-245.067839149755,-195.602046548078,-194.681794342179,-232.101405152422,-223.024582920738,-203.26037861641,-205.484280620932,-184.306268642911
-199.920704440058,-172.12157565896,-103.356218905929,-156.879190331132,-142.102987960263,-151.618595142541,-119.016091646376,-155.647214180128,-144.292066028704,-146.719151654652,-121.849990512248,-59.4792193544907,-110.486941677157,-105.658017686741,-141.737067384901,-93.030382915479,-147.232464612111,-79.4273552026119,-60.4170588606956,-105.39240803056,9.61149844855384,-180.424227946964,20.3501034144454,73.4478545468174,-56.4036614001159,87.6597161431578,-193.312356790625,-63.1672592472512,-64.1111739558308,-108.458323543617,-88.3294708930086,-34.7210237377484,-35.7314999339905,-145.365779579296,-127.75205213498,14.135138181848,99.1531724091055,-505.981606502051,-111.991664231663,-63.2419965093316,78.2750069097745,19.1708610185615,-139.973398626812,-123.977431497854,-393.235809033881,-161.329321881228,-228.153195397054,-199.941932591152,-251.805873322058,-232.027342191818,-183.148295354287,-238.521837256265,-203.471311932966,-203.632877731082,-214.880208243046,-227.964152526495,-241.235692491313,-241.046140647373,-200.450505020408,-240.517878078611,-238.183344000794,-294.430336733361,-209.021045901332,-245.767443470116
-166.80606487535,-145.583581819978,-101.328165112844,-130.42290664951,-115.420076986688,-115.79724754411,-51.6081803027999,-194.654441884133,-91.9806689677094,-103.516564140169,-79.0536347867644,4.95719212001543,-63.8226172743534,-66.5187228643838,-74.1480579817831,-11.2058156653317,-69.1731420955909,-16.2225714417529,7.42696592949304,-14.0045602044291,76.7804201648261,-71.7471440012195,116.976197234676,130.12949255089,71.985262355886,143.9827802005,-65.7778739012472,15.8906495409702,-92.9402610702874,-66.8384373447507,-159.866085927016,-69.2405610946108,-54.4337901657314,-78.8170505274491,-165.393954537035,-53.2027352038617,14.6276385936888,-407.389120825962,-67.661235176449,-74.3836706013013,-19.9853876226476,8.69766480922768,-128.540603351269,-169.488442598767,-555.87112924248,-159.483530119696,-228.966469735366,-192.291561684768,-211.530910171748,-238.962249104081,-178.516521947209,-224.842298295238,-213.561192413859,-189.117536358521,-208.196301108219,-239.393918579865,-225.007074102233,-238.6477913884,-189.834159846337,-224.455570758143,-222.592019197484,-326.766899257721,-184.145788145287,-257.17535535528
-167.842266998593,-143.618784324061,-112.31674252946,-137.076353425897,-117.530167364822,-110.76497262427,-33.1150327236118,-238.225758244916,-74.4238397328078,-94.045575173291,-76.267638793135,34.2140407605303,-51.9842039969307,-59.3857924059565,-43.4422577577356,31.2555988705019,-31.9399099940016,-1.24341699366897,28.7432791595245,30.154547522018,74.2573122425034,14.4974579596152,122.605844826286,126.835176682123,79.752948108357,77.884599220606,13.5540125991376,-43.2307532836022,-189.301015697795,-141.67329477397,-335.144111721404,-222.168664582604,-107.129804380426,-44.6695919151448,-309.645514075813,-215.716723283129,-151.295345044413,-330.593073402901,-107.350666205426,-147.00797146908,-215.319780185968,-116.248579764082,-190.9292481991,-273.612983098607,-736.171351948773,-198.86648846381,-259.434952520787,-231.465333970278,-226.88378612551,-258.18305489544,-204.230200088183,-241.995483872961,-246.249775115412,-211.556508285993,-233.601175803281,-282.959847242524,-248.221207488997,-266.174859758202,-204.98845674618,-230.558419061455,-241.918174498243,-357.241126170921,-192.453278947398,-279.870012642121
-185.813055616161,-167.801730992563,-141.402741902141,-159.829136381265,-148.473263836635,-129.6507383677,-67.4416255748144,-248.636553984677,-88.4996990483699,-115.072846974556,-105.612732428639,38.7239554629004,-70.5665803436564,-86.5356394801404,-55.1437264279295,31.354418233076,-34.0204840630693,-30.7296161233869,11.3090390398438,20.8142822894188,26.8410192953778,59.1924833456597,55.1237465125526,64.1433900991973,19.8190137555601,-63.9712946778129,76.2699679264332,-158.839683980022,-305.541838766378,-206.675416580385,-462.054138503948,-419.494785877236,-129.755681922413,33.1918633557388,-396.79752184345,-404.07436329756,-301.382914685137,-287.582522732393,-130.79524760126,-185.539259745269,-388.249409547081,-276.112541014172,-247.960761465341,-368.517702739628,-854.143074535785,-233.032903012919,-299.42870067235,-278.115270604425,-285.88298659889,-287.011398973157,-234.854460625468,-283.79665691991,-272.623652853577,-244.129397236868,-278.890557367371,-336.632806245547,-273.559743328654,-314.621296064061,-219.565473916946,-243.195164029345,-276.153031288101,-383.86110592758,-216.126102978122,-308.418664818062
-173.973487083591,-174.850490764457,-163.082780401804,-157.72303851236,-162.434104535563,-120.589755356566,-92.6948914535546,-201.231685720799,-83.4818773065319,-116.856318438347,-111.113197926122,73.5892715975609,-68.5872934629346,-97.7250472629952,-54.4701052552708,51.5283079408312,-12.2397275734823,-39.0621185187344,15.3142978679838,13.3599508976476,15.1473874110353,89.155100946452,7.48448920636775,22.248536287194,-9.40869905664656,-127.628027982732,154.209783153202,-179.473858454704,-278.889723038185,-134.942873041673,-362.992574577673,-450.289225709616,-74.8905536857,184.399908900085,-270.517626003054,-433.222128242466,-278.463809703877,-235.852965567742,-48.7200597110306,-86.6218643181968,-367.521194699164,-325.76747951877,-185.181084383721,-369.687966050226,-876.706820580583,-221.200502922522,-312.046374568189,-279.051308537288,-316.20183140711,-290.109300625656,-231.704955514796,-304.301980186239,-254.012668850252,-247.469198891,-297.118164988213,-338.374504379416,-253.713654930742,-324.73126890358,-195.941366634639,-228.987537376328,-277.622722750656,-376.890521445595,-206.049902105883,-308.047663205422
-160.449849519449,-174.265471768596,-171.9616917611,-155.405136339194,-167.108183926915,-96.0122025315317,-105.704386191584,-157.464992712738,-72.648007141137,-113.103472578438,-111.524762493167,117.588009450896,-60.742241070559,-102.426894195903,-41.1794174482399,77.1906465097767,22.0947697405756,-30.3900984914869,17.8727840554616,5.87830555788372,18.2180867369301,89.7119489285627,-15.5228938627051,2.43396565714617,-30.6170639166438,-110.795716818665,173.182761326233,-131.407261657592,-141.929395682439,-6.30434875745071,-181.115581259778,-275.918487173496,-41.8791734000378,281.252091277637,-75.5053959618862,-297.326682651681,-105.478879873565,-167.32474739361,47.7942878857376,50.2452571334262,-170.370272133762,-253.067479976979,-41.7841726698509,-305.870483509372,-864.982533840789,-216.602899899044,-320.761233910053,-275.433580089303,-329.191910820691,-293.968764155354,-236.470678151036,-319.333154191625,-235.873153854206,-255.774430610651,-305.310317436751,-317.420092532747,-236.977667964734,-305.47802899536,-174.628988828635,-217.053407908647,-268.601783722086,-359.154479324346,-186.875366338482,-301.997205673648
-199.063494320822,-214.376388602662,-201.509670622493,-201.827016304709,-211.033371994288,-114.636771868145,-153.416913647287,-185.421356711363,-107.785003726102,-156.514899070015,-165.718470550362,98.9585724404496,-102.191997693887,-153.874821497958,-68.6954813731245,32.9331234290969,-0.732293806125502,-71.4690024932475,-50.5481907129763,-54.6012362198522,-46.4089463270953,14.8420093267409,-84.4706982999684,-67.2977267494255,-122.526484848277,-137.739177563025,51.3223524202681,-143.943571126057,-90.1900272853766,19.2168341521217,-174.064794158168,-81.0908242057533,-98.9640557490519,190.404938845677,-56.9927898841992,-194.00535795749,40.2527305792339,-120.788216076413,23.7510996613057,45.981739842966,28.2052664566887,-147.328279234941,55.4549429401302,-245.334340402316,-874.979298527482,-277.688420008906,-361.564505463394,-329.630809996006,-380.246976757628,-354.041761068145,-303.740224454892,-372.927430604005,-282.436724500958,-317.248801534305,-349.058059184012,-351.4973783689,-287.005285251049,-318.995862578007,-217.39209534305,-255.058649493222,-302.165023318512,-380.093351773124,-216.69386297587,-334.256732511313
-250.997729553438,-268.871029378315,-257.238225889517,-263.298200950114,-271.329096335674,-162.818949100927,-216.188869361429,-240.039992791314,-163.501980626766,-222.031672485248,-241.792078152996,36.3023084581097,-166.386897577157,-226.395490811179,-124.642621386386,-61.1794835417368,-62.95121628211,-151.207615817856,-156.28165773548,-142.781583612714,-156.965864211187,-96.6165279354976,-191.025265261908,-176.699944272526,-250.919174578802,-233.002009335666,-132.099818210883,-222.853474750836,-167.133221282002,-45.299858320786,-320.546709674907,-3.39207738663247,-126.330041723272,-6.26708946091737,-175.327124858734,-216.814810953482,86.7036021830331,-77.9861775873647,-59.6160113098168,-72.7332315442805,141.523264597374,-43.3677048720043,94.5501193749255,-154.430776821069,-843.895905074509,-348.273218534641,-393.767753033318,-391.607634232328,-431.20098342951,-432.378363872455,-375.803713238409,-428.998769466922,-346.095864336216,-380.376959892472,-394.245447016677,-414.437012126976,-346.439482690074,-356.499193668823,-278.411257149264,-301.883367764989,-350.387694056831,-413.57468451665,-262.032511624246,-369.024965157074
-237.097076539828,-260.769184901046,-283.607820630729,-262.088696222319,-273.981012324838,-168.411209236526,-226.681791961397,-228.750519574033,-168.108448933662,-231.612179859478,-251.35662087527,21.514693140832,-175.186197814763,-237.940984382738,-136.367983237532,-102.783418027933,-77.4063808651212,-183.198557253254,-197.929130029197,-167.829780311257,-206.886701437944,-145.282366346789,-243.668058480647,-230.56188280801,-301.105655527937,-290.726984861922,-201.113929657789,-249.197941297958,-229.795699538774,-41.6698162871493,-381.2260423389,-3.29681678789278,-49.4150429772129,-97.3954192160001,-176.768063591871,-232.918526447367,87.9130123707125,-1.72876047588819,-19.6624421729816,-93.068194274036,210.721463232826,40.5604406754978,164.363992202227,5.64806662080033,-658.732451136077,-334.500417750754,-350.821739673815,-361.722878147197,-394.882997007609,-429.264374270736,-349.797111684743,-405.133489427667,-327.307210115771,-349.518736836421,-364.044382507289,-407.47918133921,-317.612075214901,-345.254388997159,-256.75307981646,-275.171964569411,-337.9757846201,-383.895393261704,-239.220011384374,-338.677136472798
-169.622705265011,-193.622589798098,-232.107252847662,-202.632377756251,-218.702247605775,-127.563714578917,-189.417396840174,-156.034798635139,-128.616025948749,-181.142454792792,-194.433202603634,61.4807323829916,-135.095114118385,-187.0929256955,-103.927686888111,-74.1137159829823,-43.1869847794007,-156.319721654581,-170.812281978222,-131.501144893971,-181.505166110909,-127.84585934974,-223.414051669668,-208.819537719164,-260.147152088207,-260.562229536451,-125.388370088772,-175.858493480645,-197.690235649791,77.5708832687402,-236.521786782657,-17.2583557295492,6.13067024783321,-27.9065268019186,24.9414833365979,-114.224305214157,46.2244823157509,50.632797499908,166.685979135619,91.7419187600785,250.370623831596,-4.41046373747885,296.353649022971,126.117849416665,-317.470504908581,-247.899662403253,-249.024469587691,-248.494056785414,-280.940054206834,-335.895871724943,-242.911973958554,-302.93456100674,-235.660795497957,-241.560315160368,-268.765666548861,-319.463861797449,-225.209935309509,-275.288021260037,-162.857498734384,-194.066377628782,-265.463961407526,-292.837173758293,-160.526872496183,-261.166884371744
-103.094885669888,-123.775154593666,-99.7190672180666,-137.698571332838,-153.909254086676,-85.6407959485785,-152.040018684382,-80.6913812999106,-93.6067147673493,-122.206905852292,-133.046747730566,92.5229436492279,-100.527357702554,-130.874899469275,-81.0710219300293,-38.1631063780309,-20.7540069652556,-130.109585749572,-144.916121621952,-107.362668936028,-155.003140820344,-110.836148428925,-191.807125004829,-178.934909996751,-207.342156578218,-199.464891905061,-30.655748583275,-74.2451997780461,-121.89705383486,201.531357578963,16.9215042136982,-30.2248137062199,-60.0182015600688,79.0758997693186,271.200521298766,99.6662356861914,-54.7645180801067,37.3913067657269,349.022961705652,357.370702258834,231.87726834398,-250.687296578321,433.235144470427,81.6999720828152,61.8102794248258,-155.348038041403,-151.261956688072,-139.35925041203,-166.237177318252,-224.474904257126,-146.77870150529,-188.416003521942,-148.141539671549,-150.416055015208,-174.931981356968,-212.119942588932,-148.025372081142,-190.962614218791,-83.2878451537467,-136.490932937696,-183.330716904034,-197.961574447689,-95.2496935394434,-187.192597425702
-53.0489336402785,-73.5878205266589,54.8619372804221,-89.7227063094068,-103.960432798361,-56.8006640166701,-129.2971701468,-26.2464882446893,-73.189038598388,-85.1430238621654,-96.1794118324087,92.0645736987098,-82.4846930036014,-96.9867725810282,-80.103154315637,-32.8108064558461,-24.4746108689202,-132.857290015082,-152.752700075609,-117.335904612312,-165.363348139699,-115.903132828066,-185.617483553176,-187.342439410701,-184.85716607973,-162.573877899281,-3.60044357652501,-21.3486659431796,-69.3505288779057,232.202210367076,202.684659529665,-24.6412245817255,-192.322123595553,116.036298485052,385.102868016803,273.702789310887,-145.794501814617,60.5230644850629,408.513712463125,498.706185527309,164.009572164532,-516.307856619933,488.788820682651,-69.4972288666143,347.558910543953,-90.6495934585533,-88.5079870288044,-84.7166221753863,-99.1701564919434,-143.78712682464,-95.6946217270397,-106.779203372426,-95.0087148954305,-111.33041150455,-111.621449026645,-127.314712607861,-104.47913798506,-117.926521424733,-52.3131366813167,-120.563591492859,-120.812394754136,-127.834831910167,-66.3029820204109,-125.882114622649
-32.5437641485153,-53.0268521228523,121.479501821166,-74.5515841352543,-87.3393250503243,-49.7688198118641,-126.728329785141,-4.58478303015179,-73.8478239520149,-82.9099979800408,-91.7005057154749,65.655742021333,-83.4002385266441,-95.0820869376751,-97.2930872623137,-64.6848406999938,-46.7143986153948,-159.418397065752,-190.508074293108,-142.952943373854,-198.553269127676,-134.94863484238,-194.915571377797,-224.967854723916,-179.56548406648,-146.486777017753,-20.7998409066287,-26.0005551956768,-48.5364632100238,181.828405109855,234.719980997136,6.51149634748977,-310.038513360559,83.7420486699843,340.685598181289,322.7952695825,-166.16869173748,203.90636463387,347.595532611325,439.033662740225,80.1854137233145,-499.37517625753,413.790176597875,-160.810117056437,477.421958912272,-68.4399557519892,-60.698408140849,-78.3100547473162,-88.3664788202913,-104.829974197956,-79.1716679286664,-75.6733542686981,-78.8236132288831,-103.274304275116,-84.6334547640127,-86.633690333618,-92.4545173623769,-75.7140151458299,-58.3920248310417,-124.383028573763,-96.5016277191941,-92.6330165191597,-72.7175598017838,-87.453776507583
-35.4599512269607,-51.7573425687139,73.7396337880554,-80.6177869071168,-88.4024479516189,-63.1674454495762,-133.536130161874,-2.77509380327815,-89.8228685819271,-91.5776216295725,-96.0705515999914,30.7324390532899,-95.661662537615,-103.266041375292,-120.810535570669,-105.871245795239,-71.6894736191698,-174.486680612405,-221.002419970677,-150.845071318887,-202.847738510996,-138.357050195154,-166.762020046401,-223.633353104592,-130.20463604483,-92.4769262613629,-1.33734060964657,-3.46287181487595,19.4884224051805,160.046137199853,219.664775401727,79.5520696854016,-340.354436667686,66.9836969298433,270.529536914871,314.822570525915,-123.220276020516,380.624665888296,256.927982926714,299.551627097513,0.462353801694885,-197.285139498928,243.769783507042,-140.948298917309,493.727936974464,-67.0806919578464,-34.3478212654884,-71.4583497651697,-82.4903017569506,-75.0976724438067,-69.0102546234337,-60.3541135833123,-80.1386772750581,-89.0338518929807,-73.0179603718222,-67.8270167950184,-92.25156209591,-56.855412183996,-64.5587468628039,-114.884536728135,-89.8954393480641,-75.0585247300466,-88.5978959951375,-69.1299774081042
-29.1405127143823,-37.5665830252511,-0.170881256509745,-70.2280078180549,-65.8153702853897,-75.6158879425285,-125.8173275992,15.3987782619121,-94.3789142858746,-74.2174960609297,-67.9934642182526,8.80870473995557,-93.0809575329324,-82.6219236758268,-125.16912463848,-118.686261116235,-77.8289016564313,-145.250607120421,-203.362087308766,-118.436415343036,-141.271183927234,-98.8976627045412,-69.6483643914761,-133.31245037607,1.40455945406044,34.2489370414229,65.7491948120288,123.080127087937,195.507491270318,227.063379269195,297.941726204822,220.138776636904,-220.841623408202,100.347437660583,279.773315371522,362.096072070742,-36.8829145105969,450.404433416869,198.513760139408,216.817471810546,-60.9282687389405,56.1295371731228,49.2488157988998,-114.029729596078,473.468228106311,-48.0811234049498,21.3395186235509,-28.7896057542951,-27.4246737404566,-14.4591950833688,-41.3549122634548,-10.7451726679043,-65.7514758443098,-49.4545709252297,-39.522048304107,-26.3450616030685,-68.0967726037062,-27.5940257057534,-37.6810809644344,-72.9613358244506,-58.4647685691117,-45.653175316135,-72.0466748197309,-45.5129715024496
-2.20679464939354,-0.244006046827838,-32.8517102743428,-34.8779294760289,-16.4046106887061,-72.9174928569722,-99.4467566150993,60.352304870072,-77.9877176727754,-34.5429031536008,-9.00296120250747,2.12827079899771,-67.7281434488708,-32.6827204101126,-100.871674320749,-100.654282326741,-62.1012728880956,-84.2718884650174,-148.391328172251,-62.2099089761538,-44.0609408772613,-41.9857387279631,50.5182513275311,-1.98939301390259,146.334328091823,187.279568255962,77.6913352930514,298.436005604452,395.539440297503,284.352115553357,434.974521140317,369.255990962079,4.28971849242247,102.758189191585,307.483962348745,436.769777491028,68.6463985383036,405.694317243117,145.173264542802,183.452157635358,-78.9987054048317,69.3342843068168,-104.257393060075,-140.443836241874,460.3085250843,-7.30470198093355,94.5476929988383,35.1143592398653,52.8910355657725,70.5128178627155,-3.79411475102483,63.339264984273,-32.157585365831,-0.434766495674856,18.8129505376446,37.0124977671411,-19.4492931799541,21.2857917570269,10.5460320912742,-17.7866977605592,-3.62649967367044,-5.02502388761081,-24.170225570766,-9.92861527022807
57.4215731690071,67.3065579192358,-14.1219848713292,31.4936118024199,56.9715779709981,-31.3868890405616,-40.6315541799154,137.084091624671,-24.6027306575372,28.9756746747304,67.4326306698858,28.5426252902101,-8.65327448806979,42.8592989454691,-35.2968022291817,-45.2339842350311,-6.11766578470312,4.65444169084603,-70.0566097620964,18.5453482656791,64.7981560921032,24.2013843538879,163.752058161271,117.157007045032,249.980701986006,318.01877665029,21.411212721971,421.643843929029,485.478051086531,253.920715092781,506.826648071214,396.134409798997,204.578552454318,50.5662393557295,282.35953427606,422.7090337241,148.074799740875,345.895700830259,98.7216712680897,152.747658145345,-59.7566790590755,-5.30483744482278,-168.260918389399,-166.503769585299,478.237269835167,57.0577989272858,176.856735167996,108.26147583052,131.987514883135,168.461781218062,48.3401779240329,142.60079352602,18.657923058549,60.1025960718013,97.560020468076,116.814725838954,47.7518645546524,95.0204405856117,67.7148308223472,48.6637112035433,67.1565543329407,57.6228718817408,38.1200543386002,50.8787192028909
127.231920141688,137.581272499858,16.0583551789412,106.627296318425,128.553826323778,31.7612796896848,31.6174227989535,215.16299863201,49.4082060854041,99.5272191664796,132.406438277084,81.4373487195575,64.0436411719074,118.949782123908,50.5346139112377,28.077487236555,78.863596692688,101.857521088303,7.95584599659126,119.27767114417,167.001423510601,115.197009933653,266.139202715257,199.626767409859,337.560438755666,386.994198747518,27.2698476355174,444.711463048026,404.548617283622,196.797935747185,442.119027533941,222.814244237683,240.487379067504,29.9241870201362,225.418082871189,254.492250635333,117.316082100228,252.253889012346,104.84705512,102.080502088911,-103.571129681142,-46.6472783192469,-202.155283019742,-204.791061208843,466.057283509649,119.564078116,241.931411527082,160.954482828718,189.524436816811,243.70628608519,99.0162542683584,198.137432133298,58.2166174758087,115.444793997343,165.194279727438,190.582236139265,103.504102608528,165.596346137885,105.67818317829,109.084853590191,128.631156061031,130.030332757811,81.5954709769959,117.149169968867
131.333923459,138.958656036428,-4.32142975115971,119.07644424798,131.460631033328,46.1385280957929,45.3717517078514,220.549180272554,72.0256645879235,114.321510584206,130.506897918324,98.2954040951717,83.5119825505303,129.518387474751,89.2845631976547,50.1770244593326,120.79909449502,142.366171962535,27.1040170240925,187.463336594624,206.711130876637,199.574204304115,318.795344797638,206.706638478016,402.39545285379,360.075148128426,139.272364676716,382.982337684035,215.601817616436,171.524522829868,277.657863078062,-61.9661793167002,61.9480373660977,74.3824049861539,171.065825526393,-6.02600661752011,-59.4002591530602,27.7743670814747,152.727259278556,8.63137613608914,-271.767839495431,-127.667660373059,-301.028029256477,-321.304677414322,299.794005129143,113.440956202782,227.641596536395,136.991604426523,168.056705727507,223.330290891378,84.8897767505089,169.288873611121,32.9798953450642,102.19380008498,150.430253333477,189.736021108054,84.7816971507195,161.838494579028,72.3394012008718,98.3930505884374,116.58453926885,140.102710283383,52.3367225257074,112.575100230398
78.0291683184274,87.7383257378268,-53.42398277914,75.4539925442506,80.3651285593219,19.3152985594583,7.53835710757402,166.493873745564,46.2801109372572,84.39918571256,82.8867373665819,76.9261234529631,59.0576609004263,86.8972462996316,85.8267776194014,29.5590947521719,116.828728648736,135.956673974398,7.22439485110269,213.700907040378,192.325311084206,256.977554937838,321.567665273192,166.547916974266,418.881548933176,301.584446442165,263.327240660651,324.083713215221,99.225868861946,172.749393027594,170.534844166209,-220.024545748211,-151.847800090746,134.249936181835,154.517450398134,-166.414087437204,-226.003710391538,-202.734128509267,206.515014699425,-80.7617405814367,-413.134874972112,-223.016806350515,-398.311484093381,-431.452585306083,24.7735067484787,45.5312179574058,151.099506321057,63.5314604145743,88.2752168800819,131.969888005741,20.2026907422903,81.9497895324942,-21.5725975196513,37.1175705618665,71.6076117438249,123.49475199307,21.4895737955612,100.693194165445,6.60183200525591,35.0917193754437,48.1542957503107,86.9618739598338,-17.2870517026493,47.2044241603972
53.063438364136,69.6852603709604,-64.9948071653046,56.6391771572522,60.3332156515667,17.8271478160918,-3.57086768055388,139.51342244377,46.4665463592665,80.3219721667243,68.8982947122938,76.550371893289,62.748735616411,75.3051422862826,102.203817204275,43.7876160205823,131.463755019396,152.326812145203,32.1663186987971,233.710416455045,193.990315755889,301.088918768176,316.721593709825,161.129505301093,401.31996038905,286.768135789481,318.425841075692,321.239252261414,146.144971788111,182.626924885525,210.480384037377,-101.267805967183,-131.177823244279,152.702539413183,178.594951255283,-104.449712589243,-180.295888783392,-202.297645177712,230.360295984415,-89.8348797588217,-345.661933097879,-175.718696165111,-366.114891051244,-380.021557330155,-137.127678986242,-8.95887778113288,99.0448015742318,23.7967422275968,46.5314541226862,77.2667973104875,-12.339731831548,37.1965525922241,-27.7625764800628,5.68371255055552,25.8280345897931,84.0677457332704,5.97227387224831,70.7013912190215,-1.37085031223733,12.5650015546,15.4306832341297,54.0745587275232,-35.6778479503037,17.3935617806391
66.8891957169545,88.3778275364599,-47.2758164950774,74.8668298347477,80.4850059708048,42.0360615173519,23.8108039998281,152.719108723999,79.2238975738938,102.005686722295,95.730634901549,102.231214070681,96.7249715170557,106.862922589474,140.112933186165,96.1792420617742,169.578574362241,190.192376137786,102.071686205599,248.745867645462,217.453199867484,327.710518745573,305.438322362379,194.829618126155,366.581532507836,265.743570082775,309.686039631784,321.195030604507,233.30351302266,193.043172191264,285.720671895178,193.212019045342,155.512583265667,112.508307469613,175.615450403818,78.9581511774358,60.139793636456,3.88720757962816,177.172302644642,-33.6264437391272,-117.06628815855,19.7642503544344,-224.122217213474,-176.767877097426,-83.1878097153947,-31.7167721770741,83.3223574075822,21.5260539285338,48.8538435693406,74.0400991818949,-5.68596978339273,48.4875402374178,-2.8246564757281,17.1014644104732,25.4105921531311,91.6412172094668,32.7921059155195,80.1443472067591,37.8494644251395,39.403785257656,36.2577476548842,61.368099121792,-0.835023652778799,40.1886321894593
73.7366355652831,94.7668267405127,-41.4007814507557,87.0728002655873,89.9167838916275,59.798574326208,46.6050249901937,160.24764846974,100.677619808094,113.582239636172,114.49331691169,120.876941669698,117.924441962231,128.128253124448,167.719270818408,133.686189082736,198.598318337164,208.221470019235,150.854448015008,249.065712994688,224.187916697158,334.035841160095,275.963015397348,212.382571662334,321.589201582823,191.222014521685,292.67525877131,282.35553466001,239.210475589138,212.429663420324,279.498790005024,439.352080943087,476.803670510975,62.1838304793704,113.632122803783,217.197916562058,299.570299695722,180.46121901024,67.4176310024201,26.8991580444057,77.2113897309713,194.657380848179,-88.513428387047,19.635761706027,55.3753817345013,-56.29261167476,48.7083932279009,4.38908037595082,28.2875819079905,52.4758277624703,-8.44464718836579,48.4882323420318,0.852800389971697,22.6099254214228,13.6739158183367,89.0945474006387,37.1134649264781,78.8107178335295,53.0517798626404,52.6355756212814,58.159333586821,63.4570267678354,19.276754559538,61.0073413272398
52.3547103630158,70.2955398400991,-66.4248159945449,68.1307775434103,60.0855862628985,53.8786510948562,32.3864233865061,133.641969054145,87.1484977921227,98.2488642006359,89.6507303944056,110.109634166061,102.241344246839,101.838150766871,161.848803764237,121.594313270869,192.575096927995,180.918013769364,131.138906187807,217.656003431016,187.476351355283,302.533092786754,218.698555091179,171.678101441159,249.530437846506,101.428124188011,273.278177113733,209.937600962586,174.57565712248,222.578306880189,208.636112927091,471.871303342072,589.798701331722,47.6822753209982,39.6586090204012,228.617628822167,367.368519823342,184.8833752186,-20.0364761496728,53.9024282789076,111.408825308082,224.366249874227,-44.8054429836172,83.6286385124208,99.4968332122244,-95.1729149629989,-26.5084941176619,-42.4198008690388,-29.5513350097302,-15.4476274218194,-38.3220546928176,0.507087438670461,-19.1761048026478,-3.29060314916922,-27.8936259816402,41.2617507057244,0.00371403495913247,46.3376399956559,19.2033034318976,16.9883580471103,42.7163398628259,36.0885528257646,-11.5482072136543,53.6144426545228
9.86634099182788,21.4747804555102,-113.357111660208,19.5260808556183,-0.0270719495126879,16.0212852737958,-18.7429374814577,72.5466733036669,40.5807637362781,45.6041422610318,21.5319830451992,64.1762910923375,45.5719415281834,32.4319176676494,106.394667371116,54.131693052115,136.390986665862,99.7070422681038,40.9623035235364,129.579118497844,95.1090208035045,202.327984346317,115.654008123302,65.959446980924,122.401230948596,15.7552041393019,201.05204348638,105.17079776633,77.4005338617797,179.841637473641,132.327195775052,297.502642555433,443.039564515458,55.3869147350737,0.208257908419522,125.075290013521,244.251734512409,47.7238117171261,-49.1545903891752,36.4904108911211,23.4976673227405,134.75398138028,-95.5078584462472,33.3433621089104,10.4454272509074,-119.694838709971,-105.078079417135,-81.1541866293099,-75.8468287815616,-88.6801799444448,-68.7869615538674,-66.7594790080554,-35.2002225235904,-45.9144817996849,-73.6970594113144,-31.5829163873897,-48.2455406827168,-7.05774999044986,-28.5263248990311,-47.4831440669682,-7.9305169554152,-9.8426368409057,-66.7749586783594,27.1311571974994
-29.988580174082,-29.9769870961347,-120.426744396677,-33.1083020398867,-56.6157459508923,-34.2379580700055,-71.7156936879068,-0.155904076811365,-16.4896167811839,-26.2149726816839,-52.1674374158434,5.62686075009141,-27.2932533056693,-44.8777337050826,22.5502636556764,-38.1442977885235,59.1363788804733,-1.13586257607499,-67.739481080073,15.6687795075049,-21.672829080773,72.4871464192531,-6.22706695667491,-55.7659071171443,-24.1239989442523,-67.2081703835754,84.973117697484,4.97078812120848,-14.1923230819208,98.2310966434271,93.9597797929344,93.8635624992868,179.082619734827,69.7215731326205,6.18156561885076,10.6315811340359,56.7759265687218,-125.634964587987,-34.2381855131213,4.03459958812621,-58.9756313122819,32.1157446761355,-160.164205175262,-22.7734381807653,-119.27900492852,-97.5769967687565,-138.131152433506,-73.8778100629401,-72.6531375533719,-120.774722408747,-59.8052009590053,-101.151306885848,-23.878168054049,-67.0732847284457,-95.1826848209497,-90.3762015242371,-66.20994147275,-63.3566999321012,-42.3107258608489,-89.9472035031438,-61.3673861686018,-56.4397707574168,-92.7611847653184,-6.49886379275308
-68.3571990222225,-77.3299378421387,-43.6275376353367,-82.0400260452213,-105.559020879536,-84.8281921419041,-117.17135588152,-72.6209618860704,-76.1170387145458,-93.2250441939726,-116.766041601531,-52.4138019677165,-94.9256652681988,-116.796125910899,-59.2082986026302,-123.188443618819,-9.36184337514898,-86.5479866330647,-149.847539753426,-76.7250306249879,-121.335312599083,-25.3058579567236,-103.05947251381,-145.997127402138,-131.715171465979,-126.045642870367,-22.3344094930097,-52.6164676056384,-56.637371346957,14.6181828345776,89.5158544348793,8.00084102941944,-31.5362629249036,75.9992922743662,16.3032745284479,-25.8181152353286,-80.1636316328301,-241.775369439161,-20.1509082898275,-23.8036535757602,-93.0836550095234,-10.3639475833251,-175.034021674678,-32.0706353218596,-195.907000097034,-52.7530231368149,-133.32173382174,-43.8889359480158,-54.4913443201678,-126.588850399074,-25.9891397531424,-108.271204129916,-6.2045031411183,-65.6439643401306,-100.993812009995,-133.948261124565,-60.0383774855636,-117.642900572475,-35.5466105202742,-96.3106134476513,-102.185684550322,-107.2220128585,-87.509103628695,-53.4212434735452
-108.931730578206,-117.516425211082,71.1117045054271,-129.732465075345,-157.825985484452,-134.094712256947,-165.155135020506,-135.258512569282,-131.541865352694,-144.423364745357,-176.303246894833,-106.130844995555,-148.299534260963,-179.894276459275,-122.333246409572,-183.023094010546,-63.8936050479971,-152.394812631848,-201.128085223817,-140.218258358761,-194.967549139606,-82.3744755261712,-168.558192905099,-206.835076187829,-195.643665239069,-160.264773424057,-98.8463363284526,-99.2248088339537,-62.1787329522165,-70.9180218094321,54.7375517127821,25.9392859782958,-104.085397711818,49.8805723231209,-25.6920126447419,-15.0418759891733,-138.409966686939,-244.921385812065,-42.8390435646771,-69.9867189191114,-125.574191230445,11.4523877276444,-157.950887468318,-15.5470991034422,-182.44154067887,-18.5884767864236,-124.615038833567,-25.0334392396755,-58.6492136799259,-130.990097109655,-5.59133770906573,-118.198255057037,-3.89849358939438,-58.7734283955017,-100.445671362263,-158.606205412397,-53.4900900412937,-145.729838110809,-39.9295540971439,-79.4005294974155,-118.344580791714,-140.597951302348,-76.7508012543024,-91.0215126948946
-123.70182129447,-131.207142318718,130.477209763022,-153.032520053724,-189.99218798087,-158.051167517335,-194.591980372341,-165.93593979375,-155.749207214989,-166.118069366248,-208.691410965324,-134.893128369853,-173.290704586591,-212.938857025452,-152.733270120939,-208.786147546307,-94.8901705691,-195.477625521989,-229.445823147959,-178.159941830249,-250.925657972475,-108.813821459708,-219.686128319629,-259.797147717526,-242.561356625164,-217.128591677828,-137.366143188025,-182.359282325942,-102.222326979459,-153.692981203509,-59.0824184366296,53.6454451959776,-63.6842682588246,2.06314171509094,-115.849364777013,-34.1903808279189,-117.066889584907,-174.131586251499,-86.2358595312614,-143.944051353446,-155.721499707678,27.651693199725,-157.602522799344,-8.97659664437501,-122.237485581097,10.7834035159736,-117.194116699365,-10.1659690241764,-61.3272339026572,-119.957874227416,6.9213827894437,-113.806441027853,3.87357651561108,-37.6339490002359,-74.7055811475578,-133.321361821634,-40.5182556013417,-110.564706313577,-41.5748050948542,-44.8793306533797,-90.3915016403577,-108.722801373436,-59.9673432810067,-72.6424049402631
-139.440333963651,-152.654179955084,57.5454151007205,-174.979024092701,-215.67208940262,-178.70996908407,-219.756084608378,-200.068914832467,-178.553848140415,-193.028480869039,-238.891726828787,-166.360742676537,-204.532545338969,-247.371744693164,-187.173819395636,-247.63534693308,-136.118936607156,-244.851680342822,-276.681669590056,-223.937460205318,-327.074651654634,-146.703953885687,-302.378724116618,-346.029299800107,-321.083841053746,-346.233187509357,-170.726676355486,-314.765027370997,-230.862383850228,-236.689178190432,-233.615835078048,-0.170698997027584,-43.8209969722702,-61.6913058921102,-225.779707034436,-112.494890599228,-64.516583035933,-169.746634846492,-147.665233896114,-232.675160635131,-146.333628944311,-56.5662004504698,-201.407604593027,-61.1099428972112,-133.655357752777,5.18113105238846,-130.716397586488,-25.2717741642036,-76.0068383650404,-120.434182023251,-12.4886837278013,-111.78243015992,-9.29865271823297,-44.2701406261777,-62.9776308330682,-102.289723794042,-60.1191989319648,-70.8135194583606,-68.1725229685153,-52.8561085160084,-78.8156778660657,-63.4521819982224,-78.4341078579903,-50.5078257712303
-206.839040303476,-223.481325824503,-108.629683838848,-241.459254030874,-273.928019560852,-238.644176883351,-276.763972005091,-280.29195438657,-247.759707054623,-266.520337357397,-310.745173985187,-241.233882368015,-280.488996792176,-321.274013280616,-261.655313596315,-334.940237915,-223.995241605134,-324.950782625804,-368.196483844299,-309.458762299438,-435.150991181777,-240.151415953038,-429.494350546346,-470.171168990095,-451.891801565014,-502.299512132004,-251.181280290025,-451.030372000086,-387.795471247296,-332.524330581354,-381.864926117457,-135.341260319774,-128.81284756774,-154.321942316515,-333.022423290606,-199.196316390912,-53.0959650448727,-254.022026664505,-243.413732990675,-307.871313970571,-93.9235403934278,-198.163773383681,-252.115441344252,-161.069550825564,-239.123604304827,-65.941785358343,-173.240638503441,-98.8930601047385,-143.120194589171,-165.247966294023,-100.277716637514,-157.477271137171,-86.52379278174,-131.274430188141,-119.339861850008,-135.747491745069,-153.807441001937,-114.066532186769,-163.232018993239,-151.829868193228,-153.404984139313,-99.5041594070545,-173.586233604057,-109.064343403303
-268.429594473462,-278.710122115924,-210.526502815747,-298.39964076201,-315.929326382862,-283.044881413783,-318.590493211338,-338.698940419062,-304.241826785705,-324.760776025202,-360.64099739211,-300.532104666826,-335.765803677364,-366.43044915246,-307.706306066824,-394.094499926166,-294.331433792224,-373.031426419539,-428.750508473774,-377.637659703618,-492.346175515582,-336.428026545585,-513.409447188721,-540.289916110066,-563.110366647703,-561.031007722747,-353.661148647015,-502.184593130021,-436.657397722003,-406.638250755472,-407.713162216894,-229.636922364944,-224.664030864704,-240.487264599113,-389.975273528999,-207.323091161543,-64.761049280856,-256.777502048427,-326.571029584806,-320.944764101607,-13.4560624048762,-233.528037572229,-235.497152205152,-200.664253253022,-303.967806363491,-133.20289455947,-185.808685451606,-164.272631544246,-208.206550006769,-193.679871046962,-187.271429572345,-204.651202826322,-164.526175492973,-223.828607158713,-180.889533097998,-181.142171599428,-243.588193373858,-187.794642253566,-253.186255688042,-248.713751907008,-239.303810647173,-173.659827224647,-263.682244720792,-191.243835495783
-235.553943477597,-240.116174724319,-175.272749325179,-263.444752796451,-271.715679458697,-237.198880826223,-276.107424160542,-300.36132001777,-262.645684272114,-286.874806661956,-306.504488313345,-266.349310295773,-289.820339180979,-310.280879006466,-254.080823973558,-348.680325166552,-270.22315509257,-328.922263123195,-382.554056476743,-356.358565574,-434.09425885025,-348.615480797735,-483.307527254156,-488.204616185398,-580.273871895927,-488.05209983912,-409.010880487368,-447.722867964573,-347.156447210246,-418.608811942449,-320.824560612207,-212.227646008273,-215.255629607556,-272.530371871238,-369.471810309348,-139.595860130432,-40.6975057115337,-101.623442338547,-340.143325487287,-264.653886817764,68.6633750377004,-124.616383242845,-153.881471718922,-128.12192398197,-250.960609873872,-127.061781665411,-134.694411443883,-151.133653463866,-193.097393376438,-149.473094177149,-185.81659055308,-181.642100202004,-164.366845369986,-213.823369325786,-160.209393932094,-151.71625874116,-235.730624575927,-186.559990539377,-241.167943526411,-233.152500408746,-227.545297872725,-181.604721656779,-247.707523650654,-194.134411623795
-125.822001070634,-135.552171518833,-88.7262460828673,-159.635241814726,-167.719939042812,-131.320090513751,-162.310354303977,-215.627603998992,-146.314012093576,-177.673494955917,-186.301886590594,-163.449199480272,-173.156762179055,-196.302774495352,-143.789585257481,-236.250130484672,-177.67474612525,-230.009740169399,-264.92270507476,-268.299332410738,-316.38267320727,-281.528045999858,-386.108572670138,-368.751998601614,-526.91486103726,-373.361933503266,-400.255403086879,-362.134532083664,-226.018553838145,-388.690122051871,-224.05465276514,-169.642005742705,-126.035017071959,-260.711081155222,-318.337677164946,-105.1158375059,-7.85828810306358,78.3526170354883,-305.019654404407,-206.284725471082,108.150921783738,-2.30462457954539,-89.0928374256092,-39.2193034496106,-147.889893714143,-83.6239431476972,-69.520794441424,-89.8086700106248,-117.864671608572,-75.8642518796371,-122.546006085744,-109.890691951291,-112.695696400617,-121.620326426123,-82.2431366753985,-71.8392516720128,-157.113007337923,-117.310641447503,-156.590983290662,-140.500135039046,-140.138301209214,-127.299089259029,-153.908740797959,-130.442947063217
-26.8580766430561,-44.9181338172906,-36.6171822558935,-71.3451700289978,-78.7314572039986,-46.1637476955798,-46.8366138581572,-176.516144149011,-46.4455889882368,-80.2735923210612,-94.0113595402506,-75.6655947163763,-76.791235433788,-108.509284009223,-61.1174591453279,-141.299380508481,-99.5625692677556,-151.767574726587,-165.650532487762,-191.398786679631,-234.459811337836,-216.565693934157,-309.765138337408,-279.57075693709,-481.356651468981,-299.321368967448,-371.075617795657,-313.274507079069,-174.900113718282,-369.524129669166,-195.619320626146,-213.373998975418,-82.4453208755853,-246.19634970716,-319.368657382334,-188.236925927176,-84.6601593416384,134.000181974565,-283.622209664699,-227.041615270028,45.9392265810848,-5.74523959912842,-105.836145802482,-68.8919011404056,-85.8346074989581,-66.6560938527776,-45.1330514434573,-49.3700438588,-60.0485499851128,-39.4302915296006,-76.7811010954422,-59.3546215546415,-76.5755959350683,-46.892571752531,-26.8201844154395,-26.5670100704118,-93.0139440121683,-63.2019268586757,-92.9032281622643,-73.9765929602206,-70.6343800398162,-89.5681101898566,-75.3355269776311,-80.0373912656364
23.9523502539033,4.33373384984801,-11.5629786356656,-23.9093331220715,-26.7919372012754,-4.43425571589032,24.7932654831697,-177.43480187122,-0.114282192182358,-25.5993193340324,-51.170640160192,-36.3609603372582,-31.9851730309488,-59.4170621707576,-23.8784322071721,-91.7030867724805,-71.134875950873,-116.873714429466,-120.943228366205,-154.891291779997,-202.251011865127,-197.12611681326,-272.208122363206,-248.717476686402,-465.250332952745,-266.057619555851,-344.560348449863,-295.409074024357,-203.129038009932,-362.807776170457,-226.032911737042,-344.547820209575,-178.075772467982,-223.045277941716,-378.393529544374,-347.648565640913,-375.988210209482,31.0455255071024,-285.11220097089,-323.780399221761,-169.359916349799,-207.15052010446,-202.845670392591,-256.475144962566,-102.478405981131,-65.2539661729341,-49.5507179482399,-40.888028664781,-43.6627733097931,-32.6738540235563,-58.0397283619791,-42.8053198485661,-59.4427285603625,-18.2282615298806,-7.52174098960468,-29.8584170620158,-61.061781568039,-48.8215028534576,-67.2033145392681,-49.8311299998442,-43.033579798106,-82.9340686625378,-34.1203441224729,-62.1541573168446
66.1650847990681,49.0453661425274,19.0388852832384,24.3696109025464,21.6308977741907,28.5995422253779,63.5735329959181,-139.103905657569,35.5000956607579,20.6711959479377,-7.30312077692641,-6.90045624866376,3.3592538993638,-7.41810192304855,8.62460686543207,-50.6361625865986,-53.5811691324808,-85.6927190105088,-91.9865200046873,-115.088666362556,-157.558316370419,-175.64098316186,-216.283058475103,-225.271358057997,-408.407593158597,-224.745062208978,-264.505267986386,-246.105166423476,-252.032586059796,-291.797219950804,-236.745504885045,-473.231006719761,-373.203702242896,-128.932093851515,-370.789362001727,-453.613645478284,-812.159910355904,-163.741766619977,-240.851230262945,-382.315774299917,-504.732070835373,-570.395874168292,-318.338889958162,-519.201125864593,-166.256901831658,-19.0860406707034,-25.6579639440444,-14.6946626079546,-16.7306834608665,9.29090314593923,-8.99081981603528,-5.91891712716789,-11.2764593826603,26.7209847400099,30.5969836752887,-7.17176909982003,-4.02300652730269,-15.5494805662575,-19.5697472048789,-1.63672675938881,0.503906910698143,-40.9759527250838,19.8589590360461,-20.6457557213823
111.144861853078,97.1645171896877,34.416196266824,75.3239232782004,69.5018232692834,56.0184650647344,82.6072616233323,-57.2717170898522,77.6739366263008,64.8564866854509,46.4601751937323,24.9879945466014,42.0155642512419,40.680601034639,42.2725755964788,-6.45377849582915,-22.3739897084552,-39.8010800279475,-52.4273787063569,-51.1156902058236,-84.3825440462062,-111.465285492194,-120.197144472766,-179.685942570159,-271.207088766368,-160.27615603199,-96.9386809298467,-134.294601585302,-275.75940275384,-114.836569866312,-174.508209748209,-517.287077791818,-539.264729871174,36.9518729270668,-200.83655481478,-428.51753650328,-1112.52056873547,-369.474158753513,-119.292734081446,-313.778708018697,-791.997760892889,-915.287263770525,-372.579903908068,-731.489558903295,-215.857313655857,71.499817721438,34.5455974949281,50.7617657540659,39.3687558666157,91.9612073816907,73.0459291692794,63.3151547653851,67.6314192169401,100.612950535172,94.3868594271042,72.4082215588818,84.4367266687157,56.6072713246034,56.4022976702562,80.5040971073731,74.7496382147084,48.4879681739301,91.0873965147284,56.4566789755162
132.085834788023,123.965735539239,21.2384040633763,98.4172844383136,95.3532885340332,63.6210003738902,88.8837734280752,7.51401105145143,99.4741952605356,85.5018545990181,79.404507803199,33.0075590779801,63.6389093684141,56.1218173014999,56.4186674094629,20.8978603377143,8.12351075367286,3.16675063281738,-13.2028648605188,9.42399169082331,-21.1118850550303,-23.2349008342292,-24.4376173948207,-127.464355885955,-107.420295084412,-90.1319786314245,102.253322031464,9.85328160474468,-248.07678409288,104.379684930493,-47.5520491846822,-430.58775351932,-572.12138111265,192.898185323334,62.5651019852564,-281.034480056613,-1020.91528606439,-527.221831669335,25.3656678449411,-142.673944448398,-814.004721449496,-1022.35013188534,-304.523690596666,-794.857617232215,-236.765633644254,151.999603338196,88.5816839544509,126.293449317344,85.0527650003044,158.369069191175,132.649022241846,119.872721992642,130.790964426128,147.544189245693,139.587375638652,158.086234618813,148.026645737634,126.132787812651,114.301190485363,144.563874762965,134.496942571079,128.535155094243,138.688517705001,118.677588768319
148.979672491612,145.074690659298,26.4662343692797,114.211081158182,116.613846759632,81.1991325275717,111.26295234118,49.4896790234795,112.33884541996,102.557769476449,101.820049639163,36.28083737357,84.6655729796605,69.5899607181269,73.4166829407716,49.8344329124384,46.6903469881341,47.6819299341913,29.41338054206,63.1187579439406,29.6675531087866,71.5147205067683,50.4497877934166,-68.7845263567909,32.0812088392585,-14.1871380040994,277.429290162972,144.434565681075,-147.452171262949,276.735968810442,109.757621606298,-227.485546649178,-451.798493668018,300.34918918189,277.980252006076,-57.8738752449393,-613.482881095919,-576.190155575952,145.559233040031,60.0117701333349,-550.057180230563,-841.517287860562,-132.138841155042,-691.183633486484,-275.203049515497,199.071475123812,117.807341009201,183.335535848088,110.966737007709,184.287364252901,162.208791839987,151.384348504709,172.192139508077,165.194721309892,167.414488698514,210.511984838333,181.75047849843,179.754962143866,156.299391166058,182.973996573865,174.012376522317,184.344728352654,171.658391849694,157.210912682313
169.958782212067,160.356381956592,41.7993908461075,127.077132778888,128.347222455311,106.208617971492,132.761064999458,67.6570604769915,125.737596093796,115.152828810407,109.50661715803,50.5353641337032,100.973132134512,86.8157254492921,95.3491842090222,82.1215200643881,88.8014905967821,81.756344049579,58.6072681964046,103.313371111614,60.8628841198567,145.441824394308,89.8907045520514,-28.1826106761667,115.512690484657,36.771697400627,391.442321506256,210.055510320458,-36.4845668484271,340.568127953372,220.817486885955,-41.0980846063918,-264.512047918947,365.866417653644,351.238557605926,125.623698059747,-231.941616092041,-501.606903346339,212.821642824201,207.583726675326,-270.753430044025,-549.236116966055,5.6013813572988,-517.497631638711,-362.769964361353,198.145019448869,108.236446396393,190.089570170207,114.991238463716,155.614899303655,171.542548048312,149.435610582721,189.781475876245,174.867166111892,179.764279373131,199.696120617239,202.333469962594,199.196596700686,184.533949936992,200.176393039617,193.00483501393,210.821620948626,201.082795365917,176.832642500591
154.09580958159,133.142740840525,1.14451374539918,99.0309972064308,93.8713002185774,90.5609463437744,103.773192435067,33.0477252291674,108.057402460772,83.6934745032292,72.1765362435497,40.9129638165625,73.8730086199798,58.8231563612718,78.1340855555353,72.6452929529423,90.9490809466931,66.8853154845424,37.9951521303389,95.3773643452523,37.0883582693833,154.934533773832,64.1739012539423,-53.2577081748215,98.3509850572542,13.3981673373253,394.295789097774,164.329382888127,-12.7887535379878,280.716711112075,228.275763577779,15.0587051401128,-117.337854375321,378.160139036173,299.817769413146,176.060340359499,-45.0055916420185,-334.638008861508,210.177535203872,254.295706167275,-181.046375603049,-316.823374023829,16.7917555227478,-361.289099847319,-427.610713296472,144.658571810621,52.784120344328,141.945245709965,83.706146295542,67.6441102961744,152.928808132716,97.3408915503888,170.537993866584,164.125234989644,150.142892565131,117.465903238059,196.311695304363,152.154527642873,174.866085349949,182.369795809461,162.807349433936,179.963267928939,198.696476725922,152.747266623967
107.140146004597,81.953842127547,-57.8026834935589,48.2488302774637,39.0218233722373,43.7153639996853,49.0414454887619,-21.7909308821476,58.2548164109635,25.8007408702591,21.2543462153626,-0.684040482398744,20.4044104302925,-1.15241227004165,22.1445963049896,23.2210363413382,40.2980044773965,10.1787607090906,-8.97834742108247,35.0173437821572,-27.5739851520987,93.1846180992321,-16.5212973124052,-117.027089112371,-24.0216792587774,-51.3303694092209,263.608865830366,54.2353595039892,-47.4478778932608,142.152174610164,186.677037864277,15.1815612376884,-23.5296358362001,322.089450701494,236.215579726663,174.930733362263,86.7929932304956,-96.489471624684,172.491948650424,274.030140010482,-135.592536046985,-104.831466523135,12.3987384963626,-184.879628110858,-357.504488121628,98.9016812406362,2.07089905465355,106.336723463376,54.3773163688772,-11.6393003850671,138.950392269961,45.4972094248299,153.620597956034,146.384726381048,109.631753011487,42.0648784857394,179.408266678565,80.280052651309,155.651245745418,157.391795051923,107.52340461281,122.86792821548,173.742261607939,102.060213835579
82.7642416266615,64.6541605385408,-18.6186862790936,30.9898009077156,23.921590453228,18.1171458500891,30.9861296054554,-33.2101649079687,20.3096930969773,0.0873962824983995,14.6168233748443,-36.4014371843311,-6.16612326715087,-23.6808815313765,-27.9532409512887,-3.75208720929171,-24.6176701002312,-43.4425057290874,-18.919584772253,-44.5842571328702,-76.8540167373729,-8.73058964422972,-102.226160773605,-136.363370341983,-185.961562731788,-77.0683959171976,42.5929987831855,-35.3414843186259,-24.8806253193662,-9.02962598295026,179.769413056614,100.198464834802,82.0121861461525,196.026328415055,235.975116133398,260.682878515206,300.162190254272,173.692682614199,146.830244687378,355.237619561941,79.7922017494863,225.263401698374,139.508560344055,71.6150521280109,-144.210065866355,120.544570919155,10.8866756086746,137.657798243159,74.9826000184604,-10.3682280714552,166.828493198445,58.2782336726681,180.651577494926,151.390489786739,116.618381265726,51.2647655549869,187.430244630468,57.8437066165276,168.339810087818,158.324724829484,89.628301635378,106.90922705239,166.468397926584,80.310588761884
104.869190308184,99.3444622369012,134.361346244658,61.0187042239151,61.9438966659554,35.1971944825621,60.1753185627035,7.25703027287803,29.9558913545336,26.8902392914286,59.8525981952946,-33.336716296903,12.6222412458096,17.6355954860866,-42.6298142511224,33.5313179691049,-54.2471048047894,-57.3506533252542,36.5180401739256,-96.2106404332119,-72.3367826297209,-96.2056910792605,-141.218878235234,-71.7527888833842,-292.124228826298,-37.9746743114038,-159.415405367214,-58.393617239359,96.6349805743904,-109.18761000089,219.360535096843,297.888675790093,274.747432230888,37.8741265751593,280.74323966386,432.715795617279,572.564793481823,433.280864868311,148.570189967354,474.653244624846,421.017365331262,679.317665630642,373.347745910489,389.434773508212,127.44100362438,189.433037783752,76.5285971450649,204.941731741435,134.896441661785,62.6739273951779,216.802297021879,121.64208832781,227.103285197163,176.116607101949,167.687569262192,124.059767888152,216.000676511952,96.5755154969348,195.683510819267,170.367078684488,125.853892684318,143.898475472431,181.798538271112,107.01619978773
158.356029948434,163.227397944325,286.762973542664,118.891639213597,128.711704775745,84.6395857015254,111.012127973315,72.8199268845564,81.1298692293216,87.5510908257201,130.235550638946,10.8451026085754,62.7775331803197,94.4410595751619,-17.1002249460446,108.658630498479,-33.0184799105466,-20.0031536312791,126.217485928207,-88.0912500918968,-16.7616015215033,-121.62586500534,-114.683720505306,36.8817319368906,-299.078154639163,27.9207796736876,-247.404922298441,-27.1543379831181,241.061906906704,-131.256309100026,249.704471954759,523.731859583087,564.191256660773,-82.8789064913593,304.32537879917,574.122483656192,826.152568383084,692.229339723783,167.156466358451,546.228570233395,701.33523437153,1070.77574831289,571.347349573522,692.443360154666,368.240461027397,251.069464850176,169.791582527175,257.910826322146,201.445611107243,160.14045541304,258.107701588618,192.038484241342,254.730723050723,210.919347819343,229.090741976899,202.715498071188,241.377518376494,161.833060338395,210.497180339857,182.137626135951,189.690196987535,200.246084097531,204.738147018669,161.413625096037
204.889671015047,213.921529881806,326.98910629295,172.405324424664,185.6611816015,132.743791030483,151.443500899231,129.645057487096,125.047415361686,143.537052159529,187.469160280663,55.2194361304966,107.303913672797,157.168455489556,16.9383378290044,149.842443517482,-7.68108748879623,26.5095675012317,179.681968908813,-61.1598100394719,29.3949610683387,-117.555591419606,-83.8337215005143,100.441857171258,-283.283884660528,46.9854288764695,-267.187115999257,-41.6307822242259,281.07406904206,-171.247677157757,150.35852476517,657.142448043171,835.63592397146,-170.956473123462,178.227646949089,567.984349713126,972.549133998105,949.158876823286,131.31338382894,485.91097250614,835.566347118159,1197.37630009912,635.554557284394,877.474973160645,513.989439213515,274.772160668484,257.578147960279,282.644221553088,257.702136095622,241.989947677043,280.692593929489,250.77894607914,255.143734406974,245.557519980748,279.370897201209,257.009660696762,252.782956044848,214.321870762558,211.593227519769,202.235332326646,242.537264644776,241.223651170897,224.556428103898,209.512760365452
205.229279342047,216.641915111254,257.366129680095,184.548246107937,198.612105684245,137.349528372486,152.430358568852,142.880223016623,122.406764726273,156.218101775704,197.064210929011,50.5258856593528,105.94337066143,167.199371123979,7.40395259215446,118.777200292016,-39.3466030134688,12.5919726903352,155.216273468824,-96.8682359397916,-6.99903035498889,-169.462807434351,-143.513809417461,56.965155756463,-364.33634965398,-49.1391433665606,-360.632638011619,-225.933364296563,142.108789179499,-386.982966658721,-179.201506030894,599.035903779395,946.901586669679,-314.330024914515,-215.105753141297,361.509873881086,926.055667312953,1128.12047385232,-54.7247546744169,250.219835539124,832.462500446318,1057.40477208762,575.28622447967,868.374880209851,550.535088754537,259.297681914604,305.318887011581,280.0999107169,289.595173069844,282.594551803571,271.986585422181,282.718125973133,228.162318236692,252.667929200368,299.254035170918,276.205029443402,244.187911174571,229.323294336972,197.339810883621,215.855395004856,253.434368951043,246.476803305622,226.607780419262,221.324496317497
171.900635533942,191.480093962179,174.33568344995,161.082936651938,180.879158422083,104.552801044772,126.088685105825,119.643084213321,96.796398560534,133.99780694462,172.348411268574,14.7642368388184,73.9192995442183,139.247335286612,-39.8975909698326,59.9854079516508,-114.332264714033,-57.4930812512008,91.9259216237624,-190.25223574784,-107.044071951303,-279.165647660674,-281.976071417998,-59.3927000517166,-532.488367189055,-242.280358476062,-551.792387866391,-532.227176211178,-125.499980623699,-738.482613711098,-619.44920925754,300.564091911265,861.589343284483,-505.89660234522,-719.049441731095,-15.3308817934834,669.670120874456,1124.39424762692,-330.255700591883,-63.4081232287887,654.831163837426,790.637974147913,452.771967679494,674.923098010436,505.193179953776,230.303520406743,312.026572876308,259.800360337158,297.879906432782,295.499819281362,239.361424051127,288.378444106962,189.530877644839,231.383229851337,293.247741584427,274.660311690021,223.936583672348,221.23677567174,175.601570159706,209.924850393467,234.603299992214,232.147784030517,215.18507446158,204.26270552588
137.874329143792,170.557116948355,124.223600939615,134.45097020742,159.688385020888,68.0167993258219,98.6775092232618,89.2071287348162,74.7865664258372,106.551029197185,143.596455729152,-8.1261471564278,49.1732485389896,107.708744073407,-80.3624978259737,19.3969958353302,-180.890838905634,-124.361247613681,34.135075344834,-267.23099091023,-192.793832812285,-372.778710845689,-399.923213088712,-175.622962165582,-670.403124620074,-440.816025438558,-713.802018641791,-764.403566525084,-412.190886991003,-965.756073383996,-904.634266527136,-217.971260534855,576.516541450916,-616.941116280592,-958.162482408214,-473.894267452193,240.765713360429,829.04913159745,-487.188449543262,-271.424536150423,256.681477500566,438.278019811534,293.2251029439,365.860474883131,378.847775931898,199.189975696251,295.929183204601,227.252846154679,286.992466592461,297.619181673435,201.516866808644,277.871947728027,152.242406342576,200.006798387436,275.670973581819,265.99422348737,194.397584583531,205.135910166279,149.92970075362,189.097075870961,207.384860804655,215.583059048696,196.623142864264,178.138912939397
97.1096283980816,141.593193263308,61.1962604329912,107.522901963413,127.388388658569,30.5051996878121,63.5792388122259,53.5297182370264,42.5633485382691,74.0153668957635,108.821446610299,-27.4201112739082,25.3738274129653,73.7937360966328,-111.189135881875,-19.629932599626,-232.652116013468,-171.800824123947,-26.9638810336611,-308.031951215564,-242.857227942088,-425.088680189259,-458.432571361354,-268.403138589142,-721.476308503394,-590.290249569584,-753.742534666276,-855.071411763929,-655.23107092588,-928.089854729339,-979.625966039937,-781.791126057076,96.1884422834655,-591.364518574479,-826.854763746836,-868.79397591988,-252.675958652574,242.203466268067,-443.435534035022,-327.339383042514,-204.871273327563,10.1654087595235,103.000154521882,51.9732597815596,194.64626528677,149.579127238364,261.572763387958,177.229153148842,248.573873211865,272.833659115515,149.794472160142,245.143445403906,101.141683931495,153.267545368889,240.561592015201,242.731892968104,139.317689156541,171.404969993677,102.071111465205,150.38994761373,164.983667838689,186.406951277545,153.161258218334,138.77713174015
68.4764560176537,119.028540538334,-4.31306761570903,96.522548931447,107.399152851513,11.5960432860201,43.9992793833522,37.3401147226387,27.2863665230667,59.4857668408087,93.9008336299746,-42.2731604884588,13.4580823812731,57.6945651442657,-125.918707587859,-48.3374917286111,-256.524097778225,-186.668522875979,-66.1154041122395,-314.038763619473,-253.886922941662,-436.104164117767,-458.372783483062,-316.914975066514,-676.902123170605,-666.592210291841,-666.262359319605,-871.745087354885,-822.39111616746,-728.230356770847,-1004.41129853788,-1090.91328836426,-386.780445163862,-476.543370009294,-584.333279269524,-1030.62408945492,-557.001835536588,-319.064004156163,-309.325828662639,-319.23276859878,-408.063195913141,-272.971929966391,-46.6849285412407,-111.077103721257,97.7050462068396,110.57444546611,240.685782443801,142.748019086817,219.890593122664,250.090174008321,106.205699361824,222.169045678852,61.9317434590058,120.569041768069,217.162254886181,238.471334189215,95.7638552330901,156.453974620629,61.6120937845183,123.819462715526,140.59996869219,178.440850685434,111.005106395398,117.063033554576
89.5663564457114,138.521255673465,-10.7847598403073,124.021785420333,136.016341452674,38.6954758389603,76.8416983873253,69.7865323918335,66.3489569724501,94.2496775006605,131.131943341523,-22.4085167844323,45.6719050118736,87.4615374390355,-92.6456061839209,-21.5630270909838,-214.282948939742,-134.721795170274,-34.2626810265932,-252.082303114031,-194.921521506779,-373.096077030038,-364.026402091754,-280.803836453717,-500.128789742379,-613.119101653541,-469.172600644177,-778.607612562637,-871.349680809171,-477.585370775584,-993.628798311665,-1031.50860862644,-608.256642349065,-310.736350751418,-408.177291466916,-918.403987063446,-503.095330260356,-456.943107993513,-188.289476526934,-298.253611637719,-271.269420313165,-198.173386058986,-101.51590518447,-68.0717934250385,195.055763459694,124.200809292067,261.839802520356,156.461113904255,243.194688008204,273.524064905287,112.386421612259,244.702471142605,77.7953320510863,142.546513251993,236.847994273041,281.581359820122,113.787672697953,196.648728726711,76.2457789691439,143.562054151857,170.78745550963,225.364373779988,115.657105064604,148.411637660446
108.345425776156,149.791034318419,-1.1318979260846,137.579515967974,152.003250667427,64.2107159597697,107.728915355691,91.1277333375174,100.946045925249,122.941180550835,156.737755348759,5.51105311904471,81.0649955229681,111.344719253307,-30.4484954556553,33.2149891510335,-124.166621085419,-43.1025266051355,24.2723222522012,-129.431629706678,-83.0207236747889,-235.463629918116,-176.717982490666,-176.841631425137,-213.208137172131,-401.477876726714,-220.204786392083,-485.306489222155,-759.450504952953,-196.375454357954,-780.587517368452,-783.024499693453,-578.565082118305,-131.181270806563,-236.797955769545,-647.620897725295,-264.909020379721,-232.852127448845,-99.3493818065401,-264.342939713889,-71.8543942962178,66.4312294056433,-143.76257024459,35.7975170813719,343.937340868665,138.547618890328,262.19184861567,161.712677722377,248.861147416972,272.617925408862,121.758796254584,243.686500479149,97.2549652447113,157.915703041772,230.490689309365,288.270480276097,136.862952089635,212.54375726764,95.7528157829084,151.775772873607,182.379462524685,241.287053535472,119.85617538949,163.15986523994
43.3982766979034,75.0538705221669,-60.8906932941403,71.7165190993981,73.5751259699632,27.3770394487312,60.2763858125565,27.0473881753168,59.3974334804982,70.3490168034023,89.4312601348728,-13.7571719615398,52.4834714188402,59.745676965241,4.53222459749151,33.9006020507499,-46.4481231054145,17.3180867571394,22.2632900449672,-15.4019282637795,10.9114510716427,-90.8644221495859,12.3617583153305,-69.8489443191445,49.6454399786447,-110.065938913279,-21.8679674086324,-87.4820397455334,-481.546340796338,68.4217041476623,-359.870965705755,-508.32562669251,-488.968392834297,-7.05038909181126,-42.5880638155086,-336.375030517515,-95.8247972846783,-66.217090874258,-53.4411427425334,-228.3879158429,-29.7003991547533,187.858137523075,-271.897173381358,49.0767277507387,310.737806267138,76.6596483681271,160.047914805505,86.4035521232492,144.191679812527,152.05224743902,55.491665564615,134.816128487758,41.9842995466066,79.7982449674133,117.052228257402,171.053673940861,77.7192083854524,110.820089212239,37.6275989557422,74.5678471003714,89.7852260506249,132.905607123314,49.823587901218,71.1275554626419
-72.7038981505189,-50.5337383128436,-162.913437380725,-37.6187058085845,-53.2231607520086,-41.810813296413,-30.7962123386874,-81.7505964475028,-20.831285798704,-27.4356266798059,-30.3168631159161,-68.1599275638912,-19.0010115320161,-35.8351605391674,0.753789179481782,-31.8814129321662,-2.87394822642197,31.5278980052493,-35.1720720274914,44.2370155202037,54.0996167497753,-2.13475223626427,121.781910492761,11.2913879641291,178.998470953356,135.603500273326,68.2316935224387,191.749620702485,-127.029686948072,228.019466587105,30.1942816389965,-220.501092892734,-393.238737410798,25.285812220775,73.9836551209223,-54.3097388161223,-3.91450990340423,-122.457428121294,-67.7876469727173,-209.382247456288,-47.6677546421285,118.188342602136,-428.764116223646,3.64102873846948,83.311300841086,-30.3044200410714,-2.20151788986137,-33.7312784489004,-17.4490868527085,-29.361055200256,-59.4433184501333,-25.2547775748982,-59.8833298265328,-53.8477457559003,-48.7908032534352,-4.02619432407778,-36.9323884156674,-50.3530368311847,-71.1241613125021,-46.0123319525173,-52.081060232262,-31.7412612841454,-62.9881104903108,-77.6158849803653
-132.847106734052,-119.986233631266,-220.814123957022,-97.6252955381329,-115.503518279744,-70.2299234234558,-72.0359081224664,-135.421171865175,-56.0520912962345,-73.231313678909,-94.3745713438424,-97.9644780298323,-55.4071277848887,-84.3126763889615,-3.84211386012773,-86.561829914426,25.6871126849907,40.8152929279534,-68.2425244073654,65.149014930695,75.6965077169258,34.997270894991,163.323855616792,80.8142399817299,206.44506490126,273.147966544253,87.5734000428239,263.571856883383,147.318921416691,249.865013605369,199.174085098996,30.8610809827594,-245.321838452253,-0.307898877836809,61.7263113563292,123.717283108522,102.435836722569,-220.87048045539,-123.321229517899,-221.802028765299,30.8451678709591,54.2141422826366,-483.298826732984,11.6124189723432,-133.998324882726,-88.6441803642289,-94.0348826847359,-101.404825323533,-99.8475065339131,-125.101344145383,-128.453270256553,-107.50430166152,-121.439291683622,-131.668947399952,-141.24137263069,-98.9092350644218,-108.733292364962,-131.944500811318,-136.177731029776,-114.022088007826,-123.119532610119,-113.109590397925,-130.590337563154,-147.810353499918
-106.241283801491,-102.365638493097,-214.817067801426,-79.861223614779,-89.135692052806,-44.4911952801262,-43.3566651267247,-110.508377007187,-33.8401538873996,-46.4702796005002,-70.8176194597952,-82.184831423695,-31.085921352301,-57.8309769776239,16.5692623222189,-73.46626702805,47.8596049894277,63.7246250079694,-41.1576987991495,76.2635839746861,101.657328424648,53.071726804532,178.906808921596,138.312712774234,212.678121132198,312.914999518101,90.4396778659838,209.324690487898,251.026598145179,179.703740518264,170.274612999538,135.501464050648,-73.8556656767211,-34.0051419869049,-15.9086714649812,144.204651994909,198.332429698866,-214.445114859098,-175.209463059596,-256.84562390888,159.044620903261,108.315618545711,-415.585853276605,112.028939624487,-177.37596509537,-76.3599864852855,-64.8927328921952,-88.3552281425599,-69.6690768769378,-100.382556895736,-125.726687425946,-85.0008745820931,-120.193546599906,-123.087560425794,-128.531462724476,-85.7785517948961,-106.561369497985,-105.381696809832,-132.144479507395,-114.532063215788,-105.045059561402,-87.9380557090477,-132.251770626073,-107.129088277585
-50.8513853047926,-49.6163329799093,-155.805213308082,-26.11813453051,-32.5915525240082,-0.751030989740407,8.15915768441583,-56.9222348080753,5.54407502358232,4.66017208898376,-9.20982259830211,-43.1456172418397,22.6989063728143,1.36800780797704,52.7602286156943,-17.1377329157751,59.8340908930097,86.8296110265357,13.9716486630004,89.4962311403209,127.068781839788,65.2950287232897,177.629048756749,166.190579527204,215.231975889809,293.654140212868,86.6618553370364,137.002478975125,230.466531514865,101.463870047469,80.2927626258119,90.1321644693443,64.1247370992297,-39.1120268689038,-70.5036619122266,49.2021600042829,234.719930197262,-103.2474998519,-179.909124818385,-254.5143808628,223.837426999025,224.81341739664,-292.018395276972,290.112852856204,-50.5135938540706,-45.4266163456564,12.1353459231576,-46.1002695907183,-4.83196380734487,-39.354225951078,-96.9763869207654,-31.3289630780597,-92.4307703764472,-84.6534324461467,-78.6411392956205,-46.3709015074928,-74.4393461101412,-60.8122672409876,-98.4087018932999,-91.668316248427,-70.6791775883853,-39.0112479692098,-103.040894863925,-44.9539858611104
-13.552703193727,-10.2458190898815,-26.9797245083865,17.0807635911667,7.36990397129546,34.2318918112164,44.5255268842219,-20.1821599864677,37.8699101027944,44.5025217581904,40.0912786921081,-6.40389540235386,69.7620523801019,46.8043936181639,81.0657090858909,30.6536124463764,65.8742564537723,98.9392075058217,55.3018482559258,97.39701802658,134.986188936608,68.8722055508465,156.314377897289,159.634561089487,197.204854387493,250.486254187989,71.3560244992671,100.91363002463,176.08869662665,78.256421970422,38.1832001268534,1.64179360494086,152.540395805715,7.24848107544866,-56.3073226520527,-58.637975729889,242.478669302064,49.0127292002118,-115.315842331408,-177.009740422273,242.705440074943,292.83258541813,-154.976821937284,492.294032670903,123.852056152627,-41.0702781175425,43.7484729598195,-30.2981293272441,20.3969529701436,-11.9083031456453,-78.5472589842708,-8.27562605313975,-68.3362683431316,-64.4711412918073,-55.346811203658,-45.5734389053263,-49.8336964938283,-63.5692331874692,-63.2411211452099,-66.0204868102634,-65.3363761487687,-28.7432636487697,-64.0757624284707,-32.1742911454716
-5.51707438478603,-10.5047236179888,138.622086592924,19.6236905341587,9.46740558843914,43.3427313638744,45.7236588832543,-22.6287200708721,49.0860381449891,50.2541906491308,46.2680489785467,1.27771703507317,77.1840629557183,48.3239098328705,77.7990335664048,40.5498123369018,61.2830421673166,85.8072592845761,59.1405531613787,77.7811114158127,108.694997148549,52.6720123510772,113.944068728882,123.266219804239,159.107636240959,196.512124111598,51.1454205366904,89.2363139977448,126.877249966887,99.2646188112189,52.7593621298756,-29.8017343722543,180.044997460356,86.9072678575165,7.42461557973385,-107.389316501029,237.036497267864,148.529352960244,-10.0088852066743,-97.5208279073947,277.289723585166,237.810886748352,-47.7876792229268,605.8999368107,218.250329482091,-76.8677030071228,-2.90861664291455,-62.7209178861383,-15.8842577280003,-35.3646385011327,-86.3380898775198,-35.0526594348061,-69.2611665455073,-75.051565135406,-75.7746737523726,-85.8817669048926,-48.2795973083328,-99.2545659779803,-46.2702607787449,-44.9187397446956,-80.3968189924823,-57.3801495847766,-32.2127855217038,-62.3458270389017
-20.0865735790165,-42.6031748671682,236.551718268292,-9.77891970099827,-20.7995342757078,30.1845463457491,17.9644932873021,-51.9562710266148,35.390883559961,19.9822042248812,10.7181042033839,-20.7847741821663,47.4594831747912,14.4491275872317,51.4592768851448,22.9208931132564,46.1000743363394,52.5890454352735,37.2591381408083,46.243859248349,63.1459443165924,33.5982471824167,67.6583723569708,76.5833489861544,135.772132026072,138.547602692476,60.943261899795,68.496859828942,87.0903040837918,125.784261226023,58.8066500934577,22.7068403740927,150.647953692155,160.75539701972,56.120762333529,-85.0458234859133,160.088870177403,162.391855448558,77.8766902863122,-103.374688889442,284.12268062336,69.5752396625276,-23.755909100496,549.785714522749,219.217737257341,-131.146816650025,-89.9701364988224,-119.477746462383,-82.3978101134014,-92.0603155120704,-115.576154603292,-93.1255214255913,-94.595866819228,-100.873026027008,-112.521888785354,-129.637557867612,-65.6672468548632,-121.152101308404,-54.3287565517627,-38.04129255425,-88.5420475573584,-84.421399281634,-21.7741846362378,-86.9429400938646
-36.0313815172579,-65.3093992558121,207.960540678597,-30.0080660252422,-48.5861843404361,22.8215427460814,-2.26671296987006,-72.6177034106489,17.9272673776158,-9.49761163071167,-28.2561030144438,-35.0688248250958,24.9879271675748,-13.181014294554,41.7166630153608,11.5672570212406,44.3015651479765,34.5107339692872,21.4688578452954,54.7746512271789,38.4090425924807,60.9190334368602,55.7895370159096,40.9666946191533,171.239350538381,82.5950492857031,137.127393711599,46.5458915508819,38.6272605997757,153.896552920569,8.08583181141305,57.9958524550726,81.1162444286183,209.570618303336,45.3454288930359,-57.0519910621476,-33.0660138414144,110.382138920103,107.722918540942,-181.063941917464,159.68428554126,-165.687829964923,-84.68877907216,341.609547282582,170.463479927896,-162.548889065065,-160.960853147233,-155.610306276985,-132.903045700286,-143.492109675483,-135.608588671327,-140.714690641676,-110.102248333023,-116.033252659625,-129.803510390981,-144.401089402885,-76.1459780242571,-109.978817911726,-63.328490922176,-44.0957936683775,-78.2036544627998,-78.2333027094299,-23.0784122793372,-71.8565592785677
-26.6799007433727,-49.5287051529183,123.282425662153,-15.5222499286897,-41.0113459949418,38.8969752917801,15.4620408418559,-63.1758597820564,25.3622798008028,-0.433401426474796,-31.1214663519229,-13.8111496325599,39.2045301845813,-6.57355796997386,71.9196088606222,30.501823240251,75.5159092330736,54.2636981373292,29.5601174951757,115.9617871828,56.6670937554481,146.806531522382,99.5346743021558,28.0146971044031,262.621236440031,46.701453502215,254.641925642748,70.0224128026845,-19.9810919804516,196.228590703657,-52.4656351697622,-27.9067569921936,-35.0204802795782,235.191197632905,11.3578897470051,-83.6396709461885,-268.571146436553,-14.5437260670295,89.6476407667572,-246.625524999061,-65.8066837992739,-404.077795297011,-156.280992149178,84.4021540509398,71.2379194012735,-142.055957837219,-177.755913233099,-139.830851876701,-139.317409548903,-148.194401194743,-111.508212712093,-138.46317202947,-78.8450837879227,-101.488288248984,-110.429482121592,-120.748586070869,-53.1542010611099,-74.5386246225998,-40.9288477993701,-41.2111544226625,-50.8563543152988,-39.022868835902,-11.8024804156917,-23.3418408557673
30.5882451440492,12.2001746023541,111.641221327473,43.2565631794986,21.2636012580806,86.3013198162677,80.8585527041492,-7.0968083688486,77.1216688649233,60.0559442187786,25.7375152489091,47.486441811424,94.386914891513,48.7432869697648,139.442238743897,97.29954400873,142.076206354525,119.130049056531,84.6111316366302,204.594274342628,127.863686348045,254.182856509156,192.958036292361,75.5061894969248,367.318233308142,88.6824582448403,352.099670465159,169.25616164473,1.28199677067171,256.034178237184,-11.0017374779817,-120.361645907055,-176.887585764451,252.978907494899,39.0549832737605,-81.8652524369106,-391.568546846927,-155.592672421903,86.4101250143181,-209.48526071345,-197.04801624978,-509.07178083999,-132.391065508131,-71.2176880073164,-46.0337650697189,-56.7683074934354,-106.287282481915,-55.2863679300846,-72.9096138465359,-67.8817364762413,-18.7545600245806,-53.7235307126897,16.5745681722614,-31.308804188593,-31.5038416958807,-38.3822931523083,20.353659702099,-2.50288968950325,32.8111695138638,10.0277634456231,14.4114725485272,37.1385323208435,39.5853421586815,51.3914051721785
106.612769869067,89.8619524690941,176.138550271881,119.016815215068,108.776567460611,143.13841209507,158.67836910047,75.2533129854892,145.929355713486,135.96672815415,112.800700758929,115.700933191797,161.128967406546,129.745121963158,205.50279089915,190.770557032729,210.08000683555,205.139233063979,180.796877909723,281.953334077924,227.972460493729,331.537011309205,297.032306752378,193.57561153388,440.161822730897,219.629546883267,385.757738095702,296.876197084737,165.980817585314,305.303258210604,145.003886081195,-54.6556279923113,-280.279811195882,253.590980215291,135.576893918777,38.166073524343,-362.059502585013,-212.168149596363,122.694419763563,-64.4696308362129,-149.208555087964,-416.181531561225,-10.9262662893122,-75.4642448335036,-111.065281169985,58.5446812677326,23.7684597077802,61.8744044463933,43.5206572806953,65.5576861908625,103.392284996023,77.0122924234449,128.928684377448,75.7180204008642,83.9790422198425,80.5901085686478,111.751205970688,93.8955389501646,123.044381327111,95.3994305367419,104.69543515699,124.501365055725,111.227082496011,130.086246728941
118.438491117895,112.046943626107,179.691240610753,135.962755731259,137.23441832806,146.689959596334,176.740555652136,97.8429688348104,159.873966163385,152.733421380305,145.316940329206,121.661213291393,173.648381485327,161.501128167962,209.824670572415,234.520189143399,213.260014307307,241.781898097866,239.102313090328,298.43918459125,282.600634299636,336.395338229013,344.531983188463,295.728160828487,451.205813265858,337.571869539324,348.049546134351,367.208532633815,364.081677321015,310.747878233875,295.002261796367,93.5373328718339,-302.105876222681,211.252727823201,225.407292073428,187.219025873805,-288.36208549336,-209.358101059864,152.022012953337,82.5876752123818,-66.89448893025,-261.201982521502,93.1642381345797,-37.0686214889958,-122.234843029979,124.280366625828,99.3593103000643,123.391953502122,108.25120200042,132.915515461601,150.025175495013,136.75852579688,158.086494349391,126.610481442689,134.454225989163,133.151505085626,137.663083407875,132.437015503344,143.892252064197,127.17042114907,134.215498048801,141.831263714385,122.392623591512,143.501050725004
57.5727288630573,68.7077981220705,86.4212545617092,86.3869730286448,93.2617922931629,95.1693977896977,137.440625686264,35.6920105267425,112.317494920557,109.731566169247,110.823098990696,69.1093124870538,129.244187368596,133.376011876013,166.692206389516,214.035227066706,156.856212308381,217.301175048616,228.592407999332,267.426082487549,275.650832718587,294.848716137467,335.106400214842,326.337914804977,434.623111373745,384.891476532619,306.603560879703,399.765807043863,475.202447417111,327.958506616583,396.398110836645,184.332256478624,-220.941924032512,183.109382010519,310.315894109951,275.15351691213,-202.520142026163,-209.375208687647,184.805977757024,185.745681999194,-52.2767750804132,-153.341542498723,150.691031200609,-21.7416006599611,-97.4212527999633,127.058686758974,87.5902211719268,111.03415098349,92.3475269296055,98.9010160512696,105.461264834732,99.4011414527842,96.8370608561323,94.1455903661718,93.1599560302504,89.5733395393242,89.5635903631061,87.9969667344432,86.6008796818541,83.1103428474569,83.4112143368464,78.7230791451486,61.5194910660148,80.3597950042855
14.5313340809431,39.0308707400654,19.0525641586081,56.7771163613922,64.2559419427344,64.6553784890052,124.048347839027,-17.4839143136162,79.4256009879603,91.4814413450944,93.9672880956216,46.4629873895704,106.21589586142,124.448494261109,154.063902065083,206.802627807213,127.904599664797,209.778125878267,227.258568198954,264.442303845062,281.491341506991,282.943791051832,351.903603005748,344.667904254332,464.986467688295,432.611221157846,348.011397372164,489.269404124574,533.488583000972,439.753773389189,526.474544495516,263.49064134848,-44.5692741897234,257.444349827992,453.146983902823,374.625131180438,-17.1291941280635,-178.500624737886,285.650921171169,317.717227677544,-23.4428487810882,-39.6016677914465,235.247230733151,19.896337690788,-28.4651858516336,125.523460527814,73.8283442643751,91.8725754846133,79.0405389375006,67.6921806177151,72.9190815819291,69.0840470207098,47.8009624362241,64.9878139268283,57.7182093525028,45.7625412271308,54.5622199219242,44.0901441859853,43.5287353574957,46.378647357132,44.1230331187807,27.9224307302217,21.0426198150331,29.6859401429504
12.824345263375,43.0790187562402,11.2106370562936,59.9563189920651,68.8425983129828,63.334077266086,139.50238304861,-19.4544903056311,76.0369118684517,104.76078685531,105.897244243497,62.4482400877416,113.142603640985,140.047947550957,166.381481599669,227.951413934353,136.199373655307,232.794891888764,257.99679278597,286.411307509625,312.105667970595,295.422731277237,404.206189087836,372.060719130044,528.150606988024,495.617311717612,430.647913498129,603.956748547131,571.822353538305,574.372964006597,653.400713429241,393.542222610323,130.933240719683,372.248327841087,583.36539232171,511.851232797717,247.975960871268,-113.685179717422,400.125360789929,463.909253198227,89.9674153415381,95.2686211193841,323.615956488125,81.5459756689843,24.979163549575,117.66923148729,72.9771188042712,73.7603400267156,74.4747760941342,74.8143209502115,74.6083418042278,68.0545887981496,36.6831909159339,62.2015266401263,52.3160560703092,30.785599801167,48.8985373834491,27.733825460676,41.0534788420458,40.0398674352691,38.7935160668338,13.4774308552626,23.6604692127234,18.9348211142824
-5.35728961639858,21.666652092038,-28.4726728335004,30.9829896304566,44.1602496242252,39.3362875810748,117.078060167375,-24.34368553896,54.5015859937641,81.7293287516134,78.4410065439722,48.7272175369896,88.7704091615917,113.48973498289,142.333232602396,224.357680808654,121.632429847622,227.395798402803,260.617791320007,272.604031448278,307.463037963292,277.872857525659,417.7881849624,356.293610282775,554.751578277752,494.427969067586,453.977577708348,630.876475259374,535.350913814517,598.221990961823,650.905212656783,499.903642117584,209.882171103034,397.771388881438,574.493659110951,561.185465716651,442.871366422897,-72.9060239825007,413.082367327313,502.080061651478,239.835767035,191.958727460177,337.062869388771,109.127993680833,-11.5121901659242,66.7087616329946,21.3215147071913,12.191709054154,4.92440212438848,40.566477064435,34.4346377950706,17.4867688075808,0.703106630983373,19.089559962532,1.08545251072703,-17.3694657156749,11.6622464620254,-17.4675538657826,17.5527259069069,6.30428214777151,-0.863173414278303,-25.7667589234235,1.01646723635119,-15.448344794447
-25.833390941174,-15.8942352027373,-89.8099676409338,-5.58007184380865,8.48264654673315,20.6643760871574,85.1201123486938,-28.8484123172891,38.3187068691695,46.4076557772814,34.1346581770523,25.7009587224014,58.3801091468795,73.2123380701072,117.917417854975,219.311032546422,113.371890617279,213.524610732595,253.38653336563,255.32665371678,290.224411147245,270.304326239921,405.367661883676,324.934233805508,567.983963108915,449.668990631312,446.38394024476,590.408790850265,451.314848120816,546.836520476318,547.545699694883,525.966473005534,229.949837968767,359.200850261057,481.075736724752,481.061560649197,492.656982634125,-41.1408187382822,357.656304593687,435.557181257664,342.625189749664,258.109634649959,308.207002941243,129.131302945662,-83.7550942946875,12.0612438006706,-62.2921757505533,-60.5420176119207,-95.2748585064267,-40.7419496007709,-35.9181679221225,-65.2889243361331,-45.4931845064609,-50.5212224883191,-81.2872587970655,-82.2627628276627,-37.4480665213095,-74.6028488604887,-21.0452403846955,-39.9993899736232,-60.6090784526552,-75.358334410249,-38.8849760648325,-66.7570826245392
-6.65215611215507,-19.8894673770351,-89.8262209068197,6.60157554669226,13.7868340508537,47.445033750475,99.524397945464,-0.537116468323789,61.8731468226264,56.5572467226063,36.4016554571137,50.273885099731,78.306012836582,82.9246798293977,148.239432365338,257.147645893175,158.830032748625,235.932849628072,286.91530688691,286.478179715096,312.627780824109,318.963803182038,426.589182058143,340.596303663173,604.965317711475,444.909159926002,474.466271760705,560.154579883535,419.740863197493,519.514246772004,463.324690484481,494.592794139786,251.075743670339,348.495741707488,425.137438103497,375.279761215014,418.334193041268,-0.833280985578646,330.448033167223,377.69309421676,323.678864666716,278.17677246699,285.113843131814,154.241637167867,-112.044356813846,-9.89432912494004,-118.065701934505,-91.9860696849694,-139.433072352143,-104.884337007889,-70.5374518463131,-107.211229807616,-56.1301258053405,-83.4576407429329,-120.950656622444,-114.822633512587,-46.6846624277131,-87.5933301857822,-27.2940927738436,-49.2014722533973,-78.3215482693485,-84.8608937103416,-43.9096722392152,-79.736121280056
10.4333289663505,-12.5838092751711,-63.5510546472156,23.7359633966026,24.064132242885,68.5072764354365,111.608283381207,14.9741149266492,77.7917050612637,72.8264085242575,52.7801074316538,85.9355404273949,106.917614324543,104.374549328064,181.920296444546,295.07581759077,200.674665976881,251.004154296253,318.7027073801,314.591099621341,330.023010038488,357.010675283358,442.468972238603,362.020639935243,602.031121773912,444.97094691345,486.337526371903,503.748059810108,418.115680705892,476.974536043942,387.271018889327,403.65044804445,234.239162074669,345.152475514358,372.031690891537,287.687656380623,245.724027597066,-32.8501009013108,312.054429496143,347.319722959502,164.326338172664,140.187443953266,226.247866405769,110.15702762232,-129.694869152967,-39.8201616840285,-147.610914739552,-107.529406836575,-143.400313420461,-150.161053552732,-86.3698166624106,-126.314342978339,-71.2728139805932,-97.4094517250726,-132.968137267764,-145.889204564204,-48.2455597912287,-85.463115409361,-29.2304948515051,-50.5553643286001,-75.2199679921369,-85.7624777422992,-40.159778107095,-72.3941388897632
-9.28912395705062,-27.6134809186752,-93.2354444463519,0.0297136950112442,-1.45591734803761,46.0756334231865,74.1104443563779,-15.4059759328342,58.8779664396028,51.0685643599757,34.0425491721789,86.5791843458533,93.7098083349822,87.606176733844,167.216061570261,291.996718380522,190.083232214334,219.084015490611,301.644909681278,284.750474530005,291.704278973202,325.650188393837,390.276316439851,322.93722982754,511.881422322098,371.476948473075,414.790448511152,368.51006863258,337.495310150535,346.699015724336,252.158517270386,239.866899472181,141.673877645185,296.696479125864,242.399869188699,168.71653818541,28.3858519451714,-174.719658627602,246.574348098552,287.30551204983,-45.5846059649094,-164.632818076919,110.011083999913,-20.7362540961665,-190.2532290813,-103.884040273797,-166.445418762549,-141.770371305434,-154.821744749775,-198.546659494449,-122.602183384281,-159.675215402408,-123.063879287477,-127.112936287498,-159.890398210798,-196.588314655919,-75.8943349571312,-114.008256129777,-62.547728036626,-78.0954180273652,-94.1357431487258,-113.839578876273,-62.5677659830715,-85.6770349374866
